ParName   Value   Gradient
ln_R_ave(1)       12.289 -3.30738e-005
ln_rec_devs(1,1)     0.203636  7.3313e-007
ln_rec_devs(1,2)    -0.160409 1.60747e-006
ln_rec_devs(1,3)    -0.638415 1.52988e-007
ln_rec_devs(1,4)   -0.0683849 -2.24103e-006
ln_rec_devs(1,5)     0.659441 -4.89508e-006
ln_rec_devs(1,6)   -0.0969565 -1.67177e-006
ln_rec_devs(1,7)      0.29463 -1.04503e-007
ln_rec_devs(1,8)     0.597752 4.38929e-006
ln_rec_devs(1,9)        0.673 1.60998e-005
ln_rec_devs(1,10)     0.462669 -4.06225e-007
ln_rec_devs(1,11)     0.566325 3.27989e-006
ln_rec_devs(1,12)    -0.232676 2.25928e-006
ln_rec_devs(1,13)     0.198158 1.46354e-006
ln_rec_devs(1,14)     0.040097 3.47683e-006
ln_rec_devs(1,15)   -0.0119494 2.04198e-006
ln_rec_devs(1,16)    -0.349772 5.40178e-007
ln_rec_devs(1,17)     0.041168 1.37816e-006
ln_rec_devs(1,18)    0.0743246 -5.58104e-006
ln_rec_devs(1,19)    0.0134602 -5.11563e-006
ln_rec_devs(1,20)     0.134239 -1.77854e-006
ln_rec_devs(1,21)     0.428748 -2.78989e-006
ln_rec_devs(1,22)     0.242998 3.11707e-008
ln_rec_devs(1,23)     0.436209  3.0632e-006
ln_rec_devs(1,24)  0.000683137 -9.19583e-007
ln_rec_devs(1,25)   0.00832251 -1.94567e-006
ln_rec_devs(1,26)  -0.00346059 -1.48859e-006
ln_rec_devs(1,27)    -0.241044 4.45224e-007
ln_rec_devs(1,28)    -0.235714 -5.53551e-007
ln_rec_devs(1,29)    -0.149629 -2.04722e-006
ln_rec_devs(1,30)   -0.0464187 -1.54858e-006
ln_rec_devs(1,31)     0.318736 -2.17785e-006
ln_rec_devs(1,32)     0.210788 -1.9145e-007
ln_rec_devs(1,33)     0.326146 -5.5214e-006
ln_rec_devs(1,34)     0.143609 -2.42156e-006
ln_rec_devs(1,35)    -0.209288 -1.90632e-006
ln_rec_devs(1,36)   -0.0808855 -1.93337e-006
ln_rec_devs(1,37)    -0.305239 1.64683e-006
ln_rec_devs(1,38)   -0.0919575 -2.35492e-006
ln_rec_devs(1,39)     0.185863 2.93175e-006
ln_rec_devs(1,40)     0.171062 -2.25442e-006
ln_rec_devs(1,41)     0.506592 -2.49352e-006
ln_rec_devs(1,42)     0.187819 -2.56204e-006
ln_rec_devs(1,43)     0.369452 -8.83875e-006
ln_rec_devs(1,44)   -0.0916159 -1.68237e-006
ln_rec_devs(1,45)    0.0588249 2.60258e-006
ln_rec_devs(1,46)    0.0214682 -1.11974e-006
ln_rec_devs(1,47)     0.221812 -3.59432e-006
ln_rec_devs(1,48)    -0.322882 1.15244e-006
ln_rec_devs(1,49)    -0.103525 -1.96453e-006
ln_rec_devs(1,50)     0.571745 4.29754e-006
ln_rec_devs(1,51)     0.510088 -2.87792e-007
ln_rec_devs(1,52)      0.14416 -4.44288e-006
ln_rec_devs(1,53)     0.165239 4.31102e-007
ln_rec_devs(1,54)    0.0463622 -5.40238e-006
ln_rec_devs(1,55)     0.142677 -1.25897e-006
ln_rec_devs(1,56)     0.239819 -1.51428e-006
ln_rec_devs(1,57)  -0.00401094 -3.74392e-006
ln_rec_devs(1,58)    -0.316146 -2.84802e-006
ln_rec_devs(1,59)    -0.428948 -1.23163e-006
ln_rec_devs(1,60)    -0.259745 -4.45623e-006
ln_rec_devs(1,61)    -0.242016 -3.98988e-006
ln_rec_devs(1,62)     0.223957 -3.4043e-006
ln_rec_devs(1,63)     0.155191 -2.52177e-006
ln_rec_devs(1,64)    0.0193623 -2.13381e-006
ln_rec_devs(1,65)    0.0811684 -1.89292e-006
ln_rec_devs(1,66)    0.0517018 4.09478e-007
ln_rec_devs(1,67)    0.0178288 -1.77722e-007
ln_rec_devs(1,68)     0.660308 -3.6977e-006
ln_rec_devs(1,69)     0.427041 -1.81107e-006
ln_rec_devs(1,70)     0.569817 2.25062e-006
ln_rec_devs(1,71)     0.372423 1.14954e-006
ln_rec_devs(1,72)     0.864143 2.36687e-006
ln_rec_devs(1,73)     0.545708 -4.31831e-007
ln_rec_devs(1,74)     0.301676  2.7507e-007
ln_rec_devs(1,75)     0.157093 6.53376e-007
ln_rec_devs(1,76)     0.165358 -1.96861e-006
ln_rec_devs(1,77)    -0.148531 -1.01645e-006
ln_rec_devs(1,78)     0.385269 -4.54718e-006
ln_rec_devs(1,79)     0.233805 -2.35072e-006
ln_rec_devs(1,80)     0.491417 -2.17503e-006
ln_rec_devs(1,81)     0.611951 -3.00316e-006
ln_rec_devs(1,82)     0.185792 -2.01511e-006
ln_rec_devs(1,83)   -0.0410056 9.99347e-007
ln_rec_devs(1,84)    0.0932153 -3.16229e-008
ln_rec_devs(1,85)     0.280374 -2.27332e-006
ln_rec_devs(1,86)     0.468084 -2.21731e-006
ln_rec_devs(1,87)     0.119955 -3.35912e-006
ln_rec_devs(1,88)     0.327764 -1.6618e-006
ln_rec_devs(1,89)    0.0145417 6.16063e-007
ln_rec_devs(1,90)     0.447066 6.41185e-008
ln_rec_devs(1,91)     0.529701 3.80954e-007
ln_rec_devs(1,92)     0.396433 -2.60873e-007
ln_rec_devs(1,93)     0.616239 -1.64401e-006
ln_rec_devs(1,94)     0.361314 2.84636e-006
ln_rec_devs(1,95)     0.588843 1.97973e-006
ln_rec_devs(1,96)     0.294733 2.82738e-006
ln_rec_devs(1,97)      0.54515 1.37973e-006
ln_rec_devs(1,98)     0.108768 5.60123e-006
ln_rec_devs(1,99)     0.133199 4.53011e-006
ln_rec_devs(1,100)   -0.0647826 2.74401e-006
ln_rec_devs(1,101)    0.0412197 1.19909e-006
ln_rec_devs(1,102)      0.44773 2.41328e-006
ln_rec_devs(1,103)     0.212617 2.20379e-006
ln_rec_devs(1,104)    0.0220472 -2.53252e-006
ln_rec_devs(1,105)     0.290321 4.53239e-007
ln_rec_devs(1,106)    -0.161735 -3.39354e-007
ln_rec_devs(1,107)    -0.186896 -1.10724e-006
ln_rec_devs(1,108)     0.298235 -6.45756e-007
ln_rec_devs(1,109)     0.494866 -1.58304e-007
ln_rec_devs(1,110)     0.423008 1.56821e-006
ln_rec_devs(1,111)     0.672238 1.57241e-006
ln_rec_devs(1,112)     0.448764 1.59046e-006
ln_rec_devs(1,113)     0.727012 3.55481e-006
ln_rec_devs(1,114)      0.58068 2.32167e-006
ln_rec_devs(1,115)     0.215116 8.77318e-007
ln_rec_devs(1,116)     0.152759 4.57138e-006
ln_rec_devs(1,117)    0.0903654 2.06749e-006
ln_rec_devs(1,118)     0.194591 6.54808e-007
ln_rec_devs(1,119)     0.334381 -4.69167e-006
ln_rec_devs(1,120)   0.00556899 -2.93261e-006
ln_rec_devs(1,121)  -0.00773108 -1.86654e-006
ln_rec_devs(1,122)   -0.0978462 -1.92378e-006
ln_rec_devs(1,123)    -0.277234 -6.14981e-007
ln_rec_devs(1,124)    -0.336254 -4.7645e-007
ln_rec_devs(1,125)     0.185619 6.69679e-006
ln_rec_devs(1,126)     0.181364 1.77113e-006
ln_rec_devs(1,127)     0.290111 9.65431e-007
ln_rec_devs(1,128)    -0.246835 -4.97685e-007
ln_rec_devs(1,129)     0.302558 1.79854e-007
ln_rec_devs(1,130)      0.12777 2.37426e-007
ln_rec_devs(1,131)     0.114213 -6.01091e-007
ln_rec_devs(1,132)     0.411517 -2.91557e-007
ln_rec_devs(1,133)     0.327608 -1.41979e-006
ln_rec_devs(1,134)     0.395803 -1.62586e-006
ln_rec_devs(1,135)     0.894461 -9.70695e-006
ln_rec_devs(1,136)     0.433042 -2.33664e-006
ln_rec_devs(1,137)     0.438794 -1.61058e-006
ln_rec_devs(1,138)     0.128786 -1.26209e-007
ln_rec_devs(1,139)     0.455225 2.21691e-007
ln_rec_devs(1,140)     0.621021 -2.17995e-006
ln_rec_devs(1,141)     0.631098 -3.45762e-006
ln_rec_devs(1,142)     0.701244 -4.5443e-006
ln_rec_devs(1,143)     0.572257 -2.34734e-006
ln_rec_devs(1,144)     0.593023 -1.79197e-006
ln_rec_devs(1,145)      0.14733 -1.89464e-007
ln_rec_devs(1,146)    0.0357438 2.55131e-007
ln_rec_devs(1,147)      0.30854 4.18095e-007
ln_rec_devs(1,148)    -0.218635 -4.44271e-008
ln_rec_devs(1,149)    -0.136753 1.60041e-006
ln_rec_devs(1,150)   -0.0509711 6.48655e-007
ln_T_CNST(1,1)    -0.766002 -2.78386e-005
ln_T_CNST(2,1)      1.07189 2.51202e-005
log_sel_beta1(1,1)     0.727873 -7.08703e-006
log_sel_beta1(1,2)    0.0963052 2.19564e-006
log_sel_beta1(1,3)     0.273981 6.65972e-006
log_sel_beta1(1,4)    0.0199873 -1.75332e-005
log_sel_beta1(2,1)     0.693296 4.64999e-006
log_sel_beta1(2,2)    0.0339448 2.20057e-005
log_sel_beta1(2,3)     0.182783 -6.89938e-006
log_sel_beta1(2,4)    -0.971289 2.81872e-009
log_sel_beta2(1,1)      2.02571 -4.22988e-005
log_sel_beta2(1,2)      2.05666 3.67208e-006
log_sel_beta2(1,3)      1.98392 -2.87918e-005
log_sel_beta2(1,4)      1.93526 -6.52987e-006
log_sel_beta2(2,1)      1.93506 -0.000181163
log_sel_beta2(2,2)      2.17258 1.59421e-005
log_sel_beta2(2,3)      1.92379 1.51607e-005
log_sel_beta2(2,4)    -0.918609 7.99222e-009
log_sel_beta3(1,1)      -1.1431 5.75701e-007
log_sel_beta3(1,2)    -0.971143 2.83315e-009
log_sel_beta3(1,3)      -2.8446  -7.714e-007
log_sel_beta3(1,4)    -0.675583 2.39678e-006
log_sel_beta3(2,1)      2.98123 -5.11923e-006
log_sel_beta3(2,2)    -0.971143 2.83315e-009
log_sel_beta3(2,3)     -2.54348 5.55176e-007
log_sel_beta3(2,4)    -0.971143 2.83315e-009
log_sel_beta4(1,1)     -4.99998 1.85959e-006
log_sel_beta4(1,2)    -0.968905 3.05279e-009
log_sel_beta4(1,3)     -4.99982 -1.86349e-005
log_sel_beta4(1,4)     -4.99999 -3.23371e-007
log_sel_beta4(2,1)      2.40143 -0.000208487
log_sel_beta4(2,2)    -0.968905 3.05279e-009
log_sel_beta4(2,3)     -4.99987 1.69291e-005
log_sel_beta4(2,4)    -0.968905 3.05279e-009
ln_q(1,1)      -14.435 3.58199e-006
ln_F(1,1)     -5.54068 2.28777e-006
ln_F(1,2)     -6.96901 3.97345e-007
ln_F(1,3)     -12.1592 6.36037e-007
ln_F(1,4)     -5.98951  1.7163e-006
ln_F(2,1)     -5.05121  2.5864e-006
ln_F(2,2)     -7.82821 -2.81315e-007
ln_F(2,3)     -12.0657 -1.11934e-006
ln_F(2,4)     -4.70307 9.25014e-007
ln_F(3,1)     -4.87684  3.0818e-006
ln_F(3,2)     -6.10585 3.99146e-007
ln_F(3,3)     -12.0055 -8.1076e-007
ln_F(3,4)     -5.98081 -4.90969e-008
ln_F(4,1)     -4.75234 1.68157e-006
ln_F(4,2)     -6.52809 1.10605e-007
ln_F(4,3)     -5.96372 1.29445e-006
ln_F(4,4)     -9.00901 -5.42068e-008
ln_F(5,1)      -4.9637 1.31205e-006
ln_F(5,2)     -6.75502 9.87623e-008
ln_F(5,3)     -5.51099 4.28866e-007
ln_F(5,4)     -9.00901 -5.42068e-008
ln_F(6,1)     -4.59126 9.94588e-007
ln_F(6,2)     -7.09333 4.29365e-008
ln_F(6,3)     -4.57291 -4.96471e-007
ln_F(6,4)     -9.00901 -5.42068e-008
ln_F(7,1)     -4.73534 1.15583e-007
ln_F(7,2)     -6.83439 9.86315e-007
ln_F(7,3)     -6.40896 -3.4127e-008
ln_F(7,4)     -9.00901 -5.42068e-008
ln_F(8,1)     -4.99425 2.97492e-007
ln_F(8,2)     -7.00883 5.92095e-007
ln_F(8,3)     -5.57318 7.80172e-007
ln_F(8,4)     -9.00901 -5.42068e-008
ln_F(9,1)     -5.49024 -4.03798e-010
ln_F(9,2)     -7.42141 -7.44801e-007
ln_F(9,3)     -5.94847 -2.56918e-007
ln_F(9,4)     -9.00901 -5.42068e-008
ln_F(10,1)     -5.08528 -6.97718e-007
ln_F(10,2)     -7.83318 -7.3877e-007
ln_F(10,3)     -4.60189 1.09771e-006
ln_F(10,4)     -9.00901 -5.42068e-008
ln_F(11,1)      -4.9479  4.8724e-009
ln_F(11,2)     -7.03694 1.02392e-007
ln_F(11,3)     -7.13733 -3.52838e-007
ln_F(11,4)     -9.00901 -5.42068e-008
ln_F(12,1)     -4.88627 -1.60317e-007
ln_F(12,2)     -6.99285 -1.27864e-006
ln_F(12,3)     -5.40403 -1.76511e-007
ln_F(12,4)     -8.64444 -3.07699e-007
ln_F(13,1)     -5.29057   8.273e-007
ln_F(13,2)     -6.82997 3.24065e-007
ln_F(13,3)     -5.53612 -6.40346e-007
ln_F(13,4)      -8.7145 -1.32227e-006
ln_F(14,1)     -4.99279 -2.05682e-007
ln_F(14,2)     -6.92352 3.01399e-007
ln_F(14,3)     -4.72477 5.91797e-007
ln_F(14,4)     -8.75812 1.86159e-007
ln_F(15,1)     -5.09447  9.1052e-007
ln_F(15,2)     -6.63414 -3.86073e-007
ln_F(15,3)     -6.38273  1.9696e-007
ln_F(15,4)     -8.84272 2.83715e-007
ln_F(16,1)     -5.71931 -1.23251e-006
ln_F(16,2)     -6.56876 5.53485e-007
ln_F(16,3)     -5.67119 -2.66787e-007
ln_F(16,4)     -10.2648 2.64689e-007
ln_F(17,1)     -5.80101 4.69122e-007
ln_F(17,2)     -6.25418 1.09899e-006
ln_F(17,3)     -6.43862  8.4639e-007
ln_F(17,4)     -10.2576 -7.2292e-007
ln_F(18,1)     -5.64479 8.51642e-007
ln_F(18,2)     -6.61756 6.28713e-008
ln_F(18,3)     -4.47848 2.60534e-008
ln_F(18,4)     -10.1583 5.16077e-008
ln_F(19,1)     -5.42917 9.12311e-009
ln_F(19,2)     -6.01864 2.30678e-007
ln_F(19,3)     -5.63157 -4.21484e-007
ln_F(19,4)     -10.0941 -4.95362e-007
ln_F(20,1)     -5.93336  8.4547e-008
ln_F(20,2)      -6.8205 4.91127e-007
ln_F(20,3)     -4.75305 2.48634e-007
ln_F(20,4)     -9.00901 -5.42068e-008
ln_F(21,1)     -5.91203 5.79983e-007
ln_F(21,2)     -6.49054 -1.94987e-007
ln_F(21,3)     -4.04573  5.9096e-007
ln_F(21,4)     -9.00901 -5.42068e-008
ln_F(22,1)     -5.70841 8.48116e-007
ln_F(22,2)     -6.67955 5.09538e-007
ln_F(22,3)      -3.9824 1.11812e-006
ln_F(22,4)     -9.00901 -5.42068e-008
ln_F(23,1)     -5.62833 8.09144e-007
ln_F(23,2)     -6.47866 6.73706e-007
ln_F(23,3)     -4.66169 5.93834e-007
ln_F(23,4)     -9.00901 -5.42068e-008
ln_F(24,1)     -5.53785 3.98519e-007
ln_F(24,2)     -6.62972  3.2926e-007
ln_F(24,3)     -3.96286 5.49699e-007
ln_F(24,4)     -9.00901 -5.42068e-008
ln_F(25,1)     -5.48594 4.07802e-007
ln_F(25,2)     -6.69933 2.51857e-007
ln_F(25,3)     -3.77979 3.01518e-007
ln_F(25,4)     -9.00901 -5.42068e-008
ln_F(26,1)     -5.25646 4.32206e-007
ln_F(26,2)     -7.33416 4.76565e-007
ln_F(26,3)     -3.72237 1.40777e-006
ln_F(26,4)     -9.00901 -5.42068e-008
ln_F(27,1)     -5.08659 3.07005e-008
ln_F(27,2)     -6.90365 -7.85816e-007
ln_F(27,3)      -3.0285 6.87295e-007
ln_F(27,4)     -9.00901 -5.42068e-008
ln_F(28,1)     -5.45598 -6.83521e-007
ln_F(28,2)      -6.7092 9.88428e-008
ln_F(28,3)     -3.96895  6.4704e-007
ln_F(28,4)     -9.00901 -5.42068e-008
ln_F(29,1)     -5.59386 -6.97206e-007
ln_F(29,2)     -6.79269 -4.92126e-007
ln_F(29,3)     -4.48379 1.34994e-007
ln_F(29,4)     -9.00901 -5.42068e-008
ln_F(30,1)     -5.42996 -1.43007e-006
ln_F(30,2)     -6.85332 -7.83233e-007
ln_F(30,3)     -3.74428 -4.20308e-007
ln_F(30,4)     -9.00901 -5.42068e-008
ln_F(31,1)     -5.30142 -1.63786e-007
ln_F(31,2)      -6.1024 -1.16285e-007
ln_F(31,3)     -3.24959 6.81301e-007
ln_F(31,4)     -9.00901 -5.42068e-008
ln_F(32,1)     -5.38111 -9.20844e-007
ln_F(32,2)     -5.88722 -2.97234e-007
ln_F(32,3)     -3.88153 1.27844e-007
ln_F(32,4)     -9.00901 -5.42068e-008
ln_F(33,1)     -5.54305 -7.62601e-007
ln_F(33,2)     -5.85674 -6.23307e-007
ln_F(33,3)     -4.45461 1.15444e-006
ln_F(33,4)     -9.00901 -5.42068e-008
ln_F(34,1)     -5.42161 6.01686e-008
ln_F(34,2)     -6.67804 -5.97945e-007
ln_F(34,3)     -4.47631 -1.77645e-007
ln_F(34,4)     -9.00901 -5.42068e-008
ln_F(35,1)     -5.14981 2.71121e-007
ln_F(35,2)     -5.68315 -6.52196e-007
ln_F(35,3)      -4.1901 2.29013e-007
ln_F(35,4)     -9.00901 -5.42068e-008
ln_F(36,1)     -4.83101 -1.13961e-006
ln_F(36,2)      -5.7933 3.10864e-007
ln_F(36,3)     -4.07967 1.37831e-007
ln_F(36,4)     -9.00901 -5.42068e-008
ln_F(37,1)     -4.98918 -3.8243e-007
ln_F(37,2)     -6.37372 -3.68368e-008
ln_F(37,3)     -4.22498 1.15087e-006
ln_F(37,4)     -9.00901 -5.42068e-008
ln_F(38,1)      -4.8411 -9.88917e-007
ln_F(38,2)     -6.44026 -6.43855e-007
ln_F(38,3)     -3.74397 7.48402e-007
ln_F(38,4)     -9.00901 -5.42068e-008
ln_F(39,1)      -4.8568 -2.49174e-007
ln_F(39,2)      -5.2598 6.50747e-007
ln_F(39,3)     -4.10127 4.73142e-007
ln_F(39,4)     -9.00901 -5.42068e-008
ln_F(40,1)     -4.60831 -1.49216e-008
ln_F(40,2)     -5.68434 -1.17889e-006
ln_F(40,3)     -3.69181  3.5647e-007
ln_F(40,4)     -9.00901 -5.42068e-008
ln_F(41,1)     -5.07323 3.46754e-008
ln_F(41,2)     -5.72616 3.51775e-007
ln_F(41,3)     -4.09717 6.67139e-007
ln_F(41,4)     -9.00901 -5.42068e-008
ln_F(42,1)     -4.66313 -9.73824e-007
ln_F(42,2)      -6.0804 -6.52648e-009
ln_F(42,3)     -3.40528 5.99853e-007
ln_F(42,4)     -9.00901 -5.42068e-008
ln_F(43,1)     -4.42238 8.63994e-007
ln_F(43,2)     -5.48035 2.52116e-007
ln_F(43,3)     -3.08843 6.93229e-007
ln_F(43,4)     -9.00901 -5.42068e-008
ln_F(44,1)     -4.39166 -9.85341e-008
ln_F(44,2)     -6.46004 -2.78276e-007
ln_F(44,3)     -3.32267  7.8044e-007
ln_F(44,4)     -9.00901 -5.42068e-008
ln_F(45,1)     -4.59086 -6.01173e-007
ln_F(45,2)     -6.35069 -1.51193e-007
ln_F(45,3)     -3.65991  1.8934e-007
ln_F(45,4)     -9.00901 -5.42068e-008
ln_F(46,1)     -4.18506  8.1964e-008
ln_F(46,2)     -6.44915 -6.82816e-007
ln_F(46,3)     -3.49857  6.4064e-007
ln_F(46,4)     -9.00901 -5.42068e-008
ln_F(47,1)     -4.09951 4.58183e-007
ln_F(47,2)     -5.03454 -7.8945e-007
ln_F(47,3)     -3.60288 1.93248e-007
ln_F(47,4)     -9.00901 -5.42068e-008
ln_F(48,1)     -4.48416 -8.44266e-007
ln_F(48,2)     -4.60304 4.23392e-007
ln_F(48,3)      -3.1551 3.84001e-007
ln_F(48,4)     -6.10081 -3.66193e-007
ln_F(49,1)     -4.78777 -6.20905e-007
ln_F(49,2)     -5.58088 4.05927e-007
ln_F(49,3)      -3.9479 -8.87056e-008
ln_F(49,4)     -7.17172 9.21454e-007
ln_F(50,1)      -4.9037 -6.40221e-007
ln_F(50,2)     -6.25794 4.59103e-008
ln_F(50,3)     -3.44268 7.51892e-007
ln_F(50,4)     -5.46088 2.23218e-007
ln_F(51,1)     -4.18266 1.42733e-008
ln_F(51,2)      -6.1397 1.53209e-007
ln_F(51,3)      -3.5551 1.74116e-007
ln_F(51,4)     -5.07133 2.79048e-007
ln_F(52,1)     -4.39203 2.97005e-007
ln_F(52,2)     -5.55964  5.8577e-007
ln_F(52,3)     -4.16174 -2.47021e-007
ln_F(52,4)     -5.39587 5.77144e-008
ln_F(53,1)     -4.68121 3.41311e-007
ln_F(53,2)     -5.67098 1.15389e-006
ln_F(53,3)     -4.47194 -4.13525e-007
ln_F(53,4)     -6.83908 -7.36907e-007
ln_F(54,1)     -4.86693 -6.15627e-007
ln_F(54,2)     -6.07185 -5.77364e-007
ln_F(54,3)     -3.79699  7.3828e-007
ln_F(54,4)     -4.10077 -6.18996e-007
ln_F(55,1)     -4.55763  2.5315e-007
ln_F(55,2)     -6.51759 -5.24267e-007
ln_F(55,3)     -3.94784 -5.8786e-008
ln_F(55,4)     -5.24872 -5.39015e-007
ln_F(56,1)     -4.74742 1.22806e-007
ln_F(56,2)     -4.97949 9.07428e-007
ln_F(56,3)     -4.08093 -8.4273e-008
ln_F(56,4)     -5.10376 -9.74524e-008
ln_F(57,1)     -4.14768 -3.33246e-007
ln_F(57,2)     -4.82829 3.43045e-007
ln_F(57,3)     -3.98257 3.32315e-007
ln_F(57,4)     -6.40874 -8.66516e-008
ln_F(58,1)     -4.60021 4.38303e-008
ln_F(58,2)     -4.98737 -8.40752e-007
ln_F(58,3)     -3.89886 1.66099e-006
ln_F(58,4)     -4.72448 1.01342e-008
ln_F(59,1)     -4.03662  -3.395e-008
ln_F(59,2)      -5.1267 -2.84275e-007
ln_F(59,3)     -3.96159 9.85383e-007
ln_F(59,4)     -4.94294     3.3e-007
ln_F(60,1)     -4.28251 -1.06545e-006
ln_F(60,2)     -4.15295 -5.00709e-008
ln_F(60,3)      -3.6621 3.79491e-007
ln_F(60,4)     -5.55074 8.95025e-007
ln_F(61,1)     -4.24969 1.86985e-007
ln_F(61,2)     -3.49135 4.34815e-007
ln_F(61,3)     -4.42903 4.51075e-007
ln_F(61,4)     -5.43964 -5.07754e-007
ln_F(62,1)     -4.69807 -1.4018e-006
ln_F(62,2)      -3.9154 1.15029e-006
ln_F(62,3)     -3.66141  8.6128e-007
ln_F(62,4)     -4.32241 -7.98262e-008
ln_F(63,1)     -3.94151 3.28966e-007
ln_F(63,2)     -4.44946 8.47306e-007
ln_F(63,3)     -3.84369 9.15491e-007
ln_F(63,4)     -4.04876 1.76857e-008
ln_F(64,1)     -4.14694  6.1742e-007
ln_F(64,2)     -5.09308 -1.29892e-007
ln_F(64,3)      -3.4568 4.50471e-007
ln_F(64,4)     -3.61683 -2.8274e-009
ln_F(65,1)     -3.64141 3.26929e-007
ln_F(65,2)     -4.58104 -7.63285e-007
ln_F(65,3)     -3.98023 1.32072e-007
ln_F(65,4)     -3.51916  2.2507e-007
ln_F(66,1)      -3.7536 5.27461e-007
ln_F(66,2)      -5.4842 -2.12059e-007
ln_F(66,3)     -3.31031 4.28698e-007
ln_F(66,4)     -3.38201 -2.95017e-007
ln_F(67,1)     -3.39327  -2.056e-008
ln_F(67,2)     -5.84374 8.90395e-008
ln_F(67,3)      -3.4313 7.87579e-008
ln_F(67,4)     -4.16864 2.63975e-008
ln_F(68,1)     -3.61812 2.33939e-007
ln_F(68,2)     -5.64604 5.79953e-007
ln_F(68,3)     -2.94315 8.44003e-008
ln_F(68,4)     -3.44491 -1.50457e-006
ln_F(69,1)     -3.08846  4.1942e-007
ln_F(69,2)     -4.62081 -8.21939e-007
ln_F(69,3)     -2.97051 -2.61258e-007
ln_F(69,4)     -3.99946 2.66543e-007
ln_F(70,1)     -3.49533 -4.46317e-007
ln_F(70,2)     -5.89167 -1.64196e-007
ln_F(70,3)     -2.99401 2.69554e-007
ln_F(70,4)     -3.75372 -1.65127e-007
ln_F(71,1)     -3.43524 1.98166e-007
ln_F(71,2)     -5.15586 -7.81202e-007
ln_F(71,3)     -3.32106 -5.41537e-007
ln_F(71,4)     -3.79351  8.1501e-007
ln_F(72,1)     -3.95525 -8.31713e-008
ln_F(72,2)     -4.92018 -6.70571e-007
ln_F(72,3)     -3.72531 4.03869e-007
ln_F(72,4)     -4.02306  1.0691e-006
ln_F(73,1)     -3.44838  2.4883e-007
ln_F(73,2)     -4.40808 -1.31331e-007
ln_F(73,3)      -3.7866 -1.29497e-007
ln_F(73,4)     -4.26894  5.9713e-007
ln_F(74,1)     -3.89246 6.70747e-008
ln_F(74,2)     -5.95924 4.94488e-007
ln_F(74,3)     -2.58596 8.08595e-007
ln_F(74,4)     -4.23691 -3.10835e-007
ln_F(75,1)     -3.42127 6.57758e-007
ln_F(75,2)     -5.48946 6.62196e-007
ln_F(75,3)     -2.38714 4.58476e-007
ln_F(75,4)     -4.44581 6.43685e-008
ln_F(76,1)     -3.99413 7.10878e-007
ln_F(76,2)     -5.25662 8.07886e-008
ln_F(76,3)     -2.86424 9.11222e-008
ln_F(76,4)     -4.79327 -1.83317e-007
ln_F(77,1)      -3.8476 -4.05632e-007
ln_F(77,2)     -5.51757   3.016e-007
ln_F(77,3)     -3.25543 -1.79018e-007
ln_F(77,4)     -4.98735 3.68932e-007
ln_F(78,1)      -4.3292 -9.52411e-009
ln_F(78,2)     -6.22758 1.09308e-006
ln_F(78,3)     -2.81314   4.029e-007
ln_F(78,4)     -4.37936 2.62298e-007
ln_F(79,1)      -3.4552 -1.93218e-007
ln_F(79,2)     -5.11611 1.24892e-007
ln_F(79,3)     -2.59903 7.84984e-007
ln_F(79,4)     -4.47357 4.98271e-007
ln_F(80,1)     -4.29499 3.71846e-007
ln_F(80,2)     -5.08448 5.09604e-007
ln_F(80,3)     -4.00238 3.11978e-007
ln_F(80,4)     -4.15946 -6.68108e-007
ln_F(81,1)      -3.7042 -2.57083e-007
ln_F(81,2)     -5.40307 4.88091e-007
ln_F(81,3)      -3.5912 1.00164e-006
ln_F(81,4)     -4.45522 1.22646e-007
ln_F(82,1)     -4.55279 9.29144e-007
ln_F(82,2)       -6.002 2.53594e-007
ln_F(82,3)     -3.50912  5.0421e-007
ln_F(82,4)     -4.30233   3.151e-008
ln_F(83,1)     -3.95309 2.95232e-007
ln_F(83,2)     -5.35475 3.85396e-007
ln_F(83,3)     -3.71852  8.7775e-007
ln_F(83,4)     -3.79389 3.65474e-007
ln_F(84,1)     -3.82082 2.63576e-007
ln_F(84,2)     -5.28543 -1.7575e-007
ln_F(84,3)     -3.15394 5.09151e-008
ln_F(84,4)     -4.59217 1.10605e-006
ln_F(85,1)      -3.4347 3.50668e-007
ln_F(85,2)     -5.63781 -4.34374e-007
ln_F(85,3)     -2.87362 -3.61781e-007
ln_F(85,4)     -5.10804 -9.0412e-007
ln_F(86,1)      -3.9567 -2.76072e-007
ln_F(86,2)     -5.65663 -9.41572e-008
ln_F(86,3)     -2.45004 9.07083e-007
ln_F(86,4)     -4.93012 -6.69375e-008
ln_F(87,1)     -3.66431 -1.72548e-007
ln_F(87,2)     -5.46729 -2.22148e-007
ln_F(87,3)     -2.52632 4.41478e-007
ln_F(87,4)     -5.40279 -5.94586e-007
ln_F(88,1)     -4.16029 -2.66317e-007
ln_F(88,2)     -5.35789 3.37877e-007
ln_F(88,3)     -3.54304 4.12395e-008
ln_F(88,4)     -5.54498 -2.93434e-007
ln_F(89,1)      -3.8903 2.03372e-007
ln_F(89,2)     -5.53334 1.64829e-007
ln_F(89,3)     -3.33867 1.49342e-007
ln_F(89,4)      -4.4904 -2.36192e-007
ln_F(90,1)     -3.86374 -2.33883e-007
ln_F(90,2)     -5.69184 -7.27315e-007
ln_F(90,3)     -2.62246 2.56128e-007
ln_F(90,4)     -3.83738 -2.11988e-007
ln_F(91,1)     -3.32773 1.16321e-009
ln_F(91,2)     -5.82624 -5.74102e-007
ln_F(91,3)     -3.08342  5.0884e-007
ln_F(91,4)      -4.9409 -6.50978e-007
ln_F(92,1)     -3.96155 1.29992e-007
ln_F(92,2)     -5.33592 -1.16883e-007
ln_F(92,3)     -3.29708 -2.3453e-007
ln_F(92,4)     -4.67768 -5.9094e-007
ln_F(93,1)     -3.61471 -5.33893e-007
ln_F(93,2)     -5.62967 -1.01708e-007
ln_F(93,3)     -3.43212 4.14312e-007
ln_F(93,4)     -5.03192 6.61355e-007
ln_F(94,1)     -4.46957 3.76299e-007
ln_F(94,2)     -5.97554 -1.28867e-007
ln_F(94,3)      -3.0443 -5.64524e-007
ln_F(94,4)     -4.05017 -6.68213e-007
ln_F(95,1)     -3.49602 -4.13813e-007
ln_F(95,2)     -5.49358 9.70502e-007
ln_F(95,3)     -3.06648   9.218e-008
ln_F(95,4)     -4.38176 -3.30731e-007
ln_F(96,1)     -3.10265 -3.63211e-007
ln_F(96,2)     -5.04722 3.26414e-007
ln_F(96,3)     -3.40016 -3.92512e-007
ln_F(96,4)     -4.83863 -9.00249e-007
ln_F(97,1)     -3.23837 -3.33327e-007
ln_F(97,2)     -5.26142 -4.79153e-007
ln_F(97,3)     -3.37381 2.14243e-007
ln_F(97,4)     -4.25173 5.07746e-007
ln_F(98,1)     -3.86677 -5.69301e-007
ln_F(98,2)     -6.16716 2.56071e-007
ln_F(98,3)     -2.61076 -8.99089e-008
ln_F(98,4)     -3.67801 -3.52062e-007
ln_F(99,1)     -3.08327 -4.40319e-007
ln_F(99,2)     -6.06137 -7.99899e-007
ln_F(99,3)     -2.45434 1.27972e-007
ln_F(99,4)     -4.67481 1.29443e-007
ln_F(100,1)     -3.53735 -2.77172e-007
ln_F(100,2)     -5.27359 -9.82525e-007
ln_F(100,3)     -2.74861 -2.30951e-008
ln_F(100,4)     -4.84849 5.89708e-007
ln_F(101,1)     -3.30684 -1.04249e-006
ln_F(101,2)     -5.00539 -4.20212e-007
ln_F(101,3)     -3.32076 -3.55658e-007
ln_F(101,4)     -5.27917 9.47545e-007
ln_F(102,1)      -3.8021 -3.31508e-007
ln_F(102,2)      -5.7081 -1.24214e-006
ln_F(102,3)     -2.81487 -4.13954e-007
ln_F(102,4)     -3.84553  2.4908e-007
ln_F(103,1)     -2.85796 -1.1155e-007
ln_F(103,2)     -5.25032 1.62063e-007
ln_F(103,3)     -2.57966 -5.13952e-008
ln_F(103,4)     -4.16185 6.68433e-007
ln_F(104,1)      -2.8922 4.47392e-008
ln_F(104,2)     -4.22697 7.45953e-007
ln_F(104,3)      -3.1508 1.14945e-007
ln_F(104,4)     -4.47326 7.55549e-008
ln_F(105,1)     -3.39786 7.95318e-009
ln_F(105,2)     -3.55554 5.80641e-007
ln_F(105,3)     -3.06103 -6.46617e-007
ln_F(105,4)     -4.53362 -7.88926e-008
ln_F(106,1)     -3.19813  2.4896e-008
ln_F(106,2)     -5.11853 3.67012e-007
ln_F(106,3)     -2.65426 -4.65668e-007
ln_F(106,4)     -4.12984  7.4195e-007
ln_F(107,1)     -2.82913 1.08649e-006
ln_F(107,2)     -4.11559 -3.72828e-008
ln_F(107,3)     -2.39018 -5.7314e-007
ln_F(107,4)     -3.97108 5.22506e-008
ln_F(108,1)     -3.25832 1.87905e-007
ln_F(108,2)     -4.18877 5.06938e-007
ln_F(108,3)     -2.88481 -8.71504e-007
ln_F(108,4)        -4.05 1.01009e-007
ln_F(109,1)     -3.31578 -2.08401e-007
ln_F(109,2)     -3.95395 4.49562e-007
ln_F(109,3)     -3.28232 -1.93983e-007
ln_F(109,4)     -4.23706 -1.60092e-007
ln_F(110,1)     -3.78038 -7.73027e-007
ln_F(110,2)     -5.42812 5.49483e-007
ln_F(110,3)     -2.64323 -1.87009e-007
ln_F(110,4)     -3.74397 1.17915e-007
ln_F(111,1)     -3.79349 4.75312e-007
ln_F(111,2)     -4.74598 2.34457e-007
ln_F(111,3)     -2.85567 -1.1133e-006
ln_F(111,4)     -3.92331 -5.22245e-007
ln_F(112,1)     -2.81328 2.69455e-007
ln_F(112,2)      -4.2719 2.92703e-007
ln_F(112,3)     -2.93139 -5.84493e-007
ln_F(112,4)     -4.24556 -1.36812e-007
ln_F(113,1)     -3.37176 -5.40009e-007
ln_F(113,2)     -4.48755 1.59255e-007
ln_F(113,3)     -3.30878 -3.02933e-007
ln_F(113,4)     -4.03376 -3.75402e-007
ln_F(114,1)     -3.51314 -1.88671e-007
ln_F(114,2)     -5.15024 -4.8168e-007
ln_F(114,3)     -2.77994 -9.63286e-007
ln_F(114,4)     -4.13164 -1.51874e-007
ln_F(115,1)     -3.21804 -9.54154e-007
ln_F(115,2)     -4.87049 4.47158e-007
ln_F(115,3)     -2.73342 2.79735e-007
ln_F(115,4)     -4.25672 -1.36203e-006
ln_F(116,1)     -3.53662 -1.60806e-007
ln_F(116,2)     -4.92649 8.27751e-007
ln_F(116,3)     -3.73677 3.98119e-007
ln_F(116,4)      -4.1672 -1.53309e-007
ln_F(117,1)     -3.60571 -7.62864e-007
ln_F(117,2)     -5.03394 2.37223e-007
ln_F(117,3)      -4.1507 -4.14584e-007
ln_F(117,4)     -4.27657 -9.41472e-008
ln_F(118,1)     -3.91877  1.5103e-007
ln_F(118,2)     -6.79665 6.11515e-007
ln_F(118,3)     -3.48045 -8.54481e-008
ln_F(118,4)     -4.26977 5.18921e-008
ln_F(119,1)     -3.86473 8.11165e-007
ln_F(119,2)      -6.1874 1.32643e-007
ln_F(119,3)     -3.60395 -7.14758e-007
ln_F(119,4)     -3.86144 -4.30784e-007
ln_F(120,1)      -3.9933 -8.45064e-008
ln_F(120,2)     -5.52049 -2.95707e-007
ln_F(120,3)     -4.03154 -1.01106e-006
ln_F(120,4)     -4.24182 -2.43722e-007
ln_F(121,1)       -4.339 1.15835e-007
ln_F(121,2)     -6.24006 5.65306e-007
ln_F(121,3)     -3.97746  3.5709e-008
ln_F(121,4)     -3.90099 2.79715e-007
ln_F(122,1)     -4.39919 -8.31253e-008
ln_F(122,2)     -7.38641 3.82716e-007
ln_F(122,3)     -2.99461 -6.83063e-007
ln_F(122,4)     -3.39404 3.32131e-007
ln_F(123,1)      -4.3798 -2.47562e-007
ln_F(123,2)     -6.79282 9.95923e-008
ln_F(123,3)     -3.16907 -4.8059e-007
ln_F(123,4)     -3.79689 6.81132e-008
ln_F(124,1)      -4.2059 3.80162e-008
ln_F(124,2)     -6.48459 -4.38517e-007
ln_F(124,3)      -3.4279 -2.01571e-007
ln_F(124,4)      -4.1124 2.86437e-007
ln_F(125,1)     -3.35869 -2.69243e-007
ln_F(125,2)     -6.31563 8.20115e-008
ln_F(125,3)      -3.9005 1.28453e-007
ln_F(125,4)     -3.59253 1.21521e-007
ln_F(126,1)     -4.12396 -3.79852e-007
ln_F(126,2)     -6.97853 -1.05034e-007
ln_F(126,3)     -2.91113 -9.74199e-007
ln_F(126,4)     -3.53322 5.54636e-007
ln_F(127,1)     -3.60671 -1.0213e-007
ln_F(127,2)     -6.54818 -1.07725e-006
ln_F(127,3)     -3.16955 -2.60481e-007
ln_F(127,4)     -3.94221 -2.12859e-007
ln_F(128,1)     -3.07711 -7.56888e-008
ln_F(128,2)     -6.51827 -3.40947e-007
ln_F(128,3)     -2.82474 -1.20441e-006
ln_F(128,4)     -3.86286  4.3073e-007
ln_F(129,1)     -3.31779 -1.3238e-006
ln_F(129,2)     -7.04793 -3.26449e-007
ln_F(129,3)     -3.23472 -4.97077e-007
ln_F(129,4)      -3.7178 2.34916e-007
ln_F(130,1)     -3.47948 6.92691e-007
ln_F(130,2)     -6.72528 -8.71982e-008
ln_F(130,3)     -2.45302 2.21553e-008
ln_F(130,4)     -4.06271 -3.02998e-007
ln_F(131,1)     -3.38533 4.82479e-007
ln_F(131,2)     -5.79724 4.74471e-007
ln_F(131,3)      -2.5961 6.55066e-007
ln_F(131,4)     -3.82595 3.69761e-007
ln_F(132,1)     -3.54662 3.21495e-007
ln_F(132,2)     -6.64597 -1.9477e-007
ln_F(132,3)      -2.8482 1.77245e-008
ln_F(132,4)     -4.60871 6.02711e-007
ln_F(133,1)     -3.14361 -1.34364e-007
ln_F(133,2)     -6.54616 -3.38506e-007
ln_F(133,3)     -3.42479 -5.93023e-007
ln_F(133,4)     -4.35785 5.17114e-007
ln_F(134,1)      -3.4442 3.55688e-007
ln_F(134,2)     -6.20383 5.16749e-007
ln_F(134,3)      -2.5019 1.32023e-007
ln_F(134,4)     -3.60743 7.48915e-007
ln_F(135,1)     -3.06919 -6.6735e-007
ln_F(135,2)     -5.40796 2.57915e-007
ln_F(135,3)     -2.24631 -2.9565e-007
ln_F(135,4)     -4.24673 9.02034e-007
ln_F(136,1)      -2.7487 -4.66919e-007
ln_F(136,2)     -5.79513 5.07857e-007
ln_F(136,3)     -2.37076 -6.26036e-007
ln_F(136,4)     -2.54183 2.87468e-007
ln_F(137,1)     -3.22654 -5.6602e-007
ln_F(137,2)     -5.83179 -1.02583e-007
ln_F(137,3)     -3.26145 -7.47846e-007
ln_F(137,4)     -3.87072 9.32798e-008
ln_F(138,1)     -3.12168 -2.17062e-008
ln_F(138,2)     -6.96878 1.43649e-007
ln_F(138,3)     -2.74766 -9.94027e-007
ln_F(138,4)     -3.87925 4.79832e-007
ln_F(139,1)     -3.05348 3.13244e-007
ln_F(139,2)     -5.99358 -6.29719e-008
ln_F(139,3)     -2.64749 -7.96054e-007
ln_F(139,4)     -3.42197 -3.91164e-008
ln_F(140,1)     -2.96945 6.96542e-009
ln_F(140,2)     -5.83245  3.8803e-007
ln_F(140,3)     -2.20751 -4.02466e-007
ln_F(140,4)     -3.28113 1.22413e-007
ln_F(141,1)     -3.40412 1.17019e-007
ln_F(141,2)     -6.33646 -9.43499e-008
ln_F(141,3)     -3.03312 -8.14604e-007
ln_F(141,4)     -3.94142  1.7231e-007
ln_F(142,1)     -3.16102 -3.83921e-007
ln_F(142,2)     -7.63199 -1.3229e-008
ln_F(142,3)     -2.19122 2.91688e-008
ln_F(142,4)     -3.42998 3.67665e-007
ln_F(143,1)     -2.30336 1.80178e-007
ln_F(143,2)     -5.86026 -3.4443e-007
ln_F(143,3)     -2.35771 3.67293e-007
ln_F(143,4)     -3.06751 7.84207e-007
ln_F(144,1)     -2.44021 8.79905e-007
ln_F(144,2)     -5.68235 9.01214e-007
ln_F(144,3)     -2.29719  3.2088e-007
ln_F(144,4)     -3.63678 1.89145e-008
ln_F(145,1)     -2.37765  8.3692e-007
ln_F(145,2)     -6.22877 3.73407e-007
ln_F(145,3)     -2.96199 9.04248e-007
ln_F(145,4)     -3.45123 2.91345e-007
ln_F(146,1)     -2.40768   2.931e-007
ln_F(146,2)     -7.77349 -2.81673e-007
ln_F(146,3)     -2.37985 7.00259e-007
ln_F(146,4)     -3.77231 1.39559e-006
ln_F(147,1)     -2.01209 1.18279e-006
ln_F(147,2)     -5.79851 3.25593e-008
ln_F(147,3)     -2.46978 7.00521e-007
ln_F(147,4)      -3.6235 1.12265e-006
ln_F(148,1)     -1.73188  1.4098e-006
ln_F(148,2)     -5.54589  1.9246e-007
ln_F(148,3)     -2.38511 4.34106e-007
ln_F(148,4)     -3.88985 7.71977e-007
ln_F(149,1)     -3.06626 4.26395e-007
ln_F(149,2)     -6.23857 -3.1258e-007
ln_F(149,3)     -3.01285 5.15218e-007
ln_F(149,4)     -4.15473 1.56877e-006
ln_F(150,1)     -2.93876 3.31645e-007
ln_F(150,2)     -7.23324 -8.68592e-008
ln_F(150,3)     -2.50754 1.07366e-006
ln_F(150,4)     -4.10959 5.17553e-007
ln_F(151,1)     -2.80286 -2.60338e-007
ln_F(151,2)     -5.80872 -1.45951e-007
ln_F(151,3)     -2.33554 4.97266e-007
ln_F(151,4)     -3.18691 4.69583e-008
ln_F(152,1)     -4.80133 3.73304e-006
ln_F(152,2)      -6.3824 3.80837e-007
ln_F(152,3)     -6.76215  1.5381e-006
ln_F(152,4)     -9.00901 -5.42068e-008
ln_F(153,1)     -4.40901 2.91537e-006
ln_F(153,2)     -5.84343 3.31723e-007
ln_F(153,3)     -6.40546 3.98467e-007
ln_F(153,4)     -9.00901 -5.42068e-008
ln_F(154,1)     -5.00754 2.32485e-006
ln_F(154,2)     -6.96057 5.18882e-007
ln_F(154,3)     -6.01744 7.99787e-007
ln_F(154,4)     -9.00901 -5.42068e-008
ln_F(155,1)     -4.32617 1.54562e-006
ln_F(155,2)     -6.56744 -3.61887e-007
ln_F(155,3)     -6.36542 -3.85716e-008
ln_F(155,4)     -9.00901 -5.42068e-008
ln_F(156,1)     -4.85299 -4.5906e-007
ln_F(156,2)     -6.12194 2.07547e-007
ln_F(156,3)     -6.62792 3.87402e-007
ln_F(156,4)     -9.00901 -5.42068e-008
ln_F(157,1)     -4.11556   8.788e-007
ln_F(157,2)     -5.36015 3.59013e-007
ln_F(157,3)     -6.34352 3.86564e-007
ln_F(157,4)     -9.00901 -5.42068e-008
ln_F(158,1)     -4.57028 -3.28466e-008
ln_F(158,2)     -6.25712 7.40437e-007
ln_F(158,3)     -6.28165 -3.10114e-008
ln_F(158,4)     -9.00901 -5.42068e-008
ln_F(159,1)     -4.45358 8.62113e-007
ln_F(159,2)       -5.982 -1.05883e-007
ln_F(159,3)     -6.35456 4.97014e-007
ln_F(159,4)     -9.00901 -5.42068e-008
ln_F(160,1)      -4.3571 7.96026e-007
ln_F(160,2)     -5.78866 -7.85798e-007
ln_F(160,3)      -6.5557 1.81699e-008
ln_F(160,4)     -9.00901 -5.42068e-008
ln_F(161,1)     -3.78732 6.32131e-007
ln_F(161,2)     -5.67124 4.61362e-007
ln_F(161,3)     -6.27648 5.74108e-007
ln_F(161,4)     -9.00901 -5.42068e-008
ln_F(162,1)     -4.77841 -2.87197e-007
ln_F(162,2)     -6.76423 -1.10805e-006
ln_F(162,3)     -6.22673 1.59669e-007
ln_F(162,4)     -9.00901 -5.42068e-008
ln_F(163,1)     -4.75069  -1.324e-006
ln_F(163,2)     -6.30843 6.79927e-008
ln_F(163,3)     -6.35744 -5.14648e-007
ln_F(163,4)     -9.00901 -5.42068e-008
ln_F(164,1)     -4.02472 -9.37175e-008
ln_F(164,2)     -6.48184 -5.57486e-007
ln_F(164,3)     -6.59868 1.27306e-007
ln_F(164,4)     -9.00901 -5.42068e-008
ln_F(165,1)     -4.02325 -1.01532e-009
ln_F(165,2)     -6.21314 9.75425e-008
ln_F(165,3)     -6.40604 -2.86301e-007
ln_F(165,4)     -9.00901 -5.42068e-008
ln_F(166,1)     -4.88825 -3.90089e-007
ln_F(166,2)     -6.72121 -3.26885e-007
ln_F(166,3)     -6.41818 -1.11177e-008
ln_F(166,4)     -9.00901 -5.42068e-008
ln_F(167,1)     -5.07261 -2.85703e-007
ln_F(167,2)     -6.62686 1.79859e-007
ln_F(167,3)     -6.09722 2.08941e-007
ln_F(167,4)     -9.00901 -5.42068e-008
ln_F(168,1)     -4.45487 1.97453e-008
ln_F(168,2)     -6.81538 -4.92667e-007
ln_F(168,3)     -6.57345 4.56425e-007
ln_F(168,4)     -9.00901 -5.42068e-008
ln_F(169,1)      -4.9234 3.18581e-007
ln_F(169,2)      -6.6601 -1.31476e-007
ln_F(169,3)     -6.17639 3.78753e-007
ln_F(169,4)     -9.00901 -5.42068e-008
ln_F(170,1)     -5.03274 -4.25751e-007
ln_F(170,2)     -6.65059 5.08126e-007
ln_F(170,3)     -6.08397 1.24513e-007
ln_F(170,4)     -9.00901 -5.42068e-008
ln_F(171,1)     -5.39517 7.42389e-007
ln_F(171,2)     -6.21907  4.1834e-008
ln_F(171,3)        -6.17 -5.44662e-007
ln_F(171,4)     -9.00901 -5.42068e-008
ln_F(172,1)     -5.18855 8.33393e-007
ln_F(172,2)     -7.01466 9.00499e-007
ln_F(172,3)     -6.67413 1.05386e-006
ln_F(172,4)     -9.00901 -5.42068e-008
ln_F(173,1)     -4.53973 1.61074e-006
ln_F(173,2)     -6.51269 3.00041e-007
ln_F(173,3)     -6.10657 1.16874e-006
ln_F(173,4)     -9.00901 -5.42068e-008
ln_F(174,1)      -5.1081 8.02996e-007
ln_F(174,2)      -6.7123  1.1046e-006
ln_F(174,3)     -6.09149 8.69213e-008
ln_F(174,4)     -9.00901 -5.42068e-008
ln_F(175,1)     -5.00308 1.32064e-006
ln_F(175,2)     -6.30751 -1.36895e-007
ln_F(175,3)     -6.07759 1.14844e-006
ln_F(175,4)     -9.00901 -5.42068e-008
ln_F(176,1)     -4.36663 4.21679e-007
ln_F(176,2)     -6.81586 2.47957e-007
ln_F(176,3)     -6.46156 -3.08101e-007
ln_F(176,4)     -9.00901 -5.42068e-008
ln_F(177,1)     -4.46567 -6.88776e-007
ln_F(177,2)     -6.57442 -3.97691e-007
ln_F(177,3)     -5.83903 -5.36856e-008
ln_F(177,4)     -9.00901 -5.42068e-008
ln_F(178,1)      -5.0197 -2.27978e-006
ln_F(178,2)     -6.50425 -3.39711e-007
ln_F(178,3)     -5.80499 6.32706e-007
ln_F(178,4)     -9.00901 -5.42068e-008
ln_F(179,1)     -4.95234 -1.58406e-006
ln_F(179,2)     -5.91539 -3.84878e-007
ln_F(179,3)      -5.6361 -1.23289e-007
ln_F(179,4)     -9.00901 -5.42068e-008
ln_F(180,1)     -4.63252 -1.52503e-006
ln_F(180,2)     -6.32124 -1.15105e-006
ln_F(180,3)     -6.21732 6.30092e-007
ln_F(180,4)     -9.00901 -5.42068e-008
ln_F(181,1)     -3.48815 9.25423e-008
ln_F(181,2)     -5.97836 1.98503e-007
ln_F(181,3)     -6.01246 7.49789e-007
ln_F(181,4)     -9.00901 -5.42068e-008
ln_F(182,1)     -4.34466 4.69409e-008
ln_F(182,2)     -6.76225 2.30481e-007
ln_F(182,3)     -6.01268 7.81968e-008
ln_F(182,4)     -9.00901 -5.42068e-008
ln_F(183,1)     -4.74578 8.70398e-008
ln_F(183,2)     -5.71936 4.48558e-007
ln_F(183,3)     -7.05522 -1.00915e-006
ln_F(183,4)     -9.00901 -5.42068e-008
ln_F(184,1)     -4.61518 -1.82514e-007
ln_F(184,2)     -6.91584 -6.38291e-007
ln_F(184,3)     -6.73401 2.78715e-007
ln_F(184,4)     -9.00901 -5.42068e-008
ln_F(185,1)     -3.89631 2.14717e-007
ln_F(185,2)     -6.26058 -5.13066e-007
ln_F(185,3)     -6.08682 3.50994e-007
ln_F(185,4)     -9.00901 -5.42068e-008
ln_F(186,1)     -4.87991 3.31039e-007
ln_F(186,2)     -6.51658 -8.3501e-007
ln_F(186,3)     -6.13455 4.54701e-007
ln_F(186,4)     -9.00901 -5.42068e-008
ln_F(187,1)     -4.13108 1.03596e-008
ln_F(187,2)     -5.76757 3.81513e-007
ln_F(187,3)     -5.97495 2.06506e-007
ln_F(187,4)     -9.00901 -5.42068e-008
ln_F(188,1)     -3.94249 6.74457e-007
ln_F(188,2)     -6.35736 -5.82348e-008
ln_F(188,3)     -6.45991  4.1844e-007
ln_F(188,4)     -9.00901 -5.42068e-008
ln_F(189,1)     -3.70922 5.23981e-008
ln_F(189,2)     -6.44009 -9.76713e-007
ln_F(189,3)     -6.05185  9.8198e-007
ln_F(189,4)     -9.00901 -5.42068e-008
ln_F(190,1)     -4.22015 -1.80459e-007
ln_F(190,2)     -6.33428 -5.78773e-007
ln_F(190,3)     -6.16509  1.3969e-007
ln_F(190,4)     -9.00901 -5.42068e-008
ln_F(191,1)     -4.20932 -1.41057e-007
ln_F(191,2)     -5.25438 9.25733e-008
ln_F(191,3)     -6.06533 -1.11307e-007
ln_F(191,4)     -9.00901 -5.42068e-008
ln_F(192,1)      -4.0941 -6.01241e-007
ln_F(192,2)     -6.01398 5.38417e-007
ln_F(192,3)     -6.59744 -6.98329e-007
ln_F(192,4)     -9.00901 -5.42068e-008
ln_F(193,1)     -3.92383 5.50687e-009
ln_F(193,2)     -6.01828 3.44247e-007
ln_F(193,3)     -5.96952 2.50409e-007
ln_F(193,4)     -9.00901 -5.42068e-008
ln_F(194,1)      -4.2363 5.18508e-007
ln_F(194,2)     -5.93604 1.05047e-007
ln_F(194,3)     -5.85096 -3.41394e-007
ln_F(194,4)     -9.00901 -5.42068e-008
ln_F(195,1)     -4.19569 -4.00423e-007
ln_F(195,2)     -4.52506 7.43174e-007
ln_F(195,3)      -4.9959 -2.45583e-007
ln_F(195,4)     -9.00901 -5.42068e-008
ln_F(196,1)     -4.63623 2.72742e-007
ln_F(196,2)     -5.21979 -9.21515e-007
ln_F(196,3)      -6.0945 -7.25005e-007
ln_F(196,4)     -9.00901 -5.42068e-008
ln_F(197,1)     -4.20105 3.28606e-008
ln_F(197,2)     -5.40274 -2.36628e-007
ln_F(197,3)      -6.0246 -9.5628e-007
ln_F(197,4)     -9.00901 -5.42068e-008
ln_F(198,1)     -3.37215 -3.97135e-007
ln_F(198,2)     -4.25238 -1.0271e-006
ln_F(198,3)     -5.58642  3.6942e-007
ln_F(198,4)     -9.00901 -5.42068e-008
ln_F(199,1)     -3.98338 -4.91174e-007
ln_F(199,2)     -4.13309 -2.45076e-007
ln_F(199,3)     -5.62279 2.24791e-007
ln_F(199,4)     -9.00901 -5.42068e-008
ln_F(200,1)     -4.48705 -5.14757e-007
ln_F(200,2)     -6.20357 -5.20412e-007
ln_F(200,3)     -6.05105 -6.16754e-008
ln_F(200,4)     -9.00901 -5.42068e-008
ln_F(201,1)     -3.86496 -6.91676e-007
ln_F(201,2)     -4.31592 3.52126e-007
ln_F(201,3)     -5.80342 6.21154e-007
ln_F(201,4)     -9.00901 -5.42068e-008
ln_F(202,1)     -4.31194 6.18698e-008
ln_F(202,2)      -5.2167 2.02296e-008
ln_F(202,3)     -5.75979 -4.63878e-007
ln_F(202,4)     -9.00901 -5.42068e-008
ln_F(203,1)     -4.42376 -3.13527e-008
ln_F(203,2)     -4.18261 7.96436e-008
ln_F(203,3)     -5.64712 3.71231e-007
ln_F(203,4)     -9.00901 -5.42068e-008
ln_F(204,1)     -4.35214 -2.78171e-007
ln_F(204,2)     -5.71143 -4.01132e-007
ln_F(204,3)      -6.1277 -4.73709e-007
ln_F(204,4)     -9.00901 -5.42068e-008
ln_F(205,1)     -3.94039 6.64082e-007
ln_F(205,2)     -4.71714 2.32503e-007
ln_F(205,3)     -5.44233 3.44001e-007
ln_F(205,4)     -9.00901 -5.42068e-008
ln_F(206,1)     -4.19593 1.00175e-006
ln_F(206,2)     -5.62369 -3.60376e-007
ln_F(206,3)     -5.26577 8.13931e-007
ln_F(206,4)     -9.00901 -5.42068e-008
ln_F(207,1)     -4.17816 -3.51593e-007
ln_F(207,2)     -5.41989 -7.43482e-007
ln_F(207,3)     -5.73021 6.72749e-007
ln_F(207,4)     -9.00901 -5.42068e-008
ln_F(208,1)     -4.19507 -1.06369e-007
ln_F(208,2)     -4.48327 2.51219e-007
ln_F(208,3)     -6.05427 6.49556e-007
ln_F(208,4)     -9.00901 -5.42068e-008
ln_F(209,1)     -4.01742  6.4819e-008
ln_F(209,2)     -4.38752 -1.55638e-007
ln_F(209,3)      -5.5079 6.41063e-007
ln_F(209,4)     -9.00901 -5.42068e-008
ln_F(210,1)     -4.18691 -6.91781e-007
ln_F(210,2)     -3.99902 5.74034e-007
ln_F(210,3)     -5.47544 -3.60609e-007
ln_F(210,4)     -9.00901 -5.42068e-008
ln_F(211,1)     -3.92588 -1.50169e-007
ln_F(211,2)     -4.64011 -2.69951e-007
ln_F(211,3)     -5.34714 -9.96824e-008
ln_F(211,4)     -9.00901 -5.42068e-008
ln_F(212,1)     -3.87809 -6.4071e-007
ln_F(212,2)     -4.71262 -5.1783e-007
ln_F(212,3)     -5.61064 -2.13536e-007
ln_F(212,4)     -9.00901 -5.42068e-008
ln_F(213,1)     -3.64235 -4.7856e-007
ln_F(213,2)     -4.68665 -1.12303e-006
ln_F(213,3)     -5.20315 2.01621e-007
ln_F(213,4)     -9.00901 -5.42068e-008
ln_F(214,1)     -3.63442 -1.6651e-007
ln_F(214,2)     -4.04758  6.3667e-007
ln_F(214,3)     -4.39005 -3.25373e-007
ln_F(214,4)     -9.00901 -5.42068e-008
ln_F(215,1)     -3.46237 3.05319e-007
ln_F(215,2)     -3.70013 -3.42904e-007
ln_F(215,3)      -4.2149 -4.66258e-007
ln_F(215,4)     -9.00901 -5.42068e-008
ln_F(216,1)     -3.47792 6.14052e-007
ln_F(216,2)     -4.46397 -4.54886e-007
ln_F(216,3)     -4.76747 1.02336e-006
ln_F(216,4)     -9.00901 -5.42068e-008
ln_F(217,1)     -3.24159 1.94875e-009
ln_F(217,2)     -4.07721 -1.98706e-007
ln_F(217,3)     -4.31957 3.12905e-007
ln_F(217,4)     -9.00901 -5.42068e-008
ln_F(218,1)     -3.26511 -9.63802e-007
ln_F(218,2)     -3.57599 9.53325e-007
ln_F(218,3)     -4.06017 -1.51859e-008
ln_F(218,4)     -9.00901 -5.42068e-008
ln_F(219,1)     -3.36609 -1.11044e-006
ln_F(219,2)     -4.03889 -4.74439e-007
ln_F(219,3)     -4.30705 6.60014e-007
ln_F(219,4)     -9.00901 -5.42068e-008
ln_F(220,1)     -3.34708 -1.64814e-006
ln_F(220,2)      -5.2186 6.13259e-008
ln_F(220,3)     -4.28098 3.94482e-007
ln_F(220,4)     -9.00901 -5.42068e-008
ln_F(221,1)     -3.12801 -1.91036e-006
ln_F(221,2)     -4.36252  1.0987e-007
ln_F(221,3)     -4.22498 2.37298e-007
ln_F(221,4)     -9.00901 -5.42068e-008
ln_F(222,1)     -3.36614 -1.55588e-006
ln_F(222,2)     -3.53844 -2.93068e-007
ln_F(222,3)     -3.95946 3.47497e-007
ln_F(222,4)     -9.00901 -5.42068e-008
ln_F(223,1)     -3.27603 -2.61261e-007
ln_F(223,2)     -3.39422 -3.83168e-007
ln_F(223,3)     -4.21622 -1.11514e-007
ln_F(223,4)     -9.00901 -5.42068e-008
ln_F(224,1)     -3.39552  -8.857e-007
ln_F(224,2)     -6.10659 -1.1619e-006
ln_F(224,3)       -4.765  1.7544e-007
ln_F(224,4)     -9.00901 -5.42068e-008
ln_F(225,1)     -3.22294 -1.09711e-007
ln_F(225,2)     -4.39707 2.11683e-007
ln_F(225,3)     -4.56039 2.32345e-007
ln_F(225,4)     -9.00901 -5.42068e-008
ln_F(226,1)     -3.47318  3.2793e-007
ln_F(226,2)     -3.63979 -3.62345e-007
ln_F(226,3)     -4.03376 1.74649e-007
ln_F(226,4)     -9.00901 -5.42068e-008
ln_F(227,1)     -3.47269 7.41379e-007
ln_F(227,2)     -3.81766 -2.13727e-007
ln_F(227,3)     -4.32136 4.41536e-007
ln_F(227,4)     -9.00901 -5.42068e-008
ln_F(228,1)     -3.58006 2.83619e-007
ln_F(228,2)     -6.03364 -4.00741e-007
ln_F(228,3)     -4.70659 3.30027e-007
ln_F(228,4)     -9.00901 -5.42068e-008
ln_F(229,1)     -3.48841 9.85259e-008
ln_F(229,2)      -4.1815 -2.61864e-007
ln_F(229,3)     -4.76549 8.54041e-007
ln_F(229,4)     -9.00901 -5.42068e-008
ln_F(230,1)     -3.61756 -7.88074e-007
ln_F(230,2)     -3.55954 9.37327e-008
ln_F(230,3)     -3.87104 4.18805e-007
ln_F(230,4)     -9.00901 -5.42068e-008
ln_F(231,1)     -3.69762 -5.77013e-007
ln_F(231,2)     -3.58046 7.56449e-008
ln_F(231,3)     -3.08094  4.3156e-007
ln_F(231,4)     -9.00901 -5.42068e-008
ln_F(232,1)     -3.93601  8.3416e-007
ln_F(232,2)     -4.80381 -1.96019e-007
ln_F(232,3)     -4.71237 1.93613e-007
ln_F(232,4)     -9.00901 -5.42068e-008
ln_F(233,1)     -3.74702 1.98696e-007
ln_F(233,2)     -5.36301 -1.99941e-007
ln_F(233,3)     -4.61102 -8.56171e-008
ln_F(233,4)     -9.00901 -5.42068e-008
ln_F(234,1)     -3.86402 1.44909e-006
ln_F(234,2)      -3.9111 5.69282e-007
ln_F(234,3)     -3.70672 1.09672e-006
ln_F(234,4)     -9.00901 -5.42068e-008
ln_F(235,1)     -3.67665  1.1649e-006
ln_F(235,2)     -3.75363 9.11255e-008
ln_F(235,3)     -3.72157 3.30557e-007
ln_F(235,4)     -9.00901 -5.42068e-008
ln_F(236,1)     -3.75923 6.15115e-007
ln_F(236,2)     -4.65783 4.82211e-007
ln_F(236,3)     -4.46848 -2.0569e-007
ln_F(236,4)     -9.00901 -5.42068e-008
ln_F(237,1)     -3.58745 3.14137e-007
ln_F(237,2)     -4.65839 -1.01628e-007
ln_F(237,3)     -4.40438 7.43603e-008
ln_F(237,4)     -9.00901 -5.42068e-008
ln_F(238,1)     -3.76187 -3.95553e-007
ln_F(238,2)     -3.60626 -4.27208e-007
ln_F(238,3)     -4.25151 5.40265e-007
ln_F(238,4)     -9.00901 -5.42068e-008
ln_F(239,1)     -3.82871 -1.14788e-006
ln_F(239,2)     -3.85514 -3.76033e-007
ln_F(239,3)     -4.16134 9.99962e-008
ln_F(239,4)     -9.00901 -5.42068e-008
ln_F(240,1)     -3.99337 -9.3248e-007
ln_F(240,2)     -4.23802 4.37607e-007
ln_F(240,3)     -4.73392 -5.35554e-007
ln_F(240,4)     -9.00901 -5.42068e-008
ln_F(241,1)     -3.61397 -4.01022e-007
ln_F(241,2)     -4.63852 -3.1533e-007
ln_F(241,3)     -4.40583 8.81742e-007
ln_F(241,4)     -9.00901 -5.42068e-008
ln_F(242,1)     -3.71203 -4.74817e-007
ln_F(242,2)     -4.47299 -1.96633e-007
ln_F(242,3)      -4.2109 2.95369e-007
ln_F(242,4)     -9.00901 -5.42068e-008
ln_F(243,1)     -4.03689 -4.26214e-007
ln_F(243,2)     -3.92918 1.69818e-008
ln_F(243,3)     -4.46238 -3.93895e-007
ln_F(243,4)     -9.00901 -5.42068e-008
ln_F(244,1)     -4.19357 -3.58716e-007
ln_F(244,2)     -4.89572 -6.58453e-007
ln_F(244,3)     -4.87465 -5.87731e-007
ln_F(244,4)     -9.00901 -5.42068e-008
ln_F(245,1)      -4.0672 -7.2971e-007
ln_F(245,2)     -4.89049 9.67647e-008
ln_F(245,3)      -4.8029 -6.70285e-007
ln_F(245,4)     -9.00901 -5.42068e-008
ln_F(246,1)     -4.25775 -8.29474e-007
ln_F(246,2)     -4.85206 -5.65772e-007
ln_F(246,3)     -4.69314 -2.38298e-007
ln_F(246,4)     -9.00901 -5.42068e-008
ln_F(247,1)     -3.80013 2.48901e-007
ln_F(247,2)     -4.23316 -3.5406e-007
ln_F(247,3)     -4.03594 -1.25071e-007
ln_F(247,4)     -9.00901 -5.42068e-008
ln_F(248,1)     -4.05788 -3.18217e-007
ln_F(248,2)     -5.04073 -9.93635e-008
ln_F(248,3)     -5.06475 -6.58877e-007
ln_F(248,4)     -9.00901 -5.42068e-008
ln_F(249,1)     -3.75039 -3.59643e-007
ln_F(249,2)      -5.3566 -4.80945e-007
ln_F(249,3)     -4.81871 -8.65465e-008
ln_F(249,4)     -9.00901 -5.42068e-008
ln_F(250,1)     -3.89077 -1.24338e-006
ln_F(250,2)     -4.13172 2.05836e-007
ln_F(250,3)     -4.71463 5.51129e-007
ln_F(250,4)     -9.00901 -5.42068e-008
ln_F(251,1)     -3.65128 -1.67939e-007
ln_F(251,2)     -4.19666 1.53852e-007
ln_F(251,3)      -4.0417 7.92829e-007
ln_F(251,4)     -9.00901 -5.42068e-008
ln_F(252,1)     -3.91867  1.3331e-007
ln_F(252,2)     -5.37819 6.23379e-007
ln_F(252,3)     -4.78728 -2.36349e-007
ln_F(252,4)     -9.00901 -5.42068e-008
ln_F(253,1)     -3.65032 3.00564e-007
ln_F(253,2)     -5.01323 1.83753e-007
ln_F(253,3)     -4.49923 -5.53529e-008
ln_F(253,4)     -9.00901 -5.42068e-008
ln_F(254,1)     -3.69917 -6.54514e-007
ln_F(254,2)     -4.82432 6.38991e-008
ln_F(254,3)     -4.37476  3.4101e-007
ln_F(254,4)     -9.00901 -5.42068e-008
ln_F(255,1)     -3.80464 5.21919e-007
ln_F(255,2)     -4.24382 1.55435e-007
ln_F(255,3)     -4.02985 -2.62469e-007
ln_F(255,4)     -9.00901 -5.42068e-008
ln_F(256,1)     -4.05519 -3.25363e-007
ln_F(256,2)     -5.04491 3.55412e-007
ln_F(256,3)     -4.56524   3.616e-007
ln_F(256,4)     -9.00901 -5.42068e-008
ln_F(257,1)      -3.5669 1.09533e-006
ln_F(257,2)     -4.30796 5.40727e-007
ln_F(257,3)     -4.58559 2.57748e-007
ln_F(257,4)     -9.00901 -5.42068e-008
ln_F(258,1)     -3.24313 5.79599e-007
ln_F(258,2)     -4.29569 9.75183e-007
ln_F(258,3)     -4.10992 -6.89328e-007
ln_F(258,4)     -9.00901 -5.42068e-008
ln_F(259,1)     -3.34855 7.17435e-007
ln_F(259,2)      -3.4733 4.27913e-007
ln_F(259,3)     -4.07397 9.28189e-007
ln_F(259,4)     -9.00901 -5.42068e-008
ln_F(260,1)     -3.34295 6.78216e-007
ln_F(260,2)     -4.72626 -6.1427e-007
ln_F(260,3)     -4.02952 1.21081e-006
ln_F(260,4)     -9.00901 -5.42068e-008
ln_F(261,1)     -3.31097  2.4863e-007
ln_F(261,2)     -4.14272 -3.20953e-008
ln_F(261,3)     -4.27998 2.14867e-007
ln_F(261,4)     -9.00901 -5.42068e-008
ln_F(262,1)     -3.51385  2.8531e-008
ln_F(262,2)     -4.58602 -2.69359e-007
ln_F(262,3)     -4.12449 3.73764e-007
ln_F(262,4)     -9.00901 -5.42068e-008
ln_F(263,1)     -3.98587 -5.14442e-007
ln_F(263,2)     -4.33004 3.28201e-008
ln_F(263,3)     -4.02603 9.37347e-008
ln_F(263,4)     -9.00901 -5.42068e-008
ln_F(264,1)     -3.75481 -5.25402e-007
ln_F(264,2)     -5.36303 1.14526e-008
ln_F(264,3)     -3.75325 1.68171e-007
ln_F(264,4)     -9.00901 -5.42068e-008
ln_F(265,1)     -3.98376 1.42028e-007
ln_F(265,2)     -4.61782 1.87044e-007
ln_F(265,3)     -3.99744 2.92999e-007
ln_F(265,4)     -9.00901 -5.42068e-008
ln_F(266,1)     -3.96377 -3.54467e-007
ln_F(266,2)     -4.10854 1.34168e-006
ln_F(266,3)     -3.92412 1.67632e-008
ln_F(266,4)     -9.00901 -5.42068e-008
ln_F(267,1)     -3.65597 -5.50735e-007
ln_F(267,2)     -4.17325 6.43416e-007
ln_F(267,3)     -4.18712 2.42235e-007
ln_F(267,4)     -9.00901 -5.42068e-008
ln_F(268,1)     -3.86804 -1.36744e-006
ln_F(268,2)     -5.78882 -2.71998e-007
ln_F(268,3)     -4.35647 3.37939e-008
ln_F(268,4)     -9.00901 -5.42068e-008
ln_F(269,1)     -3.95891 9.17838e-008
ln_F(269,2)      -5.2883 -2.95209e-007
ln_F(269,3)     -4.51606 3.45032e-007
ln_F(269,4)     -9.00901 -5.42068e-008
ln_F(270,1)     -4.01067 -5.31081e-007
ln_F(270,2)     -4.38066 -4.74997e-007
ln_F(270,3)     -4.32838 5.16863e-007
ln_F(270,4)     -9.00901 -5.42068e-008
ln_F(271,1)     -4.11691 -5.96115e-007
ln_F(271,2)     -4.36632 1.15635e-006
ln_F(271,3)     -4.42108 1.27792e-008
ln_F(271,4)     -9.00901 -5.42068e-008
ln_F(272,1)     -5.25136 -8.61025e-007
ln_F(272,2)      -6.1289 -5.93894e-007
ln_F(272,3)     -5.04015 8.88847e-007
ln_F(272,4)     -9.00901 -5.42068e-008
ln_F(273,1)      -5.2449 1.26688e-008
ln_F(273,2)     -6.50831 -1.36363e-007
ln_F(273,3)     -4.91821 6.37587e-007
ln_F(273,4)     -9.00901 -5.42068e-008
ln_F(274,1)     -5.15942 -8.67129e-007
ln_F(274,2)     -4.69215 7.94866e-007
ln_F(274,3)     -4.58033 -1.50566e-007
ln_F(274,4)     -9.00901 -5.42068e-008
ln_F(275,1)     -5.30146 2.56755e-007
ln_F(275,2)     -4.93177 -3.8779e-007
ln_F(275,3)      -4.6206 7.08185e-008
ln_F(275,4)     -9.00901 -5.42068e-008
ln_F(276,1)     -4.92591 2.93773e-007
ln_F(276,2)     -6.34039 -2.86447e-007
ln_F(276,3)     -4.32173  8.7103e-007
ln_F(276,4)     -9.00901 -5.42068e-008
ln_F(277,1)     -4.95374 -8.31231e-007
ln_F(277,2)      -6.0608 5.60457e-007
ln_F(277,3)     -4.43475 -4.63454e-008
ln_F(277,4)     -9.00901 -5.42068e-008
ln_F(278,1)     -4.96614 2.57598e-008
ln_F(278,2)     -4.81673 -1.78863e-007
ln_F(278,3)     -4.33352 1.51354e-007
ln_F(278,4)     -9.00901 -5.42068e-008
ln_F(279,1)      -4.6091 -2.08983e-008
ln_F(279,2)     -4.59609 1.00792e-006
ln_F(279,3)     -4.09509 1.01314e-006
ln_F(279,4)     -9.00901 -5.42068e-008
ln_F(280,1)     -4.60543 -3.05841e-007
ln_F(280,2)     -6.09868 -8.13297e-007
ln_F(280,3)     -4.24341 5.77912e-007
ln_F(280,4)     -9.00901 -5.42068e-008
ln_F(281,1)     -4.40984 -9.06424e-008
ln_F(281,2)     -6.13531 -4.68502e-007
ln_F(281,3)     -4.27322 3.62863e-007
ln_F(281,4)     -9.00901 -5.42068e-008
ln_F(282,1)     -4.35438 -3.03575e-007
ln_F(282,2)     -4.52386  3.5184e-007
ln_F(282,3)     -4.01225 6.62664e-007
ln_F(282,4)     -9.00901 -5.42068e-008
ln_F(283,1)     -4.54531 -2.33048e-007
ln_F(283,2)      -4.0134 3.04554e-007
ln_F(283,3)     -4.04467 4.58418e-007
ln_F(283,4)     -9.00901 -5.42068e-008
ln_F(284,1)     -4.51042 -8.34735e-007
ln_F(284,2)      -5.9096 4.76786e-007
ln_F(284,3)     -4.46937 2.00719e-007
ln_F(284,4)     -9.00901 -5.42068e-008
ln_F(285,1)     -4.56645 2.78393e-007
ln_F(285,2)     -6.32362 -1.48818e-007
ln_F(285,3)     -4.38409 2.85563e-007
ln_F(285,4)     -9.00901 -5.42068e-008
ln_F(286,1)     -4.51901 -6.96979e-007
ln_F(286,2)     -5.47512 -4.62537e-007
ln_F(286,3)     -4.42639 1.42514e-006
ln_F(286,4)     -9.00901 -5.42068e-008
ln_F(287,1)     -3.99515 -4.69736e-007
ln_F(287,2)     -3.80829 2.10216e-007
ln_F(287,3)     -4.12288 -3.51597e-008
ln_F(287,4)     -9.00901 -5.42068e-008
ln_F(288,1)     -3.83396 -6.58085e-007
ln_F(288,2)     -5.02869 -9.65329e-007
ln_F(288,3)     -4.14494 4.45075e-007
ln_F(288,4)     -9.00901 -5.42068e-008
ln_F(289,1)     -3.85949 -1.79493e-006
ln_F(289,2)     -5.67673 2.25782e-007
ln_F(289,3)     -4.11861 4.70328e-008
ln_F(289,4)     -9.00901 -5.42068e-008
ln_F(290,1)     -3.93004 -1.08904e-006
ln_F(290,2)     -6.40469 -1.29336e-007
ln_F(290,3)     -4.10422 -3.12486e-007
ln_F(290,4)     -9.00901 -5.42068e-008
ln_F(291,1)     -4.11223 -8.7965e-007
ln_F(291,2)     -5.03133 2.12211e-007
ln_F(291,3)     -4.50441  -1.884e-007
ln_F(291,4)     -9.00901 -5.42068e-008
ln_F(292,1)     -4.18982 -1.6688e-006
ln_F(292,2)     -5.08672 -5.00701e-007
ln_F(292,3)     -4.63479 3.27482e-008
ln_F(292,4)     -9.00901 -5.42068e-008
ln_F(293,1)      -4.2318 -1.1423e-006
ln_F(293,2)     -4.51193 3.73233e-007
ln_F(293,3)     -4.65891 -4.08669e-007
ln_F(293,4)     -9.00901 -5.42068e-008
ln_F(294,1)     -2.99111 -5.68502e-007
ln_F(294,2)      -3.9895 -4.93314e-008
ln_F(294,3)     -4.03984  2.3244e-007
ln_F(294,4)     -9.00901 -5.42068e-008
ln_F(295,1)     -3.23118 2.46691e-007
ln_F(295,2)      -4.3469 -1.05315e-006
ln_F(295,3)     -4.34263 -1.79312e-007
ln_F(295,4)     -9.00901 -5.42068e-008
ln_F(296,1)     -3.24564 4.24607e-007
ln_F(296,2)     -5.64965 -5.66694e-007
ln_F(296,3)     -4.32772 5.85417e-007
ln_F(296,4)     -9.00901 -5.42068e-008
ln_F(297,1)     -3.25486 -6.38481e-007
ln_F(297,2)     -4.39619 -2.6668e-008
ln_F(297,3)     -4.50005 1.44927e-007
ln_F(297,4)     -9.00901 -5.42068e-008
ln_F(298,1)     -3.17248 3.68707e-007
ln_F(298,2)     -4.28688 2.54439e-008
ln_F(298,3)     -4.18858 7.66068e-007
ln_F(298,4)     -9.00901 -5.42068e-008
ln_F(299,1)      -4.0772 -1.98205e-007
ln_F(299,2)     -3.92878 4.63738e-007
ln_F(299,3)     -4.62654 3.28593e-007
ln_F(299,4)     -9.00901 -5.42068e-008
ln_F(300,1)     -4.12518 -5.69599e-007
ln_F(300,2)     -4.92722 3.08535e-007
ln_F(300,3)     -4.63098 -1.57431e-008
ln_F(300,4)     -9.00901 -5.42068e-008
ln_F(301,1)     -4.13139 1.12072e-007
ln_F(301,2)     -4.58635 -1.56073e-007
ln_F(301,3)     -4.75427 1.12239e-007
ln_F(301,4)     -9.00901 -5.42068e-008
ln_F(302,1)     -4.18955 2.98956e-007
ln_F(302,2)     -5.53251 -7.99311e-007
ln_F(302,3)     -4.55195 -8.74495e-008
ln_F(302,4)     -9.00901 -5.42068e-008
ln_init_abund(1,1)           10 -1.63451e-006
ln_init_abund(1,2)           10  1.0271e-006
ln_init_abund(1,3)           10 3.29549e-006
ln_init_abund(1,4)           10 -8.39932e-007
ln_init_abund(1,5)           10 2.10073e-006
ln_init_abund(1,6)      9.93038 -2.55802e-006
ln_init_abund(1,7)           10 -5.64271e-006
ln_init_abund(1,8)      9.59879 -2.24219e-006
ln_init_abund(1,9)      9.79822 3.25304e-007
ln_init_abund(1,10)      9.69343 -7.86461e-007
ln_init_abund(1,11)      9.76861 -8.42124e-007
ln_init_abund(1,12)      9.24947 -6.22797e-007
ln_init_abund(1,13)      9.85584 1.89766e-006
ln_init_abund(1,14)      8.69874 1.92527e-006
ln_init_abund(1,15)      8.67586 1.62392e-007
ln_init_abund(1,16)      8.47688 -1.28917e-006
ln_init_abund(1,17)      8.49026  4.4759e-007
ln_init_abund(1,18)      8.29743 -3.91125e-007
ln_init_abund(1,19)      8.16498 -1.00433e-006
ln_init_abund(1,20)      7.57421 -2.46182e-007
ln_init_abund(1,21)     -9.92206 -1.48067e-006
ln_init_abund(1,22)      6.89672 -4.25963e-007
ln_init_abund(1,23)      6.88127 -1.19075e-008
ln_init_abund(1,24)      5.96227 7.17639e-007
ln_init_abund(1,25)      7.36018 -8.03256e-007
ln_init_abund(1,26)      7.21704 6.69776e-007
ln_init_abund(1,27)           10 7.06478e-007
