ParName   Value   Gradient
ln_R_ave(1)      13.8168 -2.10317e+007
log_sel_beta1surv(1,1)     -4.91096     -486.756
log_sel_beta2surv(1,1)     -4.52391     -1.41378
ln_q(1,1)     -8.51907      76804.7
ln_F(1,1)     -2.12657       222400
ln_F(1,2)     -2.02118       364551
ln_F(1,3)      1.92523 9.38044e+007
ln_F(1,4)      4.88665      -236476
ln_F(1,5)      -4.0263     -9536.95
ln_F(1,6)      -4.9271       164161
ln_F(1,7)      -3.4106     -17536.3
ln_F(2,1)      2.53848       294175
ln_F(2,2)     -4.94703     -25425.2
ln_F(2,3)     -4.99815        25721
ln_F(2,4)      4.98818      85381.9
ln_F(2,5)     -2.41188      9690.48
ln_F(2,6)     -4.99326     -35886.3
ln_F(2,7)    -0.200995      19096.7
ln_F(3,1)      2.70639      30072.3
ln_F(3,2)       3.4295       170801
ln_F(3,3)     -4.98413      74276.1
ln_F(3,4)     0.650022       308522
ln_F(3,5)      3.94895       476816
ln_F(3,6)     -4.99581     -16653.4
ln_F(3,7)      4.18237     -56706.6
ln_F(4,1)      3.53609      25994.9
ln_F(4,2)      2.12611      18673.5
ln_F(4,3)     -4.60233      -401529
ln_F(4,4)    -0.115512      -158249
ln_F(4,5)      4.99448      18990.1
ln_F(4,6)     -4.99892     -6694.81
ln_F(4,7)       3.8259      8107.39
ln_F(5,1)      2.60469      18827.2
ln_F(5,2)      1.15238      17109.8
ln_F(5,3)     -4.99776        28037
ln_F(5,4)      4.09394      -172817
ln_F(5,5)      1.59007      26923.5
ln_F(5,6)     -4.96525     -43656.4
ln_F(5,7)      3.33506      25134.1
ln_F(6,1)      3.89556     -5434.68
ln_F(6,2)      1.38406      97947.1
ln_F(6,3)     -4.37378      -132508
ln_F(6,4)    -0.970039      -225430
ln_F(6,5)    0.0241954     -92973.3
ln_F(6,6)     -4.99735     -15839.2
ln_F(6,7)      4.35551     -75376.5
ln_F(7,1)      3.12635     -8015.01
ln_F(7,2)      1.98505     -8812.45
ln_F(7,3)     -4.24733       616619
ln_F(7,4)     0.486911       264055
ln_F(7,5)      4.94884      72506.9
ln_F(7,6)     -4.94834      46890.3
ln_F(7,7)      3.91343     -1500.21
ln_F(8,1)      1.34065      74799.1
ln_F(8,2)      1.57427      54165.5
ln_F(8,3)     -4.99696      6707.69
ln_F(8,4)     -2.32546     -64472.2
ln_F(8,5)      3.01746      -151066
ln_F(8,6)     -4.93656     -66150.4
ln_F(8,7)      2.02358      85199.3
ln_F(9,1)      -4.3773       186606
ln_F(9,2)      -2.1936     -84235.5
ln_F(9,3)     -4.01278      98439.3
ln_F(9,4)      -4.2518       -29065
ln_F(9,5)     -2.60952       115189
ln_F(9,6)     -4.40006       286649
ln_F(9,7)     -4.51346      -201371
ln_F(10,1)     0.172039     -13677.9
ln_F(10,2)    -0.151041        82230
ln_F(10,3)     -2.31353       746894
ln_F(10,4)     -4.99769      104.923
ln_F(10,5)     0.484026       263002
ln_F(10,6)     -4.97962      51382.6
ln_F(10,7)      2.57115       137989
ln_F(11,1)     0.998317       161117
ln_F(11,2)    -0.640101      17703.8
ln_F(11,3)      4.89409 1.73028e+006
ln_F(11,4)     -2.33079      -240472
ln_F(11,5)      -1.6729      83962.4
ln_F(11,6)     -4.85126       127138
ln_F(11,7)      1.65414       283433
ln_F(12,1)      0.17827       233729
ln_F(12,2)     -3.98259       123742
ln_F(12,3)     0.421954       247592
ln_F(12,4)     -3.87228       106137
ln_F(12,5)     -2.44095       139940
ln_F(12,6)     -4.85549       142201
ln_F(12,7)     0.474781       261906
ln_F(13,1)    -0.672866       235977
ln_F(13,2)     -1.09445       223974
ln_F(13,3)    -0.119891       309104
ln_F(13,4)     -4.14578       113552
ln_F(13,5)     -2.86907       188952
ln_F(13,6)     -4.93501       101833
ln_F(13,7)    -0.497477       222160
ln_F(14,1)     -2.15784      53676.8
ln_F(14,2)     -2.92951        22930
ln_F(14,3)     -1.10667       250469
ln_F(14,4)     -4.46897       105028
ln_F(14,5)     -3.33235       200227
ln_F(14,6)     -4.98593      51291.8
ln_F(14,7)     -1.33781       238133
ln_F(15,1)     -2.78301        76148
ln_F(15,2)      -3.0835       105086
ln_F(15,3)     -2.07827       224980
ln_F(15,4)     -4.74029      75320.3
ln_F(15,5)       -3.605       207200
ln_F(15,6)           -5     -363.861
ln_F(15,7)     -2.06098       254196
ln_F(16,1)     -2.87026       246246
ln_F(16,2)     -3.89518      57686.7
ln_F(16,3)     -2.63574       248809
ln_F(16,4)     -4.94015      33806.9
ln_F(16,5)     -3.71491       225586
ln_F(16,6)     -4.99967     -9296.36
ln_F(16,7)     -2.80098       207098
ln_F(17,1)     -3.32039       240534
ln_F(17,2)     -3.74825       183261
ln_F(17,3)     -2.93223       312387
ln_F(17,4)     -4.97408      19303.6
ln_F(17,5)     -3.68809       256512
ln_F(17,6)           -5     -807.427
ln_F(17,7)     -3.19256       228090
ln_F(18,1)     -3.64818       206732
ln_F(18,2)     -4.28719      97994.3
ln_F(18,3)     -3.33527       280761
ln_F(18,4)      -4.9999      1058.31
ln_F(18,5)     -3.89725       143952
ln_F(18,6)     -4.99996     -3490.11
ln_F(18,7)     -3.44839       228803
ln_F(19,1)     -3.63425       222157
ln_F(19,2)     -4.18802       123171
ln_F(19,3)     -3.59977       256792
ln_F(19,4)     -4.99433      6146.31
ln_F(19,5)     -3.69986       170552
ln_F(19,6)           -5     0.345628
ln_F(19,7)     -3.51345       210739
ln_F(20,1)     -3.43676       226736
ln_F(20,2)     -3.86874       162625
ln_F(20,3)     -3.65297       276089
ln_F(20,4)     -4.87224     -23710.9
ln_F(20,5)     -3.39852       198351
ln_F(20,6)     -4.99996     -3574.29
ln_F(20,7)     -3.27259       233798
ln_F(21,1)      -2.8201       320478
ln_F(21,2)     -3.78485      97824.9
ln_F(21,3)     -3.62922       302018
ln_F(21,4)     -4.32066     -54853.3
ln_F(21,5)     -2.96437       231978
ln_F(21,6)      -4.9999     -4911.94
ln_F(21,7)     -2.92331       207615
ln_F(22,1)     -2.63706       150471
ln_F(22,2)     -3.39515      78926.7
ln_F(22,3)     -3.71238       278284
ln_F(22,4)     -4.01616     -64312.7
ln_F(22,5)     -2.84972      86928.2
ln_F(22,6)     -4.99999     -1502.16
ln_F(22,7)     -2.32845       218378
ln_F(23,1)     -2.37655      42049.3
ln_F(23,2)     -2.79074     -97197.5
ln_F(23,3)     -3.94757       208924
ln_F(23,4)     -4.86827      500.519
ln_F(23,5)      -2.2544      79798.2
ln_F(23,6)     -4.99984     -5590.59
ln_F(23,7)     -1.61949       223838
ln_F(24,1)     -1.76593     -25690.2
ln_F(24,2)     -2.41282      17580.1
ln_F(24,3)      -3.8339       239404
ln_F(24,4)     -4.26486      6654.87
ln_F(24,5)      0.91361 1.71972e+006
ln_F(24,6)     -4.99994     -2942.51
ln_F(24,7)     -1.33573      5841.02
ln_F(25,1)    -0.509005       128486
ln_F(25,2)     -1.84361        36457
ln_F(25,3)     -3.60708       339740
ln_F(25,4)      -2.1382      -159362
ln_F(25,5)    0.0486067       134304
ln_F(25,6)     -4.99998     -1596.09
ln_F(25,7)    -0.127472       148424
ln_F(26,1)     0.773364       153506
ln_F(26,2)    -0.244011      64611.8
ln_F(26,3)     -3.52811       359065
ln_F(26,4)     -1.52425      84260.5
ln_F(26,5)      2.98939 1.53846e+006
ln_F(26,6)     -4.99995     -2081.35
ln_F(26,7)      1.10976       180100
ln_F(27,1)      1.37553      65235.9
ln_F(27,2)      1.06657       141097
ln_F(27,3)     -3.95705       185892
ln_F(27,4)     -1.26109      52599.6
ln_F(27,5)      2.39282       216667
ln_F(27,6)     -4.99694     -14156.9
ln_F(27,7)      2.00664       155591
ln_F(28,1)       2.6835       122050
ln_F(28,2)      2.59518      -237021
ln_F(28,3)     -2.98446      -966268
ln_F(28,4)     0.153732       104891
ln_F(28,5)      3.65615      -233956
ln_F(28,6)     -4.92608     -54649.2
ln_F(28,7)      2.94259       108647
ln_F(29,1)      3.77728       149365
ln_F(29,2)      3.17834       164749
ln_F(29,3)     -3.85529       138965
ln_F(29,4)      0.17176      67615.3
ln_F(29,5)      3.21867     -83397.4
ln_F(29,6)     -4.82195     -79792.5
ln_F(29,7)      2.97024      42395.8
ln_F(30,1)      4.46057      79063.2
ln_F(30,2)      3.71692       110060
ln_F(30,3)     -3.82207       103214
ln_F(30,4)     0.473129      38684.4
ln_F(30,5)      3.73737     -55102.9
ln_F(30,6)     -4.99275        12407
ln_F(30,7)      4.93205      39106.4
ln_F(31,1)      2.93632      42354.8
ln_F(31,2)      2.08749      59589.3
ln_F(31,3)     -3.90781      52663.1
ln_F(31,4)    -0.929309      43858.7
ln_F(31,5)      1.36838       187111
ln_F(31,6)      -4.9263      57261.1
ln_F(31,7)      3.24979      26496.9
ln_F(32,1)      1.76127      77147.6
ln_F(32,2)      1.00425      77903.1
ln_F(32,3)     -3.49333       128648
ln_F(32,4)     -1.97803      60128.2
ln_F(32,5)     -0.17347       225937
ln_F(32,6)     -4.95278      56919.2
ln_F(32,7)      2.05688      64803.5
ln_F(33,1)     0.970848       131988
ln_F(33,2)    0.0884493       101543
ln_F(33,3)     -2.89703       227316
ln_F(33,4)     -2.47742      84719.7
ln_F(33,5)     -1.29963       192051
ln_F(33,6)     -4.96223      57835.3
ln_F(33,7)      1.27261       143012
ln_F(34,1)     0.105759       156466
ln_F(34,2)     -0.78695      94370.1
ln_F(34,3)     -2.42273       285185
ln_F(34,4)     -3.01205       102765
ln_F(34,5)     -1.91849       204353
ln_F(34,6)     -4.98028      45932.7
ln_F(34,7)     0.505148       223385
ln_F(35,1)    -0.771214       145958
ln_F(35,2)     -1.55141      94325.8
ln_F(35,3)     -2.19193       298515
ln_F(35,4)     -3.43769       118255
ln_F(35,5)     -2.45491       212414
ln_F(35,6)     -4.99492        25376
ln_F(35,7)    -0.436159       194606
ln_F(36,1)     -1.53125       150377
ln_F(36,2)     -2.33094      77416.1
ln_F(36,3)     -2.00417       293139
ln_F(36,4)     -3.87774      94879.1
ln_F(36,5)     -3.26532       163028
ln_F(36,6)     -4.99976      5961.78
ln_F(36,7)     -1.22888       189864
ln_F(37,1)     -2.13754       165899
ln_F(37,2)     -2.96614      71403.4
ln_F(37,3)     -2.23755       240656
ln_F(37,4)      -4.0289       101212
ln_F(37,5)     -3.22234       222084
ln_F(37,6)     -4.99997     -2202.49
ln_F(37,7)     -1.93955       192777
ln_F(38,1)     -2.56465       198301
ln_F(38,2)     -3.31476       102018
ln_F(38,3)     -2.66173       189795
ln_F(38,4)     -3.98845       145808
ln_F(38,5)     -3.36057       256167
ln_F(38,6)     -4.99999     -1540.51
ln_F(38,7)      -2.2572       291274
ln_F(39,1)     -2.80869       252339
ln_F(39,2)     -3.27149       194851
ln_F(39,3)     -3.00826       174813
ln_F(39,4)     -4.21028       108921
ln_F(39,5)     -3.32843       280470
ln_F(39,6)     -4.99992       4226.9
ln_F(39,7)     -2.32417       430962
ln_F(40,1)     -2.84288       342544
ln_F(40,2)     -3.22624       279341
ln_F(40,3)     -3.11648       201916
ln_F(40,4)     -3.69002       288865
ln_F(40,5)     -3.44476       288063
ln_F(40,6)     -4.99561      32043.9
ln_F(40,7)     -2.72383       357788
ln_F(41,1)     -2.75787       430843
ln_F(41,2)     -3.23135       322777
ln_F(41,3)     -3.02629       357633
ln_F(41,4)     -3.59576       295666
ln_F(41,5)     -3.27864       320826
ln_F(41,6)     -4.93477       125495
ln_F(41,7)     -2.69764       410731
ln_F(42,1)     -2.84015       342959
ln_F(42,2)     -3.18255       328397
ln_F(42,3)     -2.98475       511172
ln_F(42,4)     -3.59152       242332
ln_F(42,5)     -3.27562       258291
ln_F(42,6)     -4.97556        75365
ln_F(42,7)     -2.63747       412714
ln_F(43,1)     -2.84709       246622
ln_F(43,2)     -3.14653       263996
ln_F(43,3)     -2.98624       565492
ln_F(43,4)     -3.50322       217935
ln_F(43,5)     -2.96294       272337
ln_F(43,6)     -4.99019      46255.7
ln_F(43,7)     -2.52461       360675
ln_F(44,1)      -2.6001       241217
ln_F(44,2)     -3.00016       224026
ln_F(44,3)     -3.14452       394131
ln_F(44,4)     -3.25142       221576
ln_F(44,5)     -2.82115       272402
ln_F(44,6)     -4.99454      33229.5
ln_F(44,7)     -2.45189       270186
ln_F(45,1)     -2.13656       273932
ln_F(45,2)      -2.8233       182057
ln_F(45,3)     -3.16397       330707
ln_F(45,4)     -2.87556       239957
ln_F(45,5)     -2.31331       329143
ln_F(45,6)       -4.997      23476.2
ln_F(45,7)     -1.96972       284717
ln_F(46,1)     -1.56088       305745
ln_F(46,2)     -2.40157       176521
ln_F(46,3)     -2.98298       318377
ln_F(46,4)     -2.55052       250656
ln_F(46,5)     -2.00039       339113
ln_F(46,6)     -4.99845      16155.2
ln_F(46,7)     -1.37329       331826
ln_F(47,1)    -0.936758       329908
ln_F(47,2)      -1.8287       197517
ln_F(47,3)     -2.75715       314862
ln_F(47,4)     -2.52543       236819
ln_F(47,5)     -1.78899       335107
ln_F(47,6)     -4.99914        11624
ln_F(47,7)    -0.768135       345979
ln_F(48,1)    -0.833808       282080
ln_F(48,2)     -1.65031       198313
ln_F(48,3)     -2.21645       370695
ln_F(48,4)     -2.73217       228424
ln_F(48,5)     -2.25107       279470
ln_F(48,6)     -4.99935      10128.6
ln_F(48,7)    -0.675125       309569
ln_F(49,1)     -1.12662       279227
ln_F(49,2)      -2.0105       179985
ln_F(49,3)     -1.92182       378458
ln_F(49,4)     -3.09398       211806
ln_F(49,5)     -2.50917       294532
ln_F(49,6)     -4.99933      10572.2
ln_F(49,7)     -0.85628       311296
ln_F(50,1)     -1.55435       292775
ln_F(50,2)     -2.36671       185410
ln_F(50,3)     -1.89289       370873
ln_F(50,4)     -3.44131       187096
ln_F(50,5)     -2.97602       244342
ln_F(50,6)     -4.99911      12699.8
ln_F(50,7)     -1.35461       318180
ln_F(51,1)     -1.96739       295681
ln_F(51,2)     -2.77648       178115
ln_F(51,3)     -2.19652       338800
ln_F(51,4)     -3.72161       173394
ln_F(51,5)     -3.07846       275025
ln_F(51,6)      -4.9985      17283.7
ln_F(51,7)     -1.80206       316071
ln_F(52,1)     -2.44262       268715
ln_F(52,2)     -3.16869       168103
ln_F(52,3)     -2.52785       336109
ln_F(52,4)     -3.72512       215679
ln_F(52,5)     -3.34152       274708
ln_F(52,6)     -4.99704      25548.3
ln_F(52,7)      -2.2778       313126
ln_F(53,1)     -2.69175       310262
ln_F(53,2)     -3.42999       174957
ln_F(53,3)     -2.71444       367543
ln_F(53,4)      -3.7979       225553
ln_F(53,5)     -3.31407       332112
ln_F(53,6)     -4.99513      34174.8
ln_F(53,7)     -2.45431       384439
ln_F(54,1)      -2.7638       383097
ln_F(54,2)     -3.53805       188551
ln_F(54,3)     -2.95779       372257
ln_F(54,4)     -3.86978       197631
ln_F(54,5)     -3.48374       261941
ln_F(54,6)       -4.994      39122.3
ln_F(54,7)      -2.6431       417654
ln_F(55,1)     -2.84503       362447
ln_F(55,2)     -3.66268       166673
ln_F(55,3)      -3.1685       369964
ln_F(55,4)     -3.91983       174169
ln_F(55,5)     -3.31343       290548
ln_F(55,6)     -4.99637      30864.2
ln_F(55,7)     -2.75587       384280
ln_F(56,1)     -2.96431       291142
ln_F(56,2)     -3.67576       156683
ln_F(56,3)     -3.26444       376959
ln_F(56,4)     -3.79177       179186
ln_F(56,5)     -3.38501       242944
ln_F(56,6)     -4.99821      21588.1
ln_F(56,7)     -2.82424       336151
ln_F(57,1)     -2.75812       313363
ln_F(57,2)     -3.62186       147982
ln_F(57,3)      -3.2982       367242
ln_F(57,4)      -3.7936       155704
ln_F(57,5)     -2.97772       319867
ln_F(57,6)     -4.99896      16052.2
ln_F(57,7)     -2.65614       331089
ln_F(58,1)     -2.42812       340407
ln_F(58,2)     -3.41525       135232
ln_F(58,3)     -3.32091       361649
ln_F(58,4)     -3.48702       170994
ln_F(58,5)      -2.7215       316888
ln_F(58,6)     -4.99924      13248.6
ln_F(58,7)     -2.39652       338645
ln_F(59,1)     -1.91461       342628
ln_F(59,2)     -2.97649       137715
ln_F(59,3)     -3.25031       354794
ln_F(59,4)     -3.07907       200553
ln_F(59,5)     -1.97248       441916
ln_F(59,6)     -4.99923      12562.8
ln_F(59,7)     -1.85865       360741
ln_F(60,1)     -1.21099       358697
ln_F(60,2)     -2.20301       190038
ln_F(60,3)     -2.89633       401213
ln_F(60,4)     -2.50114       235775
ln_F(60,5)     -1.71894       351100
ln_F(60,6)     -4.99894      14007.1
ln_F(60,7)     -1.17325       367158
ln_F(61,1)    -0.194616       419937
ln_F(61,2)      -1.2995       233983
ln_F(61,3)      -2.5906       311960
ln_F(61,4)     -2.31623       233365
ln_F(61,5)     -1.27341       413703
ln_F(61,6)     -4.99792      18431.3
ln_F(61,7)     0.018787       475834
ln_F(62,1)     0.261219       449736
ln_F(62,2)    -0.862317       259557
ln_F(62,3)     -1.60628       722777
ln_F(62,4)      -2.6379       232287
ln_F(62,5)      -1.8436       382175
ln_F(62,6)     -4.99394      30951.8
ln_F(62,7)     0.332598       459321
ln_F(63,1)    -0.214795       479427
ln_F(63,2)     -1.28564       251283
ln_F(63,3)      -1.7286       389395
ln_F(63,4)     -3.20525       203421
ln_F(63,5)     -2.24361       408540
ln_F(63,6)     -4.98089        56529
ln_F(63,7)   -0.0795508       538480
ln_F(64,1)     -1.06375       413379
ln_F(64,2)     -2.05777       209075
ln_F(64,3)     -1.66741       363531
ln_F(64,4)     -3.65565       170941
ln_F(64,5)     -3.00772       287092
ln_F(64,6)     -4.97696      65748.8
ln_F(64,7)    -0.986498       439811
ln_F(65,1)     -1.94787       283897
ln_F(65,2)      -2.9107       141147
ln_F(65,3)     -1.00129 1.32027e+006
ln_F(65,4)     -3.91102       167802
ln_F(65,5)     -3.14219       342293
ln_F(65,6)     -4.99228      39939.1
ln_F(65,7)     -1.73348       354322
ln_F(66,1)     -2.27666       384734
ln_F(66,2)      -3.4421       115998
ln_F(66,3)     -2.12479       463562
ln_F(66,4)     -4.02831       173137
ln_F(66,5)     -3.43012       302344
ln_F(66,6)     -4.99906      14888.5
ln_F(66,7)     -2.16113       440011
ln_F(67,1)     -2.81486       275784
ln_F(67,2)     -3.82309     -99098.3
ln_F(67,3)      -3.2205      83405.6
ln_F(67,4)      -3.9545       234628
ln_F(67,5)     -3.32113       380302
ln_F(67,6)           -5     -50.8179
ln_F(67,7)     -2.76074       289093
ln_F(68,1)     -4.98662     -17786.9
ln_F(68,2)     -3.69279       192006
ln_F(68,3)     -4.79527      81522.8
ln_F(68,4)     -4.20219       153196
ln_F(68,5)     -3.62129       285520
ln_F(68,6)     -4.99985     -6663.13
ln_F(68,7)     -2.47323       724698
ln_F(69,1)     -3.05853       333024
ln_F(69,2)     -3.65177       221273
ln_F(69,3)     -2.75787       732776
ln_F(69,4)     -4.99553     -696.312
ln_F(69,5)     -3.19467       453425
ln_F(69,6)     -4.99964     -10357.7
ln_F(69,7)     -3.09663       265448
ln_F(70,1)     -3.19445      -237424
ln_F(70,2)     -4.63908       -17148
ln_F(70,3)     -3.96221     -55443.2
ln_F(70,4)     -4.61434      27142.1
ln_F(70,5)     -3.49137       217811
ln_F(70,6)     -4.99974     -8794.64
ln_F(70,7)     -3.17118      -227893
ln_F(71,1)     -2.63688       395543
ln_F(71,2)     -4.07084     -51494.7
ln_F(71,3)     -3.05387      -627943
ln_F(71,4)     -3.43029       263715
ln_F(71,5)      -2.1181 1.09033e+006
ln_F(71,6)           -5     -947.379
ln_F(71,7)     -2.58055       415847
ln_F(72,1)     -2.34139       366597
ln_F(72,2)     -3.24403       144329
ln_F(72,3)     -3.51386       223265
ln_F(72,4)     -3.17988       250041
ln_F(72,5)     -2.28387       597635
ln_F(72,6)      -4.9996      9616.79
ln_F(72,7)     -2.31307       362037
ln_F(73,1)     -1.87084       375593
ln_F(73,2)     -3.00646       121295
ln_F(73,3)     -4.56103      65621.9
ln_F(73,4)     -2.72427      -109210
ln_F(73,5)     -3.72051      22641.2
ln_F(73,6)     -4.99962      9051.21
ln_F(73,7)     -1.22113       816769
ln_F(74,1)     -1.46299      -220731
ln_F(74,2)     -3.09897     -10316.9
ln_F(74,3)      -1.8633 -1.7816e+006
ln_F(74,4)     -2.26531      -171296
ln_F(74,5)     -2.07919      -288400
ln_F(74,6)     -4.99818     -18799.3
ln_F(74,7)     -1.13096      -316221
ln_F(75,1)    -0.365455       378724
ln_F(75,2)     -2.82991      29228.2
ln_F(75,3)     -2.57139       336439
ln_F(75,4)    -0.167008 2.26079e+006
ln_F(75,5)     -2.18938       256405
ln_F(75,6)     -4.95144      90142.4
ln_F(75,7)    -0.265538       374265
ln_F(76,1)    -0.627786       268921
ln_F(76,2)      -1.5907       155494
ln_F(76,3)     -1.93933       508476
ln_F(76,4)     -3.75867     -10514.4
ln_F(76,5)     -3.68876     -2845.05
ln_F(76,6)     -4.95827      87683.4
ln_F(76,7)     -0.19803       411129
ln_F(77,1)     -1.29975       240414
ln_F(77,2)     -2.91085     -23311.3
ln_F(77,3)     -1.62425       495500
ln_F(77,4)      -3.4075      93009.8
ln_F(77,5)     -3.67174      50133.9
ln_F(77,6)     -4.96893      79261.7
ln_F(77,7)     -0.82994       353326
ln_F(78,1)     -2.48517      48997.6
ln_F(78,2)     -3.08056     -65788.3
ln_F(78,3)     -1.46062       650091
ln_F(78,4)      -3.6805       114370
ln_F(78,5)     -4.02074     -57133.7
ln_F(78,6)     -4.98198      63804.9
ln_F(78,7)     -1.66663       256053
ln_F(79,1)     -3.52917      64066.9
ln_F(79,2)     -3.31758      -100403
ln_F(79,3)     -1.69021       770251
ln_F(79,4)     -3.04507       479373
ln_F(79,5)     -4.17923     -71737.7
ln_F(79,6)     -4.99249        43198
ln_F(79,7)     -2.13619       276160
ln_F(80,1)      -2.9202      -189192
ln_F(80,2)     -3.41451      -142548
ln_F(80,3)     -2.34637       537506
ln_F(80,4)     -3.97748       149217
ln_F(80,5)     -3.71806       236373
ln_F(80,6)     -4.99657      30895.8
ln_F(80,7)     -2.96393       109928
ln_F(81,1)     -2.37219      -708423
ln_F(81,2)      -3.4735      -208232
ln_F(81,3)      -2.8684       384561
ln_F(81,4)     -3.52488       305182
ln_F(81,5)     -3.55732       324616
ln_F(81,6)     -4.99749      27375.2
ln_F(81,7)     -3.25103      89153.7
ln_F(82,1)     -3.53576      -131868
ln_F(82,2)     -3.99531      -110668
ln_F(82,3)      -3.1909       369972
ln_F(82,4)     -3.79564      -202342
ln_F(82,5)     -4.15841       104354
ln_F(82,6)     -4.99713      30578.8
ln_F(82,7)     -4.32509     -62144.1
ln_F(83,1)     -3.17783      -285295
ln_F(83,2)     -3.95294      -131089
ln_F(83,3)     -3.36896       364708
ln_F(83,4)     -4.38925     -31390.3
ln_F(83,5)     -3.62059       286932
ln_F(83,6)     -4.99821      24308.9
ln_F(83,7)     -4.00408     -26532.8
ln_F(84,1)     -2.89794       378362
ln_F(84,2)     -4.71638      20897.8
ln_F(84,3)     -3.47143       338785
ln_F(84,4)     -3.34068       347250
ln_F(84,5)     -1.23294 4.36705e+006
ln_F(84,6)     -4.99987      6076.96
ln_F(84,7)     -3.37782      92789.5
ln_F(85,1)     -3.63963      30614.4
ln_F(85,2)     -3.56042       155112
ln_F(85,3)     -3.60371       322555
ln_F(85,4)     -2.71247       485213
ln_F(85,5)     -2.86181       459469
ln_F(85,6)     -4.99994     -4108.94
ln_F(85,7)     -2.94526      -167542
ln_F(86,1)     -3.42137     -19706.7
ln_F(86,2)     -3.63485      72753.7
ln_F(86,3)     -3.68703       318479
ln_F(86,4)     -2.32121      -582887
ln_F(86,5)     -3.10596      -204862
ln_F(86,6)      -4.9984     -20494.9
ln_F(86,7)     -2.51114      -247943
ln_F(87,1)     -3.18205      29340.2
ln_F(87,2)     -2.58199       293069
ln_F(87,3)     -3.77574       294326
ln_F(87,4)     -1.65373       771287
ln_F(87,5)     -2.83622      -195758
ln_F(87,6)      -4.9973      25578.9
ln_F(87,7)     -2.75033      4270.25
ln_F(88,1)     -3.78598      -142251
ln_F(88,2)     -2.66856       110925
ln_F(88,3)     -3.71164       273862
ln_F(88,4)     -1.15363       912285
ln_F(88,5)     -2.87621      69973.8
ln_F(88,6)     -4.99487     -33928.1
ln_F(88,7)     -1.13327       642154
ln_F(89,1)     -1.86388      27053.7
ln_F(89,2)      -1.3004       378417
ln_F(89,3)     -3.57151       286177
ln_F(89,4)     -1.87427       147687
ln_F(89,5)     -2.47807       -45671
ln_F(89,6)      -4.9993      12538.8
ln_F(89,7)     -1.84498      48490.3
ln_F(90,1)    -0.327096      -114189
ln_F(90,2)    -0.225585       399207
ln_F(90,3)     -3.28428       290438
ln_F(90,4)   -0.0613016      -799096
ln_F(90,5)     -1.83665      76020.9
ln_F(90,6)     -4.99972      7259.79
ln_F(90,7)    -0.278445      -101883
ln_F(91,1)     0.295504     -82970.1
ln_F(91,2)       1.6228       996184
ln_F(91,3)     -2.77012       374029
ln_F(91,4)    -0.499489      -839817
ln_F(91,5)     -1.06503      -531078
ln_F(91,6)     -4.99432     -30350.6
ln_F(91,7)     0.300951     -65286.8
ln_F(92,1)     0.128149      -195101
ln_F(92,2)     -1.29922     -22937.5
ln_F(92,3)     -2.40102       349555
ln_F(92,4)     -1.85637      -440408
ln_F(92,5)     -1.81429      -492497
ln_F(92,6)     -4.99999      1237.22
ln_F(92,7)    0.0329102      -159582
ln_F(93,1)    -0.426338      -275779
ln_F(93,2)     -3.40102      -142282
ln_F(93,3)     -1.94272       486844
ln_F(93,4)     -2.86654      -372374
ln_F(93,5)     -1.24955 -1.78432e+006
ln_F(93,6)     -4.99353       -33503
ln_F(93,7)       1.4086 -2.73638e+006
ln_F(94,1)     -2.76428       130602
ln_F(94,2)     -1.88288      -207241
ln_F(94,3)     -2.23378       314757
ln_F(94,4)     -4.46567     -46037.5
ln_F(94,5)     -3.37563       121657
ln_F(94,6)     -4.93094      -121444
ln_F(94,7)     -0.95904      -440827
ln_F(95,1)     -2.39486        82391
ln_F(95,2)     -2.76281      -162749
ln_F(95,3)      -2.4089       329196
ln_F(95,4)     -4.94046      10106.1
ln_F(95,5)     -3.36108       208811
ln_F(95,6)     -4.99873     -17584.1
ln_F(95,7)     -2.32295      77654.9
ln_F(96,1)     -3.06595      62829.9
ln_F(96,2)     -3.72408      20686.1
ln_F(96,3)     -2.67969       347778
ln_F(96,4)     -4.79706      38095.6
ln_F(96,5)     -4.04503       107438
ln_F(96,6)     -4.99873     -18954.2
ln_F(96,7)     -2.95838      45757.4
ln_F(97,1)     -3.33031      57519.9
ln_F(97,2)     -4.14027      5975.65
ln_F(97,3)     -3.66248      95707.4
ln_F(97,4)     -4.67282      53176.4
ln_F(97,5)      -3.6986       200332
ln_F(97,6)     -4.99859     -21169.3
ln_F(97,7)     -3.31352      59909.2
ln_F(98,1)      -3.5456      79799.8
ln_F(98,2)     -4.51835      1108.44
ln_F(98,3)     -3.60052       189540
ln_F(98,4)     -4.52011        76516
ln_F(98,5)     -3.75646       205146
ln_F(98,6)     -4.99919     -16625.9
ln_F(98,7)     -3.38998      96824.1
ln_F(99,1)     -3.38656       133947
ln_F(99,2)       -4.744     -4417.86
ln_F(99,3)     -3.77433       174314
ln_F(99,4)     -4.33067       105842
ln_F(99,5)      -3.4072       259862
ln_F(99,6)     -4.99967     -10684.5
ln_F(99,7)     -3.20501       156434
ln_F(100,1)     -3.18589       179055
ln_F(100,2)      -3.8533        75936
ln_F(100,3)     -3.84151       156869
ln_F(100,4)     -4.06989       132646
ln_F(100,5)     -3.29852       279143
ln_F(100,6)     -4.99975     -9015.15
ln_F(100,7)      -3.0996       176184
ln_F(101,1)     -2.84355       179685
ln_F(101,2)     -3.39449       123903
ln_F(101,3)     -3.69724       185958
ln_F(101,4)     -3.87797       136049
ln_F(101,5)     -2.97221       277003
ln_F(101,6)     -4.99964       -10404
ln_F(101,7)     -2.52631       311603
ln_F(102,1)     -2.41703       209145
ln_F(102,2)     -3.06106       129889
ln_F(102,3)     -3.46272       211633
ln_F(102,4)     -3.58124       146576
ln_F(102,5)     -2.74514       285481
ln_F(102,6)     -4.99955     -11135.2
ln_F(102,7)     -2.04388       337319
ln_F(103,1)     -1.80309       248485
ln_F(103,2)     -2.61566       152287
ln_F(103,3)     -3.16952       244922
ln_F(103,4)     -3.34148       174384
ln_F(103,5)     -2.18102       379704
ln_F(103,6)           -5     -607.033
ln_F(103,7)     -1.64576       301972
ln_F(104,1)     -1.58189       249215
ln_F(104,2)     -2.15949       176538
ln_F(104,3)     -2.95693       237272
ln_F(104,4)     -4.06617      68481.2
ln_F(104,5)     -3.07201       125102
ln_F(104,6)     -3.13131       103936
ln_F(104,7)     -1.46735       251797
ln_F(105,1)     -1.03087       446115
ln_F(105,2)      -1.5766       295215
ln_F(105,3)     -2.44406       361578
ln_F(105,4)     -3.73998     -91734.7
ln_F(105,5)     -3.15099      93849.2
ln_F(105,6)     -4.99434      37288.4
ln_F(105,7)    -0.887638       490924
ln_F(106,1)     -2.93138      42130.9
ln_F(106,2)     -3.49615     -2369.91
ln_F(106,3)      -2.3941      -399682
ln_F(106,4)     -3.95739       126345
ln_F(106,5)     -3.56196       152578
ln_F(106,6)     -4.97008        28689
ln_F(106,7)     -2.11196      -120772
ln_F(107,1)     -2.18151       230027
ln_F(107,2)     -2.97754       147225
ln_F(107,3)     -1.53755 -1.28925e+006
ln_F(107,4)     -4.19336      95019.1
ln_F(107,5)      -3.5519       153266
ln_F(107,6)     -4.05458        84188
ln_F(107,7)     -2.08386       241580
ln_F(108,1)     -3.04129       102167
ln_F(108,2)     -3.49483      87651.2
ln_F(108,3)     -4.81395      53805.9
ln_F(108,4)     -4.68132      39402.3
ln_F(108,5)     -4.14582      67958.7
ln_F(108,6)     -3.76461      76587.1
ln_F(108,7)     -2.98571       105490
ln_F(109,1)       -3.465      71818.8
ln_F(109,2)     -4.01126        57762
ln_F(109,3)     -4.42467     -28262.8
ln_F(109,4)     -4.33815      58485.4
ln_F(109,5)     -4.24621      65854.9
ln_F(109,6)     -4.81815      51246.4
ln_F(109,7)     -3.17799      84521.1
ln_F(110,1)     -3.54319      85762.6
ln_F(110,2)     -4.21601      49345.8
ln_F(110,3)     -2.63542       775486
ln_F(110,4)     -4.16089      83095.7
ln_F(110,5)     -4.49084      56223.5
ln_F(110,6)     -4.95328      20801.8
ln_F(110,7)     -3.39385       104404
ln_F(111,1)     -3.48832       110699
ln_F(111,2)     -4.29859      52767.8
ln_F(111,3)     -4.82564      19908.3
ln_F(111,4)     -3.78896       146819
ln_F(111,5)     -4.82855      66128.4
ln_F(111,6)     -4.90976      43494.2
ln_F(111,7)     -3.38744       118412
ln_F(112,1)     -3.45213       118034
ln_F(112,2)     -4.22872      59454.8
ln_F(112,3)     -4.28814     -62620.8
ln_F(112,4)     -4.09162       109439
ln_F(112,5)     -4.19918       100298
ln_F(112,6)     -4.69573      53889.4
ln_F(112,7)     -3.45425       117874
ln_F(113,1)     -3.55454       106725
ln_F(113,2)     -4.02183        71347
ln_F(113,3)     -4.26565      71175.6
ln_F(113,4)     -3.74401       130663
ln_F(113,5)     -3.78086       126909
ln_F(113,6)     -4.75734      58707.9
ln_F(113,7)     -3.15715       139963
ln_F(114,1)     -3.39637       109769
ln_F(114,2)      -3.8573      76448.8
ln_F(114,3)     -4.13805      95846.7
ln_F(114,4)     -3.66807       118441
ln_F(114,5)     -3.85235       103558
ln_F(114,6)     -4.60547      60489.7
ln_F(114,7)     -2.91221       154387
ln_F(115,1)     -2.52912       178063
ln_F(115,2)     -3.60121      81114.2
ln_F(115,3)     -4.24914      50491.8
ln_F(115,4)     -3.00831       165151
ln_F(115,5)     -4.71275      88352.6
ln_F(115,6)     -4.69017      60133.2
ln_F(115,7)     -2.50028       181093
ln_F(116,1)     -2.25355       180371
ln_F(116,2)     -3.13126      97438.8
ln_F(116,3)     -2.74188       579685
ln_F(116,4)     -3.49126       117125
ln_F(116,5)     -3.81151       102929
ln_F(116,6)     -4.15561      66131.4
ln_F(116,7)     -2.06135       203942
ln_F(117,1)     -1.70847       219088
ln_F(117,2)     -2.26878       167388
ln_F(117,3)    -0.225863 4.83367e+006
ln_F(117,4)     -2.76866       206124
ln_F(117,5)     -2.86558       197823
ln_F(117,6)     -3.28287       110563
ln_F(117,7)     -1.43145       221527
ln_F(118,1)       -1.604       272597
ln_F(118,2)     -2.03202       250328
ln_F(118,3)     -1.63291       809890
ln_F(118,4)     -2.68126       321888
ln_F(118,5)     -3.03281       287085
ln_F(118,6)     -3.90516       193113
ln_F(118,7)     -1.12281       313013
ln_F(119,1)     -1.53464       306838
ln_F(119,2)     -2.45964       210658
ln_F(119,3)     -1.94159       517958
ln_F(119,4)     -3.80405      31830.5
ln_F(119,5)     -4.97628     -9950.31
ln_F(119,6)     -4.65541       111576
ln_F(119,7)     -1.62585       283542
ln_F(120,1)      -3.0312      62440.2
ln_F(120,2)     -4.40512     -4060.16
ln_F(120,3)     -2.80768       215047
ln_F(120,4)     -4.05563      -107242
ln_F(120,5)       -4.177     -95156.2
ln_F(120,6)     -4.91488      16892.3
ln_F(120,7)     -2.72419      79888.5
ln_F(121,1)     -3.26713      -111821
ln_F(121,2)     -3.92463       -82379
ln_F(121,3)     -3.49087      95601.1
ln_F(121,4)     -4.39027     -44532.6
ln_F(121,5)     -4.48644     -46952.6
ln_F(121,6)     -4.13762     -64228.6
ln_F(121,7)     -3.76228       -17861
ln_F(122,1)      -3.8086     -63172.2
ln_F(122,2)     -4.46883     -54402.2
ln_F(122,3)      -4.8183      21221.1
ln_F(122,4)     -4.73021     -30535.2
ln_F(122,5)     -4.96173     -10335.3
ln_F(122,6)     -4.99494      4735.23
ln_F(122,7)     -3.88947     -15369.9
ln_F(123,1)     -4.22185       -19671
ln_F(123,2)     -4.36002     -54840.9
ln_F(123,3)    -0.854727 4.77659e+006
ln_F(123,4)     -4.16366        38155
ln_F(123,5)     -4.92563      32768.2
ln_F(123,6)     -4.99864     -4658.47
ln_F(123,7)      -3.9227     -7104.97
ln_F(124,1)      -4.2719     -5725.14
ln_F(124,2)     -4.70699     -29770.3
ln_F(124,3)     -1.93387 2.02703e+006
ln_F(124,4)     -4.47415      36317.4
ln_F(124,5)     -4.36094      41805.3
ln_F(124,6)     -4.35073     -50851.5
ln_F(124,7)     -4.14594     -923.929
ln_F(125,1)       -4.794      6963.14
ln_F(125,2)     -4.97592     -6762.53
ln_F(125,3)     -4.61362      30075.4
ln_F(125,4)     -4.19958      70444.1
ln_F(125,5)     -4.44897      62505.4
ln_F(125,6)     -4.18514      16225.3
ln_F(125,7)     -4.23792      14036.3
ln_F(126,1)     -4.33388      31042.1
ln_F(126,2)     -4.80781      22558.1
ln_F(126,3)     -3.48208       427416
ln_F(126,4)     -3.69292       119781
ln_F(126,5)      -4.2023        90919
ln_F(126,6)     -4.10444      37916.3
ln_F(126,7)     -3.88741      47982.1
ln_F(127,1)     -3.86759      59725.7
ln_F(127,2)      -4.5301      40914.4
ln_F(127,3)     -3.70097       332478
ln_F(127,4)     -3.33382       165954
ln_F(127,5)     -4.60663       105054
ln_F(127,6)      -4.2398      47422.5
ln_F(127,7)     -3.38519      94589.4
ln_F(128,1)     -3.35207        93544
ln_F(128,2)     -3.96025      64851.8
ln_F(128,3)     -1.18456 6.05453e+006
ln_F(128,4)     -3.15232       192427
ln_F(128,5)     -3.35721       169474
ln_F(128,6)     -3.04253       117514
ln_F(128,7)     -3.02322       119082
ln_F(129,1)     -3.09135       111598
ln_F(129,2)       -3.392      95484.1
ln_F(129,3)     -2.68562       887393
ln_F(129,4)     -2.21038       349762
ln_F(129,5)     -2.96369       239305
ln_F(129,6)     -2.33985       155623
ln_F(129,7)     -2.45548       151315
ln_F(130,1)     -2.08807       159999
ln_F(130,2)     -2.58633       138330
ln_F(130,3)     -3.03837       288890
ln_F(130,4)     -1.20335       505778
ln_F(130,5)     -2.43951       334715
ln_F(130,6)     -1.57524       188034
ln_F(130,7)     -1.38372       201166
ln_F(131,1)      0.29203       161514
ln_F(131,2)    -0.404651       154335
ln_F(131,3)      4.45238 -4.03907e+006
ln_F(131,4)     -0.75671       763578
ln_F(131,5)     -2.11659       375853
ln_F(131,6)     0.858052       178297
ln_F(131,7)     0.738667       197368
ln_F(132,1)     -2.57889      -110283
ln_F(132,2)     -2.60014      28212.8
ln_F(132,3)     0.227398       506915
ln_F(132,4)     -2.67682       163320
ln_F(132,5)     -2.85853       148489
ln_F(132,6)     -1.11442      -164964
ln_F(132,7)     -2.21207      -124855
ln_F(133,1)     -1.47451       171932
ln_F(133,2)     -1.59681       179918
ln_F(133,3)     0.929575 2.03098e+006
ln_F(133,4)     -4.66982      39201.5
ln_F(133,5)     -3.11573      -261740
ln_F(133,6)    -0.673669       223472
ln_F(133,7)     -1.26292       119337
ln_F(134,1)     -3.13635      4951.51
ln_F(134,2)     -3.29666      9372.07
ln_F(134,3)     -3.78564        70126
ln_F(134,4)     -4.20759     -57071.5
ln_F(134,5)     -4.22754     -94742.2
ln_F(134,6)     -2.30425      30060.7
ln_F(134,7)     -2.48779      25614.7
ln_F(135,1)     -3.78045     -32596.6
ln_F(135,2)     -3.54912     -70953.3
ln_F(135,3)     -2.29521      -374120
ln_F(135,4)      -4.6903     -7527.26
ln_F(135,5)     -4.77715     -58902.3
ln_F(135,6)     -2.75033      28886.7
ln_F(135,7)     -2.83067      24172.1
ln_F(136,1)     -3.94814     -35586.6
ln_F(136,2)      -4.1518     -57080.8
ln_F(136,3)     -4.34988     -20633.8
ln_F(136,4)     -4.44353      59285.4
ln_F(136,5)      -4.8466      27894.6
ln_F(136,6)     -3.13899      29608.9
ln_F(136,7)     -3.74951     -4556.19
ln_F(137,1)     -4.50817     -36067.6
ln_F(137,2)     -4.47952     -37158.4
ln_F(137,3)     -3.28703      -256533
ln_F(137,4)      -3.9404       156424
ln_F(137,5)     -4.36878      91058.4
ln_F(137,6)     -3.67359      22369.4
ln_F(137,7)     -4.11917     -8054.33
ln_F(138,1)     -4.47953      12002.3
ln_F(138,2)     -4.58322      10031.5
ln_F(138,3)     -1.10717 4.07585e+006
ln_F(138,4)     -3.89438       139800
ln_F(138,5)     -4.68497      83981.2
ln_F(138,6)     -3.47176      59479.6
ln_F(138,7)     -3.62613      55058.2
ln_F(139,1)     -3.86762      42357.8
ln_F(139,2)     -4.01342      36493.6
ln_F(139,3)    -0.700164 5.89472e+006
ln_F(139,4)       -3.561       140283
ln_F(139,5)     -4.58603      88981.7
ln_F(139,6)       -3.132      72361.3
ln_F(139,7)     -3.13958      71706.6
ln_F(140,1)     -3.12281      73862.1
ln_F(140,2)     -3.32451      71507.6
ln_F(140,3)    -0.568912 5.29083e+006
ln_F(140,4)     -3.15957       138176
ln_F(140,5)     -3.47725       111035
ln_F(140,6)     -2.37901       161131
ln_F(140,7)      -2.5693       145374
ln_F(141,1)     -2.85651      82077.1
ln_F(141,2)     -2.66294      86875.5
ln_F(141,3)     -1.26883 1.94195e+006
ln_F(141,4)      -3.0549       103667
ln_F(141,5)     -3.34337      96197.4
ln_F(141,6)     -1.86548       164057
ln_F(141,7)     -1.90134       155838
ln_F(142,1)     -2.13004      91669.3
ln_F(142,2)     -2.40572      80051.1
ln_F(142,3)     -2.17526       528347
ln_F(142,4)     -3.46462        52404
ln_F(142,5)     -3.71046      57374.9
ln_F(142,6)     -1.44193       171166
ln_F(142,7)     -1.43214       187788
ln_F(143,1)     -2.35709      77059.7
ln_F(143,2)      -2.5154        75031
ln_F(143,3)      -2.0514       529099
ln_F(143,4)     -3.76018      5715.51
ln_F(143,5)     -4.67041      61872.6
ln_F(143,6)     -1.31397       177900
ln_F(143,7)     -1.34422       195249
ln_F(144,1)     -2.69876      66362.2
ln_F(144,2)     -2.98349      66358.4
ln_F(144,3)      -1.8351       622031
ln_F(144,4)     -4.35454      6856.75
ln_F(144,5)     -4.68119     -4377.58
ln_F(144,6)     -1.79354       152769
ln_F(144,7)     -2.01639       106905
ln_F(145,1)     -3.01631      89246.1
ln_F(145,2)     -2.99375        88998
ln_F(145,3)     -3.54572     -20476.9
ln_F(145,4)     -3.68458      87693.7
ln_F(145,5)     -3.85626       102441
ln_F(145,6)     -2.15834       144063
ln_F(145,7)     -2.33732       123248
ln_F(146,1)     -2.96416       116054
ln_F(146,2)     -3.27518      99581.3
ln_F(146,3)     -2.62933       308383
ln_F(146,4)     -3.67199       149639
ln_F(146,5)     -4.31298       124802
ln_F(146,6)     -2.25473       220135
ln_F(146,7)     -2.54686       139972
ln_F(147,1)     -3.14475       100069
ln_F(147,2)     -3.63897      74800.6
ln_F(147,3)      -2.8049       333379
ln_F(147,4)     -3.57892       142405
ln_F(147,5)     -4.50371       104874
ln_F(147,6)     -2.40448       200011
ln_F(147,7)     -2.77155       118565
ln_F(148,1)     -3.39483      73118.9
ln_F(148,2)     -3.68454      59610.5
ln_F(148,3)     -3.28385       161611
ln_F(148,4)     -3.82248       101293
ln_F(148,5)      -4.2531      85301.8
ln_F(148,6)     -2.48466       188004
ln_F(148,7)     -3.00335      95282.8
ln_F(149,1)     -3.31451      73747.9
ln_F(149,2)     -3.68937      56936.1
ln_F(149,3)      -3.6076      74074.2
ln_F(149,4)     -3.62265        95859
ln_F(149,5)     -4.11865      77251.9
ln_F(149,6)     -2.48122       202837
ln_F(149,7)     -3.00234      92266.7
ln_F(150,1)     -3.25628      69265.1
ln_F(150,2)      -3.7138      54003.6
ln_F(150,3)     -3.34661       173040
ln_F(150,4)     -3.53997        85920
ln_F(150,5)       -4.458      65986.2
ln_F(150,6)     -2.48802       164453
ln_F(150,7)     -2.94842      86297.9
ln_F(151,1)     -2.85426      80739.2
ln_F(151,2)     -3.54678      54880.7
ln_F(151,3)     -3.25193       202622
ln_F(151,4)     -3.42126      80553.3
ln_F(151,5)     -4.46676      64078.6
ln_F(151,6)     -2.24685       165120
ln_F(151,7)     -2.56651       116581
ln_F(152,1)     -2.65404      79354.8
ln_F(152,2)     -3.01694      63753.1
ln_F(152,3)     -2.85026       246073
ln_F(152,4)     -3.43392      73476.4
ln_F(152,5)     -3.58075      68430.2
ln_F(152,6)     -2.00028       170964
ln_F(152,7)     -2.03032       179751
ln_F(153,1)     -2.70316      72344.3
ln_F(153,2)     -2.65619        74494
ln_F(153,3)     -2.68948       241991
ln_F(153,4)     -3.76968      61274.1
ln_F(153,5)     -3.65538      64234.2
ln_F(153,6)     -1.68209       147288
ln_F(153,7)     -1.98758       151913
ln_F(154,1)     -2.48288      79072.8
ln_F(154,2)     -2.93428      56131.1
ln_F(154,3)      -2.9584       167900
ln_F(154,4)     -3.92809      60838.3
ln_F(154,5)     -4.23933      59667.4
ln_F(154,6)     -1.57131       182324
ln_F(154,7)     -2.01002       116725
ln_F(155,1)     -2.24471      97769.8
ln_F(155,2)     -3.67418      35268.2
ln_F(155,3)     -2.78771       163373
ln_F(155,4)     -3.76234      72547.3
ln_F(155,5)     -3.51849        80509
ln_F(155,6)      -1.4572       165184
ln_F(155,7)      -1.8011       141489
ln_F(156,1)     -2.30933      99219.7
ln_F(156,2)     -2.71777      73325.2
ln_F(156,3)     -2.97457       116586
ln_F(156,4)     -3.71004      83796.5
ln_F(156,5)     -3.06249       118788
ln_F(156,6)     -1.52222       162842
ln_F(156,7)     -1.80984       143096
ln_F(157,1)     -2.74149      80223.2
ln_F(157,2)     -2.58111      89733.5
ln_F(157,3)     -2.64699       142348
ln_F(157,4)     -3.86816      82817.4
ln_F(157,5)     -3.40506       100083
ln_F(157,6)     -1.82011       150754
ln_F(157,7)     -2.05646       123013
ln_F(158,1)     -2.62791      95861.3
ln_F(158,2)     -3.52944      54307.4
ln_F(158,3)     -2.96213       110588
ln_F(158,4)      -3.9986        82039
ln_F(158,5)     -4.12981      80327.5
ln_F(158,6)     -2.12955       128500
ln_F(158,7)     -2.26824       116837
ln_F(159,1)      -2.7491      88418.9
ln_F(159,2)     -4.12596      44330.3
ln_F(159,3)     -2.97747       114908
ln_F(159,4)     -3.77238       107918
ln_F(159,5)     -3.03664       174819
ln_F(159,6)     -2.11949       131558
ln_F(159,7)     -2.43773       103995
ln_F(160,1)     -2.95176      66761.9
ln_F(160,2)     -4.28082     -7382.96
ln_F(160,3)      -3.5069      71035.4
ln_F(160,4)      -3.8413       100803
ln_F(160,5)     -3.49474       121499
ln_F(160,6)     -2.33521       121536
ln_F(160,7)     -2.75637      76236.8
ln_F(161,1)     -3.85879     -14901.2
ln_F(161,2)      -3.6521     -62225.6
ln_F(161,3)     -3.14891      98624.5
ln_F(161,4)     -4.08517      68196.4
ln_F(161,5)     -3.64988      84884.3
ln_F(161,6)     -2.60324      81471.6
ln_F(161,7)     -2.85511        61749
ln_F(162,1)     -2.95872      64742.1
ln_F(162,2)     -4.07929     -38762.2
ln_F(162,3)     -3.03943       123776
ln_F(162,4)      -4.0937      64873.1
ln_F(162,5)     -4.22146      62674.8
ln_F(162,6)     -2.58516      90007.8
ln_F(162,7)     -2.87124      70150.1
ln_F(163,1)     -3.23439      50313.5
ln_F(163,2)     -4.44007       -16701
ln_F(163,3)     -3.12297       121929
ln_F(163,4)     -4.01673      66664.9
ln_F(163,5)     -3.52904        88373
ln_F(163,6)     -2.53533      93997.3
ln_F(163,7)     -2.78994      73989.7
ln_F(164,1)     -2.93128      71444.4
ln_F(164,2)     -3.16149      58224.5
ln_F(164,3)     -3.09481       129222
ln_F(164,4)     -3.96971      69648.8
ln_F(164,5)     -3.51115      90513.5
ln_F(164,6)      -2.4638       100002
ln_F(164,7)     -2.72189      79068.3
ln_F(165,1)     -3.63274        37334
ln_F(165,2)     -3.07617      63175.3
ln_F(165,3)     -2.93583       154965
ln_F(165,4)     -3.87464      72952.9
ln_F(165,5)     -3.71432      78756.6
ln_F(165,6)     -2.23884       126157
ln_F(165,7)     -2.54309      87013.8
ln_F(166,1)     -2.74103      81693.2
ln_F(166,2)     -3.74807        34885
ln_F(166,3)     -2.57705       250838
ln_F(166,4)     -3.91558      73255.3
ln_F(166,5)     -3.67446      80543.4
ln_F(166,6)     -2.49598      94914.7
ln_F(166,7)     -2.44281      97444.1
ln_F(167,1)     -2.87167      70964.5
ln_F(167,2)     -4.17621      28546.8
ln_F(167,3)     -2.79699       172298
ln_F(167,4)      -3.7267      79946.4
ln_F(167,5)     -3.12173       113096
ln_F(167,6)     -1.99118       140627
ln_F(167,7)      -2.2607       109669
ln_F(168,1)     -2.34299       105164
ln_F(168,2)      -2.8568      66717.8
ln_F(168,3)     -2.80308       163676
ln_F(168,4)     -3.60886      84931.7
ln_F(168,5)     -2.89453       129890
ln_F(168,6)     -1.89599       138820
ln_F(168,7)      -2.1191       119940
ln_F(169,1)     -2.53845        82178
ln_F(169,2)     -3.20735      47747.7
ln_F(169,3)     -2.74323       164163
ln_F(169,4)     -3.38461      95485.8
ln_F(169,5)      -2.6835       145218
ln_F(169,6)     -1.63974       149748
ln_F(169,7)     -1.89977       129867
ln_F(170,1)     -1.89355       125201
ln_F(170,2)     -3.56644      36391.5
ln_F(170,3)     -2.63641       161805
ln_F(170,4)     -3.60072      87741.1
ln_F(170,5)     -2.67096       144444
ln_F(170,6)     -1.81804       129467
ln_F(170,7)     -1.88236       125881
ln_F(171,1)      -2.2879      88075.7
ln_F(171,2)     -3.39311      41169.3
ln_F(171,3)     -2.61261       159821
ln_F(171,4)     -3.58884        86689
ln_F(171,5)     -2.74823       131575
ln_F(171,6)     -1.49145       151428
ln_F(171,7)     -1.74937       126561
ln_F(172,1)     -2.04473       101580
ln_F(172,2)     -3.20529      43634.2
ln_F(172,3)     -2.47188       157634
ln_F(172,4)     -3.61468      84597.7
ln_F(172,5)     -3.13511       104081
ln_F(172,6)     -1.68126       125776
ln_F(172,7)     -1.99077       105289
ln_F(173,1)     -3.47732      18700.3
ln_F(173,2)     -2.99774      35642.7
ln_F(173,3)     -2.81157       105155
ln_F(173,4)     -3.85549      81887.1
ln_F(173,5)     -2.96902       126332
ln_F(173,6)     -1.75401       111736
ln_F(173,7)     -2.25762      72817.8
ln_F(174,1)     -3.03349     -12489.6
ln_F(174,2)      -3.2286     -85168.6
ln_F(174,3)     -3.02632      81222.2
ln_F(174,4)     -4.19637      64210.8
ln_F(174,5)     -3.42497      89414.1
ln_F(174,6)     -2.14637      61541.5
ln_F(174,7)     -2.63079        38985
ln_F(175,1)     -2.62127      -139586
ln_F(175,2)     -4.64634       -16347
ln_F(175,3)     -3.38818      67702.7
ln_F(175,4)     -4.23575      56036.9
ln_F(175,5)     -3.34587       103613
ln_F(175,6)     -2.20248        84300
ln_F(175,7)     -2.50487      60172.4
ln_F(176,1)     -3.60646     -7535.01
ln_F(176,2)     -4.09075     -31775.6
ln_F(176,3)     -3.15915      92999.5
ln_F(176,4)     -4.28654      59014.2
ln_F(176,5)     -3.40917       104625
ln_F(176,6)     -2.59013        65887
ln_F(176,7)     -2.90164      47174.8
ln_F(177,1)     -4.25463       -13931
ln_F(177,2)     -4.13636     -14750.5
ln_F(177,3)     -3.22407      95680.3
ln_F(177,4)     -4.21591      63824.9
ln_F(177,5)     -3.47282       103879
ln_F(177,6)     -2.84124      66292.7
ln_F(177,7)     -2.91541      61751.1
ln_F(178,1)     -3.10947      64564.7
ln_F(178,2)     -4.99993      63.2109
ln_F(178,3)     -3.55059      80629.1
ln_F(178,4)     -4.34261      62440.1
ln_F(178,5)     -3.57647       100469
ln_F(178,6)     -2.90224      78226.5
ln_F(178,7)     -2.96372      74649.4
ln_F(179,1)     -3.57096      44819.9
ln_F(179,2)     -4.93182      6938.03
ln_F(179,3)     -3.99087      60072.3
ln_F(179,4)     -4.19856      67183.7
ln_F(179,5)     -3.53515       101061
ln_F(179,6)     -2.45284       105043
ln_F(179,7)     -2.87836      86038.3
ln_F(180,1)     -3.23213      60851.8
ln_F(180,2)     -3.96042      36645.9
ln_F(180,3)     -3.72721      83117.4
ln_F(180,4)      -4.1407      68798.9
ln_F(180,5)     -3.55122      94798.8
ln_F(180,6)     -2.44117      79529.4
ln_F(180,7)     -2.94454      79198.6
ln_F(181,1)     -4.12503      29570.1
ln_F(181,2)     -3.68497      39303.9
ln_F(181,3)     -3.71773        93196
ln_F(181,4)     -4.16077      59345.5
ln_F(181,5)     -3.74089      72348.8
ln_F(181,6)     -2.33446       105401
ln_F(181,7)      -2.7666      86937.6
ln_F(182,1)      -2.9951      68467.6
ln_F(182,2)     -4.93987     -1842.04
ln_F(182,3)     -4.13406        66754
ln_F(182,4)     -4.99509     -1273.65
ln_F(182,5)     -4.75388     -124.085
ln_F(182,6)     -2.35253      82503.7
ln_F(182,7)     -2.44343       130808
ln_F(183,1)     -4.71801      20586.5
ln_F(183,2)      -4.1823     -41091.9
ln_F(183,3)     -4.32016     -14129.1
ln_F(183,4)     -3.84863        78780
ln_F(183,5)      -3.1918      96173.2
ln_F(183,6)     -2.15221      19948.1
ln_F(183,7)     -3.34067     -36698.8
ln_F(184,1)     -1.15378       137150
ln_F(184,2)     -3.10692      34907.9
ln_F(184,3)     -1.72653       378273
ln_F(184,4)     -3.69646     -44222.8
ln_F(184,5)     -1.93882      -168460
ln_F(184,6)    -0.333377      81661.6
ln_F(184,7)    -0.694623       187923
ln_F(185,1)    -0.770677       132082
ln_F(185,2)     -0.94385       127329
ln_F(185,3)     -1.40598      -151076
ln_F(185,4)     -3.00998      90269.5
ln_F(185,5)     -1.93842       162547
ln_F(185,6)      2.32864       533822
ln_F(185,7)     0.583125       229460
ln_F(186,1)   -0.0840773      -209830
ln_F(186,2)     -2.74611      -6149.9
ln_F(186,3)     0.883639       876343
ln_F(186,4)      -3.1674      -134776
ln_F(186,5)     -1.82599      -414554
ln_F(186,6)    0.0137127      -159399
ln_F(186,7)    -0.174657      -182992
ln_F(187,1)     -2.03659     -66974.6
ln_F(187,2)     -3.48225     -37899.7
ln_F(187,3)     -1.86702       120082
ln_F(187,4)     -4.19202      40505.9
ln_F(187,5)     -3.77352      42637.2
ln_F(187,6)     0.744894 -1.04705e+006
ln_F(187,7)    -0.932308      -186779
ln_F(188,1)     -2.72654     -50001.8
ln_F(188,2)     -3.49413     -8937.22
ln_F(188,3)     -2.34188      83584.1
ln_F(188,4)     -4.43317      47231.7
ln_F(188,5)     -3.78691      66480.5
ln_F(188,6)     -1.85518     -95731.8
ln_F(188,7)     -2.19085     -94912.5
ln_F(189,1)     -3.51328      52976.6
ln_F(189,2)     -4.04764      8149.18
ln_F(189,3)     -2.46072       181187
ln_F(189,4)     -4.53525      39896.4
ln_F(189,5)     -4.31895      46405.8
ln_F(189,6)     -2.40794     -75113.8
ln_F(189,7)     -2.97306     -38223.8
ln_F(190,1)     -4.01898        10188
ln_F(190,2)     -4.17566        47527
ln_F(190,3)     -4.28878     -4146.53
ln_F(190,4)      -4.6425      39791.4
ln_F(190,5)     -4.61974      40717.6
ln_F(190,6)     -3.01831     -41487.4
ln_F(190,7)     -4.02478      20109.6
ln_F(191,1)     -3.93016     -27330.6
ln_F(191,2)     -4.09521      57310.3
ln_F(191,3)     -1.36807  1.6048e+006
ln_F(191,4)     -4.22189      53854.8
ln_F(191,5)     -4.28951      51216.4
ln_F(191,6)     -1.67971      -743300
ln_F(191,7)     -3.17232     -94548.5
ln_F(192,1)     -3.97827      35071.8
ln_F(192,2)     -4.99741      267.313
ln_F(192,3)     -4.05023     -38355.2
ln_F(192,4)     -4.23429      59753.8
ln_F(192,5)     -4.28354      58229.6
ln_F(192,6)     -2.81221       176226
ln_F(192,7)     -3.71814      51166.4
ln_F(193,1)     -4.99076      976.047
ln_F(193,2)     -4.96347      1385.95
ln_F(193,3)     -4.24741      31028.2
ln_F(193,4)     -4.18437      62137.2
ln_F(193,5)     -4.22576      64059.9
ln_F(193,6)     -3.35053      57876.6
ln_F(193,7)     -3.69433      42003.9
ln_F(194,1)     -3.70654      33842.2
ln_F(194,2)     -4.63421     -16984.9
ln_F(194,3)     -4.34519      32218.6
ln_F(194,4)     -4.98408     -1422.63
ln_F(194,5)     -3.81009      55439.4
ln_F(194,6)     -3.14514        35688
ln_F(194,7)     -3.62879        18444
ln_F(195,1)     -3.39398      20116.1
ln_F(195,2)     -4.82118       -10839
ln_F(195,3)     -4.40433      34433.2
ln_F(195,4)      -4.8883      12358.9
ln_F(195,5)     -2.98941       123506
ln_F(195,6)     -2.43811      39705.6
ln_F(195,7)     -2.97145      40112.8
ln_F(196,1)     -2.60131      31167.8
ln_F(196,2)     -3.65697     -24673.9
ln_F(196,3)      -4.3876        31289
ln_F(196,4)     -3.30578      85418.9
ln_F(196,5)      -4.5748      8236.07
ln_F(196,6)     -2.04662      47908.5
ln_F(196,7)     -2.50541      35787.1
ln_F(197,1)     -4.34557     -24304.9
ln_F(197,2)     -3.28501      32483.5
ln_F(197,3)      -4.1297      43690.1
ln_F(197,4)     -4.99995      106.259
ln_F(197,5)     -3.30478      75218.2
ln_F(197,6)     -1.74523      41509.4
ln_F(197,7)     -2.32889      26038.5
ln_F(198,1)     -2.33852      29983.2
ln_F(198,2)      -3.5378     -52113.9
ln_F(198,3)     -4.29504      45947.5
ln_F(198,4)     -4.19429     -37494.4
ln_F(198,5)     -4.03062     -36046.4
ln_F(198,6)     -1.58282        15313
ln_F(198,7)     -2.16768      18386.2
ln_F(199,1)    -0.927135     -7999.17
ln_F(199,2)     -1.33989     -99900.1
ln_F(199,3)     -3.81841      21983.4
ln_F(199,4)       2.2311       511836
ln_F(199,5)    -0.771332      95249.8
ln_F(199,6)      4.24147 1.66594e+006
ln_F(199,7)     0.121245      18026.3
ln_F(200,1)    -0.759248     -46028.6
ln_F(200,2)    -0.052403     -61157.8
ln_F(200,3)     -3.32994      80002.5
ln_F(200,4)      -1.3723      -159742
ln_F(200,5)     -1.20481      -110536
ln_F(200,6)      3.02523       379675
ln_F(200,7)      1.97251       209543
ln_F(201,1)      1.13358      -347079
ln_F(201,2)    -0.449484      57639.4
ln_F(201,3)     -3.15363      47098.5
ln_F(201,4)     -2.33096       110561
ln_F(201,5)     -2.42228      94967.2
ln_F(201,6)    -0.291287      75588.7
ln_F(201,7)    -0.865127      65046.8
ln_F(202,1)      -0.4549       -54697
ln_F(202,2)      1.28829       390609
ln_F(202,3)     -3.21582       2479.1
ln_F(202,4)    -0.181055 -1.25192e+006
ln_F(202,5)     -2.94686      9344.59
ln_F(202,6)    -0.779748       108457
ln_F(202,7)      1.47647       466224
ln_F(203,1)     -1.20623     -87533.7
ln_F(203,2)     -1.53839       -72686
ln_F(203,3)     -2.82486      86572.8
ln_F(203,4)     -3.02159       119915
ln_F(203,5)     -2.81295     -83456.1
ln_F(203,6)   -0.0499277      -110209
ln_F(203,7)    -0.796411     -80971.3
ln_F(204,1)     -2.71067      31640.6
ln_F(204,2)     -2.16893      23537.2
ln_F(204,3)     -2.93886      22044.8
ln_F(204,4)     -3.05001       201553
ln_F(204,5)     -2.91161       224842
ln_F(204,6)     -1.51232      55690.7
ln_F(204,7)     -2.19373      23815.5
ln_F(205,1)     -3.01657      41797.5
ln_F(205,2)     -2.22068     -27816.9
ln_F(205,3)     -2.48229        88953
ln_F(205,4)     -2.73903       296943
ln_F(205,5)     -2.07497       678502
ln_F(205,6)     -1.23427      -159887
ln_F(205,7)     -2.17991     -23565.4
ln_F(206,1)     -3.81839      61722.6
ln_F(206,2)     -4.02732      59357.6
ln_F(206,3)     -3.06589      86147.5
ln_F(206,4)     -3.40345      -199801
ln_F(206,5)     -4.47496     -28944.3
ln_F(206,6)     -3.03813      44031.3
ln_F(206,7)     -3.67145      60945.2
ln_F(207,1)     -4.40413     -38963.2
ln_F(207,2)      -4.2188     -18803.6
ln_F(207,3)     -3.37064       112182
ln_F(207,4)     -4.61504      4311.36
ln_F(207,5)     -4.47487      12872.3
ln_F(207,6)     -3.16769      46055.6
ln_F(207,7)     -4.30313      65547.5
ln_F(208,1)     -3.69849     -7230.31
ln_F(208,2)     -3.24516      8489.72
ln_F(208,3)     -3.33441       112811
ln_F(208,4)     -4.36472     -5510.77
ln_F(208,5)     -4.41747      3499.71
ln_F(208,6)     -2.61057      70254.9
ln_F(208,7)     -3.43254     -406.354
ln_F(209,1)     -4.97472     -9642.72
ln_F(209,2)     -3.27692      4278.42
ln_F(209,3)     -3.26368       104178
ln_F(209,4)     -4.38402      3399.63
ln_F(209,5)     -4.20238     -29821.4
ln_F(209,6)     -3.03701      31139.4
ln_F(209,7)     -3.59771     -15554.5
ln_F(210,1)     -4.15633     -43147.2
ln_F(210,2)     -4.20236     -2070.33
ln_F(210,3)     -3.19871       114015
ln_F(210,4)     -4.22255     -9450.81
ln_F(210,5)     -4.22746     -26837.9
ln_F(210,6)     -3.16837      -2294.7
ln_F(210,7)     -3.91383     -37990.5
ln_F(211,1)     -3.85303     -15117.1
ln_F(211,2)     -3.89183     -75385.1
ln_F(211,3)     -3.60062      92491.6
ln_F(211,4)     -4.81404      14029.8
ln_F(211,5)       -4.996     -3524.14
ln_F(211,6)     -2.74679       7914.6
ln_F(211,7)      -3.3467     -39478.5
ln_F(212,1)     -3.74602      15079.3
ln_F(212,2)      -3.7373     -16826.1
ln_F(212,3)     -3.48366      96484.6
ln_F(212,4)     -4.21969     -6586.29
ln_F(212,5)     -4.16498     -5540.97
ln_F(212,6)     -2.74553     -28758.7
ln_F(212,7)     -3.22033     -45824.9
ln_F(213,1)     -3.60921     -27010.2
ln_F(213,2)     -3.94914      35722.6
ln_F(213,3)     -3.32344       111067
ln_F(213,4)     -3.89828      21392.1
ln_F(213,5)     -3.76478      22688.6
ln_F(213,6)     -2.60154     -19784.3
ln_F(213,7)     -3.05716     -32252.1
ln_F(214,1)     -3.13841      482.905
ln_F(214,2)     -3.42839      5603.15
ln_F(214,3)     -3.41854      90486.5
ln_F(214,4)     -3.40919      54414.7
ln_F(214,5)     -3.41879      54278.5
ln_F(214,6)     -2.31045      5749.01
ln_F(214,7)     -2.71729     -5791.61
ln_F(215,1)     -2.64345      30695.8
ln_F(215,2)     -4.91745     -5201.56
ln_F(215,3)     -3.69558      73376.7
ln_F(215,4)     -3.06245      65969.7
ln_F(215,5)     -2.83316        69004
ln_F(215,6)    -0.799807       149122
ln_F(215,7)     -1.78845      50616.2
ln_F(216,1)     -2.06062      75251.7
ln_F(216,2)     -2.55921      64740.2
ln_F(216,3)     -3.55772      78824.7
ln_F(216,4)     -1.70586      -178557
ln_F(216,5)     -3.00639      18387.9
ln_F(216,6)    -0.295157       190618
ln_F(216,7)     -1.39976      73164.5
ln_F(217,1)     -2.10235     -65864.8
ln_F(217,2)      -2.6161       -31826
ln_F(217,3)     -3.36209        89024
ln_F(217,4)     -2.68631     -74951.1
ln_F(217,5)     -2.71653     -95528.3
ln_F(217,6)     -0.95849      40261.6
ln_F(217,7)     -1.05957      38099.5
ln_F(218,1)      1.58236      -144107
ln_F(218,2)     0.371323     -96115.7
ln_F(218,3)     -2.60972       136642
ln_F(218,4)     -1.01559     -71365.4
ln_F(218,5)     -1.10373     -65546.4
ln_F(218,6)       4.9972     -28621.2
ln_F(218,7)      1.50955      -137139
ln_F(219,1)      1.26558     -99760.2
ln_F(219,2)    -0.333652     -58645.5
ln_F(219,3)     -2.62158      59224.1
ln_F(219,4)     -1.68926      2408.24
ln_F(219,5)     -1.83318      3366.77
ln_F(219,6)      4.28969      -569744
ln_F(219,7)      2.01013      -136924
ln_F(220,1)     0.815667      -105575
ln_F(220,2)    -0.285073     -87552.9
ln_F(220,3)     -2.16873      67772.1
ln_F(220,4)     -2.32328        17314
ln_F(220,5)     -2.52223      18202.3
ln_F(220,6)      1.12951     -6257.97
ln_F(220,7)     0.833464      -107021
ln_F(221,1)    -0.724614       -99027
ln_F(221,2)     -1.32602      3026.92
ln_F(221,3)     -1.91068      70318.3
ln_F(221,4)     -3.32862      20774.1
ln_F(221,5)     -2.83538      25171.8
ln_F(221,6)     0.534324      -163161
ln_F(221,7)     0.483336      -165527
ln_F(222,1)     -1.99674     -2162.42
ln_F(222,2)     -1.79957     -2490.52
ln_F(222,3)     -2.30395      34904.7
ln_F(222,4)     -3.75604      20638.8
ln_F(222,5)     -3.36766      21969.2
ln_F(222,6)     -1.11542      28309.2
ln_F(222,7)    -0.750045     -91176.5
ln_F(223,1)     -2.58735      10242.3
ln_F(223,2)     -2.96042      14904.4
ln_F(223,3)     -3.10491      29210.8
ln_F(223,4)     -4.02017      17642.1
ln_F(223,5)     -3.54319      26588.3
ln_F(223,6)     -1.23314      56295.3
ln_F(223,7)     -1.80949      10572.4
ln_F(224,1)     -3.16338      11521.1
ln_F(224,2)     -3.31736      9811.74
ln_F(224,3)     -2.89826      42012.2
ln_F(224,4)      -4.1519      15288.5
ln_F(224,5)     -3.44974      38667.1
ln_F(224,6)     -2.03255      41182.4
ln_F(224,7)     -2.25933      30400.1
ln_F(225,1)     -4.20851     -33823.1
ln_F(225,2)     -4.23459     -34439.6
ln_F(225,3)      -3.1005      41290.3
ln_F(225,4)     -4.21344      16321.1
ln_F(225,5)     -3.67336      34747.6
ln_F(225,6)     -2.46774      59324.2
ln_F(225,7)     -2.54463      63205.8
ln_F(226,1)      -4.0526     -33866.1
ln_F(226,2)     -4.79021      19621.4
ln_F(226,3)     -3.99209      22070.6
ln_F(226,4)     -4.26763      19826.9
ln_F(226,5)      -3.3805        61693
ln_F(226,6)     -2.58334      88256.9
ln_F(226,7)     -4.00372     -33971.2
ln_F(227,1)     -4.09369     -20154.1
ln_F(227,2)     -3.15578      -155653
ln_F(227,3)     -4.64255      10103.5
ln_F(227,4)     -3.90062      35516.5
ln_F(227,5)     -2.94227      91201.2
ln_F(227,6)     -2.86325     -63066.8
ln_F(227,7)     -3.50119      -1648.1
ln_F(228,1)     -3.88807     -13521.7
ln_F(228,2)     -4.70931     -22186.1
ln_F(228,3)     -3.57132      48680.7
ln_F(228,4)     -3.77507      37903.9
ln_F(228,5)     -2.99725      75128.2
ln_F(228,6)     -2.45429     -10537.9
ln_F(228,7)      -3.5239     -12371.6
ln_F(229,1)     -3.64117      17402.3
ln_F(229,2)     -2.91777      4084.24
ln_F(229,3)     -3.29502      52782.8
ln_F(229,4)      -3.4929      37069.2
ln_F(229,5)     -2.72812      64640.5
ln_F(229,6)     -1.76144      35222.4
ln_F(229,7)     -2.82273      9859.89
ln_F(230,1)     -1.47624      44528.9
ln_F(230,2)      -1.8521      18723.4
ln_F(230,3)     -3.19949      51663.8
ln_F(230,4)     -2.93565      33020.3
ln_F(230,5)     -2.02865      73402.4
ln_F(230,6)     -1.08253      76963.2
ln_F(230,7)     -2.16929      1827.64
ln_F(231,1)     -1.75051      14768.1
ln_F(231,2)      -2.2298      10932.9
ln_F(231,3)     -2.99406      64304.2
ln_F(231,4)      -2.9854      31286.3
ln_F(231,5)     -2.18633      52493.8
ln_F(231,6)    0.0674881      82689.4
ln_F(231,7)      -1.6733      14691.4
ln_F(232,1)     -1.68379      17154.2
ln_F(232,2)     -1.30862        19622
ln_F(232,3)     -2.25675      75843.8
ln_F(232,4)     -3.26709      37864.2
ln_F(232,5)      -2.8142      41969.9
ln_F(232,6)    -0.027776      98071.9
ln_F(232,7)     -1.65293      17264.6
ln_F(233,1)     -1.62994        24559
ln_F(233,2)     -1.26172      39284.7
ln_F(233,3)     -2.22814      78512.4
ln_F(233,4)     -3.55192      37492.2
ln_F(233,5)      -3.1187      42173.9
ln_F(233,6)    -0.299517       106473
ln_F(233,7)     -1.74306      20791.8
ln_F(234,1)     -2.10734      24600.3
ln_F(234,2)     -2.09591      24996.6
ln_F(234,3)     -3.18629      69916.7
ln_F(234,4)     -3.54553     -64433.3
ln_F(234,5)     -3.43335      24945.5
ln_F(234,6)     -1.28267      42287.7
ln_F(234,7)     -2.24648      20480.3
ln_F(235,1)     -2.59172      25520.4
ln_F(235,2)     -3.39419     -48563.6
ln_F(235,3)     -3.73311      38932.7
ln_F(235,4)     -4.02704      28424.5
ln_F(235,5)     -3.83407      25045.5
ln_F(235,6)     -1.46338      41249.3
ln_F(235,7)     -2.45393      32854.7
ln_F(236,1)     -3.04664      20410.1
ln_F(236,2)     -3.66959     -32159.7
ln_F(236,3)     -2.78721       119843
ln_F(236,4)     -4.16612      27214.6
ln_F(236,5)     -3.22454       110270
ln_F(236,6)     -3.29278      -141702
ln_F(236,7)     -2.95605      26336.3
ln_F(237,1)     -3.39266       -50326
ln_F(237,2)     -3.71581     -1550.97
ln_F(237,3)     -3.62392        18709
ln_F(237,4)     -4.85336      1584.11
ln_F(237,5)     -4.03291     -31239.2
ln_F(237,6)     -2.05237      99841.1
ln_F(237,7)     -3.41581      3641.35
ln_F(238,1)     -3.06392      9418.24
ln_F(238,2)     -2.95165      -117963
ln_F(238,3)     -3.98478     -60178.4
ln_F(238,4)     -4.82574     -4835.91
ln_F(238,5)       -4.276     -11131.8
ln_F(238,6)     -2.39455      87283.4
ln_F(238,7)     -3.59708     -5968.73
ln_F(239,1)     -3.94683     -17378.6
ln_F(239,2)     -3.69323     -20740.1
ln_F(239,3)      -4.8873      -2593.4
ln_F(239,4)     -4.33671     -14382.6
ln_F(239,5)     -3.73625     -10795.1
ln_F(239,6)      -2.1931      70902.3
ln_F(239,7)     -3.68686     -12603.5
ln_F(240,1)     -2.95397      8051.34
ln_F(240,2)     -3.33942     -51169.3
ln_F(240,3)      -4.1808     -20704.9
ln_F(240,4)     -4.45632     -756.252
ln_F(240,5)     -3.64459     -27574.1
ln_F(240,6)     -2.74561     -97615.1
ln_F(240,7)     -2.90075     -72768.4
ln_F(241,1)     -2.32434      13950.8
ln_F(241,2)     -2.30372     -94139.5
ln_F(241,3)      -3.7997      3868.54
ln_F(241,4)     -3.16623      55252.4
ln_F(241,5)     -2.25133      18751.4
ln_F(241,6)     -1.62515      23409.2
ln_F(241,7)     -2.85453     -13462.9
ln_F(242,1)    -0.538348      -301452
ln_F(242,2)     -1.90941     -65771.9
ln_F(242,3)     -3.73817     -32366.4
ln_F(242,4)     -2.82399      58641.2
ln_F(242,5)     -2.32096        38757
ln_F(242,6)     -1.15522      34846.6
ln_F(242,7)     -1.59537      36937.8
ln_F(243,1)     -1.76138        16900
ln_F(243,2)     -2.60827     -44300.3
ln_F(243,3)     -4.43858     -21649.2
ln_F(243,4)      -3.4877      23877.4
ln_F(243,5)     -3.22139      5927.88
ln_F(243,6)     -2.02267      -124081
ln_F(243,7)     -1.78886      22469.5
ln_F(244,1)    -0.597313     -88695.1
ln_F(244,2)     -2.05406      4389.54
ln_F(244,3)     -4.17612     -19097.7
ln_F(244,4)     -3.33015     -13417.9
ln_F(244,5)     -2.24083      2653.76
ln_F(244,6)   -0.0790025      572.801
ln_F(244,7)    -0.602961     -92572.5
ln_F(245,1)     -1.02327      19288.4
ln_F(245,2)     -1.55805      -2143.4
ln_F(245,3)     -3.54945     -48378.7
ln_F(245,4)     -2.70545     -49839.6
ln_F(245,5)     -1.26418      6609.97
ln_F(245,6)      1.12605      24607.6
ln_F(245,7)    -0.379135      49136.6
ln_F(246,1)    -0.583249      15889.6
ln_F(246,2)     -1.20937     -43534.8
ln_F(246,3)      -3.5287     -46685.2
ln_F(246,4)      -2.4689     -47971.4
ln_F(246,5)    -0.425729      58055.8
ln_F(246,6)      1.23543      32853.8
ln_F(246,7)    -0.418029     -2035.19
ln_F(247,1)      1.13743      32176.2
ln_F(247,2)     0.739899      -124688
ln_F(247,3)     -3.23155     -45931.3
ln_F(247,4)      -1.2597     -56308.1
ln_F(247,5)     0.538287      73949.3
ln_F(247,6)      3.95711      55531.6
ln_F(247,7)      1.17695      32027.7
ln_F(248,1)      3.52544      38662.4
ln_F(248,2)      3.52527      36540.5
ln_F(248,3)     -2.77542     -79672.7
ln_F(248,4)     0.702301     -71766.9
ln_F(248,5)      3.39969     -78925.3
ln_F(248,6)      4.10456      16732.8
ln_F(248,7)      3.75746      21402.9
ln_F(249,1)      4.67934      59311.2
ln_F(249,2)       4.5669        34811
ln_F(249,3)     -2.51959      -110092
ln_F(249,4)     0.640244     -1093.89
ln_F(249,5)      1.77881     -58864.6
ln_F(249,6)      4.86675      1075.21
ln_F(249,7)      4.43595      6750.89
ln_F(250,1)      4.36368      -102628
ln_F(250,2)      3.56194     -15779.5
ln_F(250,3)     -2.44926      -118309
ln_F(250,4)     0.480288      41504.5
ln_F(250,5)      1.12016      58811.7
ln_F(250,6)      3.60199     -23697.3
ln_F(250,7)      3.57124     -18199.1
ln_F(251,1)      2.50815      12924.5
ln_F(251,2)      2.64229     -2383.94
ln_F(251,3)     -2.17277      59982.7
ln_F(251,4)    -0.208985     -72595.4
ln_F(251,5)     0.235411      65154.3
ln_F(251,6)      3.27769      283.652
ln_F(251,7)      2.92458     -3014.84
ln_F(252,1)      1.82697      -8670.4
ln_F(252,2)      2.44761     -1929.76
ln_F(252,3)     -1.72552      38060.3
ln_F(252,4)     -1.08216      2265.15
ln_F(252,5)     -1.03829     -60795.1
ln_F(252,6)      2.57295      4003.76
ln_F(252,7)      2.26391     -6239.28
ln_F(253,1)      1.41905       -12350
ln_F(253,2)      1.93594      94053.4
ln_F(253,3)     -0.90303      61588.8
ln_F(253,4)     -1.40175      5562.84
ln_F(253,5)    -0.932832        13368
ln_F(253,6)      2.35318      29113.4
ln_F(253,7)      1.72363     -646.488
ln_F(254,1)     0.892287       -13668
ln_F(254,2)     0.514863     -34894.7
ln_F(254,3)    -0.694958      38821.6
ln_F(254,4)     -1.82905      3216.38
ln_F(254,5)     -1.63575     -20361.1
ln_F(254,6)      -2.3997       390778
ln_F(254,7)      1.09375      2877.63
ln_F(255,1)      2.15417     -48244.1
ln_F(255,2)      1.50992     -47648.1
ln_F(255,3)      3.73289       317680
ln_F(255,4)    -0.636184      26962.2
ln_F(255,5)    -0.252626      13012.9
ln_F(255,6)      2.79324      64661.9
ln_F(255,7)      2.20345     -49833.9
ln_F(256,1)      4.44385     -52159.2
ln_F(256,2)      3.92055      749.569
ln_F(256,3)      4.23908      -118741
ln_F(256,4)     0.332595       124550
ln_F(256,5)       1.7566     -27533.5
ln_F(256,6)      2.54143       355074
ln_F(256,7)      3.79069      29476.5
