ParName   Value   Gradient
ln_R_ave(1)       12.039 -0.000108206
ln_rec_devs(1,1)     0.724449 3.26289e-006
ln_rec_devs(1,2)     0.316207 -2.30722e-007
ln_rec_devs(1,3)    -0.214216 9.79003e-007
ln_rec_devs(1,4)     0.393977 2.88905e-006
ln_rec_devs(1,5)      1.14991  7.6132e-006
ln_rec_devs(1,6)       0.3902 4.60324e-006
ln_rec_devs(1,7)     0.809713 7.65367e-006
ln_rec_devs(1,8)      1.13094 1.69734e-005
ln_rec_devs(1,9)      1.21807 1.36511e-005
ln_rec_devs(1,10)      1.01091 5.76749e-006
ln_rec_devs(1,11)      1.13231 5.35092e-006
ln_rec_devs(1,12)     0.313616 1.80402e-007
ln_rec_devs(1,13)     0.776977 -3.41438e-006
ln_rec_devs(1,14)     0.624174 -3.17037e-006
ln_rec_devs(1,15)     0.584199 -1.22966e-006
ln_rec_devs(1,16)     0.240549 -1.99918e-006
ln_rec_devs(1,17)     0.655696 -9.7553e-007
ln_rec_devs(1,18)     0.690664 5.68553e-007
ln_rec_devs(1,19)     0.627023 2.09933e-006
ln_rec_devs(1,20)     0.753367 4.71719e-006
ln_rec_devs(1,21)      1.04559 1.24135e-005
ln_rec_devs(1,22)     0.844323 6.75212e-006
ln_rec_devs(1,23)      1.04204 1.10183e-005
ln_rec_devs(1,24)     0.598381 3.75241e-006
ln_rec_devs(1,25)     0.612514 7.98119e-009
ln_rec_devs(1,26)      0.60441 8.10539e-007
ln_rec_devs(1,27)     0.356435 3.74158e-007
ln_rec_devs(1,28)     0.357144 -5.1615e-007
ln_rec_devs(1,29)     0.450248 -2.39251e-006
ln_rec_devs(1,30)     0.556041 -3.74464e-006
ln_rec_devs(1,31)     0.923745 -9.18052e-006
ln_rec_devs(1,32)     0.804966 -1.21919e-005
ln_rec_devs(1,33)     0.915957 -2.84813e-005
ln_rec_devs(1,34)     0.716047 -1.40361e-005
ln_rec_devs(1,35)     0.346299 -1.16209e-006
ln_rec_devs(1,36)     0.480658 -1.04504e-006
ln_rec_devs(1,37)     0.255448 -1.61333e-006
ln_rec_devs(1,38)     0.472018 6.76406e-007
ln_rec_devs(1,39)     0.767284 5.35115e-006
ln_rec_devs(1,40)     0.761855 5.29436e-006
ln_rec_devs(1,41)      1.11158 4.24932e-006
ln_rec_devs(1,42)     0.780778 3.70944e-006
ln_rec_devs(1,43)     0.954032 8.06378e-007
ln_rec_devs(1,44)     0.474447 -9.33351e-007
ln_rec_devs(1,45)     0.619775 -4.23112e-007
ln_rec_devs(1,46)     0.569728 -1.02558e-006
ln_rec_devs(1,47)     0.757325 -2.50406e-006
ln_rec_devs(1,48)     0.183339 1.27748e-006
ln_rec_devs(1,49)      0.38919 1.11866e-007
ln_rec_devs(1,50)      1.05865 -1.79754e-006
ln_rec_devs(1,51)     0.980436 2.27455e-006
ln_rec_devs(1,52)      0.60252  8.9351e-007
ln_rec_devs(1,53)     0.620645  -1.334e-006
ln_rec_devs(1,54)     0.503213 -5.48432e-007
ln_rec_devs(1,55)     0.595565 -2.62824e-006
ln_rec_devs(1,56)     0.694324 -1.31724e-006
ln_rec_devs(1,57)     0.444795 -1.53231e-006
ln_rec_devs(1,58)     0.125402 -1.36933e-006
ln_rec_devs(1,59)    0.0120675 -1.45303e-006
ln_rec_devs(1,60)     0.189251 -1.36632e-006
ln_rec_devs(1,61)     0.205783 -2.71285e-006
ln_rec_devs(1,62)     0.684316 -3.07665e-006
ln_rec_devs(1,63)     0.613054 -3.64462e-006
ln_rec_devs(1,64)     0.476413 -4.06636e-006
ln_rec_devs(1,65)     0.537902 -3.98219e-006
ln_rec_devs(1,66)     0.504476 -4.9645e-006
ln_rec_devs(1,67)     0.462395 -2.99965e-006
ln_rec_devs(1,68)       1.1132 -6.34162e-006
ln_rec_devs(1,69)     0.872469 -3.27209e-006
ln_rec_devs(1,70)      1.01785 -4.11326e-006
ln_rec_devs(1,71)     0.821182 -2.33273e-006
ln_rec_devs(1,72)      1.33444 -3.55584e-006
ln_rec_devs(1,73)      1.01052 -1.11793e-007
ln_rec_devs(1,74)     0.754741 -2.45392e-006
ln_rec_devs(1,75)     0.594321 -1.13899e-006
ln_rec_devs(1,76)     0.590088 -7.13083e-007
ln_rec_devs(1,77)     0.267558 -2.68706e-006
ln_rec_devs(1,78)     0.842375 -6.79228e-006
ln_rec_devs(1,79)     0.708276 -1.7418e-005
ln_rec_devs(1,80)     0.986676 -2.11655e-006
ln_rec_devs(1,81)      1.11195 -1.94223e-006
ln_rec_devs(1,82)     0.670793 -2.2737e-006
ln_rec_devs(1,83)     0.436239 -1.14957e-006
ln_rec_devs(1,84)     0.575105 -2.5533e-007
ln_rec_devs(1,85)     0.757829 -1.52696e-006
ln_rec_devs(1,86)     0.932107 -9.75654e-007
ln_rec_devs(1,87)     0.564311 1.31021e-007
ln_rec_devs(1,88)     0.770818 7.06742e-008
ln_rec_devs(1,89)     0.446323 -1.04845e-006
ln_rec_devs(1,90)     0.879509 -3.26285e-006
ln_rec_devs(1,91)     0.953068 -4.21809e-006
ln_rec_devs(1,92)     0.814646 -8.14394e-007
ln_rec_devs(1,93)      1.01876 -1.00884e-005
ln_rec_devs(1,94)     0.732263 -2.02843e-006
ln_rec_devs(1,95)     0.941458 -5.4043e-007
ln_rec_devs(1,96)     0.635369 -3.14402e-006
ln_rec_devs(1,97)     0.878113 -1.37077e-006
ln_rec_devs(1,98)     0.418749 -3.60691e-006
ln_rec_devs(1,99)     0.420715 -3.97174e-006
ln_rec_devs(1,100)     0.198855 -1.06548e-006
ln_rec_devs(1,101)     0.284307 -3.57563e-006
ln_rec_devs(1,102)     0.680034 -2.92536e-006
ln_rec_devs(1,103)     0.426856 -1.95546e-006
ln_rec_devs(1,104)     0.253746 -9.08152e-008
ln_rec_devs(1,105)     0.604892 3.11223e-006
ln_rec_devs(1,106)     0.218221 1.49059e-006
ln_rec_devs(1,107)     0.271295 9.02544e-007
ln_rec_devs(1,108)     0.837213 4.74575e-006
ln_rec_devs(1,109)      1.07107 7.28776e-007
ln_rec_devs(1,110)      1.01432 2.02788e-007
ln_rec_devs(1,111)       1.2673 -1.07167e-006
ln_rec_devs(1,112)      1.04815 9.47792e-007
ln_rec_devs(1,113)      1.32965 -2.48099e-006
ln_rec_devs(1,114)      1.17502 -8.76123e-007
ln_rec_devs(1,115)     0.800136 8.29247e-007
ln_rec_devs(1,116)     0.732852 3.78067e-006
ln_rec_devs(1,117)      0.65823 2.79825e-006
ln_rec_devs(1,118)     0.746259 3.52798e-006
ln_rec_devs(1,119)     0.867572 4.65072e-006
ln_rec_devs(1,120)     0.513955 -6.06403e-007
ln_rec_devs(1,121)     0.484965 6.81863e-007
ln_rec_devs(1,122)     0.378813 1.40776e-006
ln_rec_devs(1,123)     0.177345 3.95204e-007
ln_rec_devs(1,124)    0.0971808 2.17761e-006
ln_rec_devs(1,125)     0.605655 -2.89687e-007
ln_rec_devs(1,126)     0.572298 -1.24357e-006
ln_rec_devs(1,127)     0.654501 2.96115e-007
ln_rec_devs(1,128)    0.0922473 -1.67393e-006
ln_rec_devs(1,129)     0.642255 -5.87506e-006
ln_rec_devs(1,130)     0.463258 -4.3286e-006
ln_rec_devs(1,131)     0.443451 -2.41462e-006
ln_rec_devs(1,132)     0.733915 -4.71171e-006
ln_rec_devs(1,133)     0.639408 -4.05671e-006
ln_rec_devs(1,134)     0.698128 -5.14685e-006
ln_rec_devs(1,135)       1.1913 -6.31615e-006
ln_rec_devs(1,136)     0.724553 -8.34965e-007
ln_rec_devs(1,137)     0.730659 -1.06802e-006
ln_rec_devs(1,138)     0.420386 2.69193e-007
ln_rec_devs(1,139)     0.744495 9.95383e-007
ln_rec_devs(1,140)     0.908509 1.88826e-007
ln_rec_devs(1,141)     0.917209 -1.53937e-006
ln_rec_devs(1,142)     0.975751 -6.25136e-006
ln_rec_devs(1,143)      0.80386 -3.70998e-006
ln_rec_devs(1,144)     0.766453 -4.04354e-006
ln_rec_devs(1,145)     0.253122 -2.07198e-006
ln_rec_devs(1,146)    0.0962381 -5.94455e-007
ln_rec_devs(1,147)     0.348267 -6.58787e-007
ln_rec_devs(1,148)    -0.194553 -4.56329e-007
ln_rec_devs(1,149)    -0.126422 6.34637e-007
ln_rec_devs(1,150)    -0.046634 3.00954e-007
ln_T_CNST(1,1)    -0.691396 -7.25933e-005
ln_T_CNST(2,1)      1.47732 2.62985e-005
log_sel_beta1(1,1)     0.644371 2.63597e-006
log_sel_beta1(1,2)    0.0372598 -2.6503e-006
log_sel_beta1(1,3)     0.138122 -1.29044e-005
log_sel_beta1(1,4)    0.0551958 -1.08168e-005
log_sel_beta1(2,1)     0.472981 -1.50624e-006
log_sel_beta1(2,2)    0.0498728 -3.00831e-006
log_sel_beta1(2,3)     0.128805 2.07372e-006
log_sel_beta1(2,4)     -1.16928 -1.66338e-008
log_sel_beta2(1,1)      2.01131 1.27011e-005
log_sel_beta2(1,2)      2.03165 -2.98903e-006
log_sel_beta2(1,3)      1.97171 2.66893e-005
log_sel_beta2(1,4)      1.87985 -1.17261e-005
log_sel_beta2(2,1)       1.9593 -1.3372e-005
log_sel_beta2(2,2)      2.13101 1.48297e-005
log_sel_beta2(2,3)      1.87344 1.11687e-005
log_sel_beta2(2,4)      1.29337 2.74804e-007
log_sel_beta3(1,1)    -0.995169 -7.07552e-006
log_sel_beta3(1,2)     -1.16998 -1.67027e-008
log_sel_beta3(1,3)     -2.39162 -1.3652e-005
log_sel_beta3(1,4)    -0.649186 9.33963e-006
log_sel_beta3(2,1)     -1.51865 3.04061e-006
log_sel_beta3(2,2)     -1.16998 -1.67027e-008
log_sel_beta3(2,3)     -1.41657 -1.24712e-006
log_sel_beta3(2,4)     -1.16998 -1.67027e-008
log_sel_beta4(1,1)     -4.99999 1.05236e-007
log_sel_beta4(1,2)        -1.18 -1.76895e-008
log_sel_beta4(1,3)     -4.99995 1.02004e-006
log_sel_beta4(1,4)     -4.99999 -6.67785e-008
log_sel_beta4(2,1)     -4.99996 2.90239e-009
log_sel_beta4(2,2)        -1.18 -1.76895e-008
log_sel_beta4(2,3)      2.92224 -2.61192e-006
log_sel_beta4(2,4)        -1.18 -1.76895e-008
ln_q(1,1)          -15 -1.62577e-006
ln_F(1,1)     -6.79915 -2.83975e-009
ln_F(1,2)     -8.00729 -2.94864e-007
ln_F(1,3)     -13.2615 -3.95952e-007
ln_F(1,4)     -7.42178 -5.16874e-007
ln_F(2,1)     -6.38218 -2.29848e-007
ln_F(2,2)     -8.92034 -2.68271e-007
ln_F(2,3)     -13.2217 -1.53536e-006
ln_F(2,4)     -6.12539 -1.79284e-007
ln_F(3,1)     -6.26791 -4.64245e-007
ln_F(3,2)      -7.2555 -1.12111e-006
ln_F(3,3)     -13.2262 -7.61525e-007
ln_F(3,4)     -7.42632 1.48189e-007
ln_F(4,1)     -6.18112 5.95371e-007
ln_F(4,2)     -7.73642 -8.59327e-007
ln_F(4,3)     -7.21192 -6.32888e-008
ln_F(4,4)     -4.13757 6.35625e-008
ln_F(5,1)     -6.44107 -1.77273e-007
ln_F(5,2)     -8.00139 -3.75977e-007
ln_F(5,3)     -6.77026 1.02094e-006
ln_F(5,4)     -4.13757 6.35625e-008
ln_F(6,1)     -6.06088 1.44872e-006
ln_F(6,2)     -8.36605 3.32655e-007
ln_F(6,3)     -5.76696 -1.25628e-006
ln_F(6,4)     -4.13757 6.35625e-008
ln_F(7,1)     -5.96834 -9.77325e-007
ln_F(7,2)     -8.03069 7.60718e-007
ln_F(7,3)     -7.52962 6.57372e-007
ln_F(7,4)     -4.13757 6.35625e-008
ln_F(8,1)     -5.82441 -3.24131e-007
ln_F(8,2)     -8.11084  2.8421e-007
ln_F(8,3)     -6.52933 3.45344e-007
ln_F(8,4)     -4.13757 6.35625e-008
ln_F(9,1)     -6.10365 -3.57185e-007
ln_F(9,2)     -8.41178 5.02283e-007
ln_F(9,3)     -6.78512 -7.41042e-008
ln_F(9,4)     -4.13757 6.35625e-008
ln_F(10,1)     -5.61441 -5.65454e-007
ln_F(10,2)     -8.76464 -1.54417e-007
ln_F(10,3)     -5.34203 7.66851e-007
ln_F(10,4)     -4.13757 6.35625e-008
ln_F(11,1)     -5.40586 7.82948e-007
ln_F(11,2)     -7.87418 -4.80605e-007
ln_F(11,3)     -7.83403 1.37688e-006
ln_F(11,4)     -4.13757 6.35625e-008
ln_F(12,1)     -5.33023 -4.41849e-007
ln_F(12,2)     -7.77616 6.95818e-008
ln_F(12,3)       -6.027 -1.81871e-007
ln_F(12,4)     -9.08714 1.53403e-006
ln_F(13,1)     -5.70186 -1.70243e-006
ln_F(13,2)     -7.54983 4.14037e-007
ln_F(13,3)     -6.10412 9.53842e-007
ln_F(13,4)     -9.16621 3.24537e-007
ln_F(14,1)     -5.42248 3.38924e-007
ln_F(14,2)     -7.61257 6.97937e-007
ln_F(14,3)     -5.26157 -1.97926e-006
ln_F(14,4)     -9.23728 5.86469e-007
ln_F(15,1)     -5.53387 -4.13961e-007
ln_F(15,2)     -7.27275 -6.41555e-007
ln_F(15,3)     -6.90649 7.01148e-007
ln_F(15,4)     -9.32166 9.84971e-007
ln_F(16,1)     -6.17348 1.41655e-006
ln_F(16,2)      -7.1785 -8.72873e-007
ln_F(16,3)     -6.17073 -8.20228e-007
ln_F(16,4)     -10.7404 4.21679e-007
ln_F(17,1)     -6.25391 8.05085e-008
ln_F(17,2)     -6.83594 -5.2839e-007
ln_F(17,3)     -6.92494 -8.0354e-007
ln_F(17,4)      -10.722 1.27134e-006
ln_F(18,1)      -6.1148 5.92431e-007
ln_F(18,2)     -7.20394 -9.9962e-007
ln_F(18,3)     -4.95127 -1.54828e-006
ln_F(18,4)     -10.6296 1.43011e-006
ln_F(19,1)     -5.87757 1.22214e-006
ln_F(19,2)     -6.57781 -6.60736e-008
ln_F(19,3)     -6.10483 -4.92879e-007
ln_F(19,4)     -10.5566  -4.032e-008
ln_F(20,1)     -6.38564 1.69249e-006
ln_F(20,2)     -7.38169 -8.05739e-007
ln_F(20,3)     -5.21561 -5.78778e-007
ln_F(20,4)     -4.13757 6.35625e-008
ln_F(21,1)     -6.38446 -9.80367e-008
ln_F(21,2)     -7.06593 1.29671e-006
ln_F(21,3)     -4.50851 -1.57001e-007
ln_F(21,4)     -4.13757 6.35625e-008
ln_F(22,1)       -6.186 -4.67147e-007
ln_F(22,2)     -7.25828 6.77484e-007
ln_F(22,3)     -4.44804 -6.68069e-007
ln_F(22,4)     -4.13757 6.35625e-008
ln_F(23,1)     -6.09452 1.88024e-007
ln_F(23,2)     -7.04222 6.66463e-007
ln_F(23,3)     -5.13179 -6.02774e-007
ln_F(23,4)     -4.13757 6.35625e-008
ln_F(24,1)     -6.03552 -1.52479e-006
ln_F(24,2)     -7.21386 1.52113e-006
ln_F(24,3)     -4.43676 2.94816e-007
ln_F(24,4)     -4.13757 6.35625e-008
ln_F(25,1)     -6.00613 1.04765e-007
ln_F(25,2)     -7.29516 -5.20431e-007
ln_F(25,3)     -4.26388  4.1769e-007
ln_F(25,4)     -4.13757 6.35625e-008
ln_F(26,1)     -5.79246 -9.51036e-007
ln_F(26,2)      -7.9384 7.41303e-007
ln_F(26,3)     -4.21622 3.19396e-007
ln_F(26,4)     -4.13757 6.35625e-008
ln_F(27,1)     -5.67416 -3.29144e-007
ln_F(27,2)     -7.55283 1.79209e-006
ln_F(27,3)      -3.5388 7.56463e-007
ln_F(27,4)     -4.13757 6.35625e-008
ln_F(28,1)     -6.01154 -2.22014e-007
ln_F(28,2)     -7.31239 -1.70097e-007
ln_F(28,3)     -4.48186 5.73469e-007
ln_F(28,4)     -4.13757 6.35625e-008
ln_F(29,1)     -6.12599 6.68017e-007
ln_F(29,2)     -7.37491 1.17875e-006
ln_F(29,3)     -4.98643 6.57216e-008
ln_F(29,4)     -4.13757 6.35625e-008
ln_F(30,1)     -5.97252 -6.89647e-007
ln_F(30,2)     -7.45126 7.00658e-007
ln_F(30,3)     -4.23982 -3.16714e-007
ln_F(30,4)     -4.13757 6.35625e-008
ln_F(31,1)     -5.85951 2.11106e-007
ln_F(31,2)     -6.72389 8.86507e-007
ln_F(31,3)     -3.74802 -1.58607e-007
ln_F(31,4)     -4.13757 6.35625e-008
ln_F(32,1)     -5.90346 6.91159e-007
ln_F(32,2)      -6.4761 -1.60782e-007
ln_F(32,3)     -4.37972 -1.10769e-006
ln_F(32,4)     -4.13757 6.35625e-008
ln_F(33,1)     -6.04058 -1.30095e-008
ln_F(33,2)     -6.42281 1.19566e-006
ln_F(33,3)     -4.94454 -2.72334e-007
ln_F(33,4)     -4.13757 6.35625e-008
ln_F(34,1)     -5.90335 7.37411e-008
ln_F(34,2)     -7.24061 -5.11277e-007
ln_F(34,3)     -4.95818 -1.23787e-006
ln_F(34,4)     -4.13757 6.35625e-008
ln_F(35,1)     -5.63836 -2.91042e-007
ln_F(35,2)     -6.25268 3.83807e-008
ln_F(35,3)     -4.67615 -6.32439e-007
ln_F(35,4)     -4.13757 6.35625e-008
ln_F(36,1)     -5.33211 1.13016e-006
ln_F(36,2)     -6.36976 -5.40861e-007
ln_F(36,3)     -4.57444 -6.91114e-007
ln_F(36,4)     -4.13757 6.35625e-008
ln_F(37,1)         -5.5 5.08467e-007
ln_F(37,2)     -6.94847 -9.61024e-007
ln_F(37,3)      -4.7179 -1.05154e-006
ln_F(37,4)     -4.13757 6.35625e-008
ln_F(38,1)     -5.38615 -1.26794e-006
ln_F(38,2)     -7.03411 1.09385e-006
ln_F(38,3)     -4.23925 9.09588e-007
ln_F(38,4)     -4.13757 6.35625e-008
ln_F(39,1)     -5.39788 -8.7081e-007
ln_F(39,2)     -5.84091 -6.77957e-007
ln_F(39,3)     -4.60539 5.41257e-007
ln_F(39,4)     -4.13757 6.35625e-008
ln_F(40,1)     -5.15689 -7.49075e-007
ln_F(40,2)     -6.27936 -1.44254e-006
ln_F(40,3)     -4.18732 3.11109e-007
ln_F(40,4)     -4.13757 6.35625e-008
ln_F(41,1)     -5.59408 -1.67953e-006
ln_F(41,2)     -6.29902 2.57555e-007
ln_F(41,3)      -4.5855 -1.89723e-007
ln_F(41,4)     -4.13757 6.35625e-008
ln_F(42,1)     -5.19165 -4.13861e-007
ln_F(42,2)     -6.67976 -1.18603e-007
ln_F(42,3)     -3.88682 1.55681e-007
ln_F(42,4)     -4.13757 6.35625e-008
ln_F(43,1)     -4.96063 -4.1828e-007
ln_F(43,2)     -6.10146 -1.24259e-007
ln_F(43,3)     -3.57781 2.42202e-007
ln_F(43,4)     -4.13757 6.35625e-008
ln_F(44,1)     -4.91042 -1.74769e-006
ln_F(44,2)     -7.07487 6.99721e-007
ln_F(44,3)     -3.81743 7.77338e-007
ln_F(44,4)     -4.13757 6.35625e-008
ln_F(45,1)     -5.10397 -1.24811e-006
ln_F(45,2)     -6.95112  1.2931e-006
ln_F(45,3)     -4.16365 1.28421e-007
ln_F(45,4)     -4.13757 6.35625e-008
ln_F(46,1)     -4.71904 1.31996e-006
ln_F(46,2)       -7.064 -2.89768e-007
ln_F(46,3)     -4.01195 -3.29844e-007
ln_F(46,4)     -4.13757 6.35625e-008
ln_F(47,1)     -4.65323 7.77204e-007
ln_F(47,2)     -5.64914 -3.21159e-007
ln_F(47,3)     -4.13468  5.4524e-007
ln_F(47,4)     -4.13757 6.35625e-008
ln_F(48,1)     -5.09101 7.66305e-007
ln_F(48,2)     -5.24608 1.11323e-006
ln_F(48,3)      -3.7054 9.34158e-007
ln_F(48,4)     -6.67882  8.7156e-007
ln_F(49,1)     -5.34924 1.13092e-007
ln_F(49,2)     -6.18717 1.06931e-006
ln_F(49,3)      -4.4797 -2.44139e-008
ln_F(49,4)     -7.70848 4.40975e-007
ln_F(50,1)     -5.48571 2.70128e-006
ln_F(50,2)      -6.8853 -3.52158e-007
ln_F(50,3)     -3.98213 6.79714e-007
ln_F(50,4)      -5.9969 2.30232e-006
ln_F(51,1)     -4.74386 -2.7524e-006
ln_F(51,2)      -6.7693 2.39542e-006
ln_F(51,3)     -4.08733 8.20093e-007
ln_F(51,4)     -5.60433 -1.08042e-006
ln_F(52,1)     -4.92202 1.41806e-006
ln_F(52,2)     -6.16002 -1.17317e-006
ln_F(52,3)      -4.6958 -8.31599e-007
ln_F(52,4)     -5.89948 6.90893e-007
ln_F(53,1)     -5.19103 -1.82023e-007
ln_F(53,2)     -6.25107 1.66736e-006
ln_F(53,3)     -4.99073 4.00994e-007
ln_F(53,4)     -7.32364 -7.80089e-007
ln_F(54,1)     -5.40387 -4.00285e-007
ln_F(54,2)     -6.67823 1.64621e-006
ln_F(54,3)     -4.33691 4.51087e-007
ln_F(54,4)     -4.58864 3.89544e-007
ln_F(55,1)     -5.06521 -3.70951e-008
ln_F(55,2)     -7.10658 4.74457e-007
ln_F(55,3)     -4.47136 8.46009e-008
ln_F(55,4)     -5.72949 -4.20894e-007
ln_F(56,1)     -5.23942 2.28162e-006
ln_F(56,2)     -5.55563 -9.17715e-007
ln_F(56,3)     -4.58611 -3.98504e-007
ln_F(56,4)     -5.57645 1.44062e-007
ln_F(57,1)     -4.65703 -1.48002e-006
ln_F(57,2)     -5.40353 -9.45639e-007
ln_F(57,3)     -4.49023 2.60827e-007
ln_F(57,4)     -6.87486 -1.23228e-008
ln_F(58,1)     -5.10096 -8.96147e-007
ln_F(58,2)      -5.5551 -9.06093e-008
ln_F(58,3)      -4.3904 9.56917e-007
ln_F(58,4)     -5.16864 7.15475e-007
ln_F(59,1)     -4.49548 9.99053e-007
ln_F(59,2)     -5.67886 -5.30141e-007
ln_F(59,3)     -4.43063 6.42322e-008
ln_F(59,4)     -5.37233 -1.53536e-008
ln_F(60,1)     -4.75724 -9.80638e-007
ln_F(60,2)     -4.70951 -6.98125e-008
ln_F(60,3)      -4.1475 -2.07091e-007
ln_F(60,4)     -5.98313 6.94097e-007
ln_F(61,1)     -4.72258 4.69753e-007
ln_F(61,2)     -4.03467 -2.45551e-006
ln_F(61,3)     -4.92553 5.94755e-007
ln_F(61,4)     -5.86823 -7.09185e-007
ln_F(62,1)     -5.17321 1.73738e-007
ln_F(62,2)     -4.46515 -9.12921e-007
ln_F(62,3)     -4.14251 -6.49743e-008
ln_F(62,4)     -4.74499 -4.09033e-007
ln_F(63,1)     -4.40142 2.75896e-007
ln_F(63,2)     -4.99858 -4.14316e-007
ln_F(63,3)     -4.31619 -1.53022e-008
ln_F(63,4)     -4.46048 -3.63051e-007
ln_F(64,1)     -4.60092 7.61993e-007
ln_F(64,2)     -5.64853 -4.10222e-007
ln_F(64,3)     -3.90623 6.23669e-007
ln_F(64,4)     -4.02301 -4.50633e-007
ln_F(65,1)     -4.09683 -3.29645e-007
ln_F(65,2)     -5.13526 -1.45275e-007
ln_F(65,3)     -4.45813 9.11895e-007
ln_F(65,4)      -3.9377 4.52913e-007
ln_F(66,1)     -4.21307 7.80873e-007
ln_F(66,2)      -6.0646 -2.84296e-007
ln_F(66,3)     -3.78306 -3.27565e-007
ln_F(66,4)     -3.80606 -7.91789e-007
ln_F(67,1)     -3.85038 3.35847e-007
ln_F(67,2)     -6.42232 1.61058e-007
ln_F(67,3)     -3.90141 -2.48662e-007
ln_F(67,4)     -4.62083  7.0593e-008
ln_F(68,1)     -4.12293 -3.85027e-008
ln_F(68,2)      -6.2636 7.72791e-007
ln_F(68,3)     -3.42695 5.33367e-007
ln_F(68,4)     -3.91776 5.05396e-007
ln_F(69,1)     -3.61206 1.35112e-007
ln_F(69,2)     -5.24958 1.10416e-007
ln_F(69,3)     -3.47588 -4.29285e-007
ln_F(69,4)     -4.48327 6.94502e-007
ln_F(70,1)     -4.01706 -7.68195e-007
ln_F(70,2)     -6.52141 -3.6652e-007
ln_F(70,3)     -3.49403 -5.53227e-007
ln_F(70,4)     -4.22643 1.76945e-007
ln_F(71,1)     -3.94888 2.97513e-007
ln_F(71,2)     -5.77089 5.40362e-007
ln_F(71,3)     -3.82824 -1.24151e-006
ln_F(71,4)      -4.2626 4.84536e-007
ln_F(72,1)     -4.44862 1.09947e-006
ln_F(72,2)     -5.50196 -4.41381e-007
ln_F(72,3)     -4.22635 -6.05811e-007
ln_F(72,4)     -4.47718 -7.89901e-007
ln_F(73,1)     -3.94555 1.04578e-006
ln_F(73,2)     -4.99899 7.04992e-007
ln_F(73,3)      -4.3098 -8.23042e-007
ln_F(73,4)      -4.7418 -1.58901e-007
ln_F(74,1)     -4.45073 -1.46471e-007
ln_F(74,2)     -6.61096 3.63551e-007
ln_F(74,3)      -3.1123 3.09719e-007
ln_F(74,4)     -4.73139 -3.15849e-007
ln_F(75,1)     -4.00574 -1.58256e-006
ln_F(75,2)     -6.17019 3.75238e-007
ln_F(75,3)     -2.92846 1.20183e-007
ln_F(75,4)     -4.95954 1.41277e-006
ln_F(76,1)     -4.54214 -1.34975e-006
ln_F(76,2)     -5.88756 4.50772e-007
ln_F(76,3)     -3.36945  8.8537e-007
ln_F(76,4)      -5.2914 4.97837e-007
ln_F(77,1)     -4.36253 6.59813e-008
ln_F(77,2)     -6.12274  5.0636e-007
ln_F(77,3)     -3.76204 6.42439e-008
ln_F(77,4)     -5.47328 4.97996e-007
ln_F(78,1)     -4.87437 -1.65027e-006
ln_F(78,2)     -6.85227 2.53444e-007
ln_F(78,3)     -3.31485 7.97135e-007
ln_F(78,4)     -4.87333 9.65611e-008
ln_F(79,1)     -4.02678 -9.02684e-008
ln_F(79,2)     -5.77417 4.07927e-007
ln_F(79,3)     -3.13281 -1.20686e-007
ln_F(79,4)     -4.98908 -7.85694e-007
ln_F(80,1)     -4.80527 2.83463e-007
ln_F(80,2)     -5.66076 -7.52207e-007
ln_F(80,3)     -4.51448 -1.51575e-007
ln_F(80,4)     -4.61218 -1.25042e-006
ln_F(81,1)     -4.20948 7.52349e-007
ln_F(81,2)     -5.99738 -6.89699e-007
ln_F(81,3)     -4.10346 -2.90742e-007
ln_F(81,4)      -4.9173 2.23128e-007
ln_F(82,1)     -5.04356 -9.24695e-007
ln_F(82,2)     -6.58043 -7.51908e-007
ln_F(82,3)     -4.00072 -7.62148e-007
ln_F(82,4)     -4.74258  2.1897e-007
ln_F(83,1)     -4.43391 -3.61626e-007
ln_F(83,2)     -5.93555  2.5773e-007
ln_F(83,3)        -4.22 3.27818e-007
ln_F(83,4)     -4.24328 1.00866e-007
ln_F(84,1)     -4.30669 1.17698e-006
ln_F(84,2)     -5.88681 -1.57527e-006
ln_F(84,3)     -3.65013 5.28602e-007
ln_F(84,4)     -5.07439 -3.40151e-007
ln_F(85,1)     -3.94225 9.02591e-007
ln_F(85,2)     -6.26955 -1.59715e-006
ln_F(85,3)     -3.37639 8.02687e-007
ln_F(85,4)     -5.62043 -1.58134e-006
ln_F(86,1)     -4.51543 -1.56234e-006
ln_F(86,2)     -6.32023 -1.07886e-007
ln_F(86,3)     -2.94854  1.2187e-006
ln_F(86,4)     -5.46149 5.31321e-008
ln_F(87,1)     -4.23399 8.54725e-007
ln_F(87,2)      -6.1386 -1.83754e-006
ln_F(87,3)      -3.0385 3.16259e-007
ln_F(87,4)     -5.93703 -6.94423e-007
ln_F(88,1)     -4.68038 -1.56315e-006
ln_F(88,2)      -5.9599 -1.77358e-007
ln_F(88,3)     -4.04217   1.266e-006
ln_F(88,4)     -6.02858 1.95605e-006
ln_F(89,1)     -4.40698 -1.06878e-006
ln_F(89,2)     -6.15051 -4.86406e-007
ln_F(89,3)     -3.84019 -8.86806e-007
ln_F(89,4)     -4.97087 8.30456e-007
ln_F(90,1)     -4.42378 -1.05185e-006
ln_F(90,2)     -6.36308 3.38443e-007
ln_F(90,3)     -3.13217 1.18486e-006
ln_F(90,4)     -4.33404 5.80479e-007
ln_F(91,1)     -3.85496 1.00296e-006
ln_F(91,2)     -6.47701 -1.14238e-006
ln_F(91,3)     -3.61368 2.19959e-007
ln_F(91,4)      -5.4392 1.74111e-006
ln_F(92,1)     -4.49112 -3.41336e-007
ln_F(92,2)     -5.96142 -3.01875e-007
ln_F(92,3)     -3.82267 5.94118e-007
ln_F(92,4)     -5.15235 1.06691e-006
ln_F(93,1)      -4.1144 -5.1359e-007
ln_F(93,2)     -6.24154 9.37774e-007
ln_F(93,3)     -3.93395  3.5104e-007
ln_F(93,4)     -5.49515 3.20868e-007
ln_F(94,1)     -4.98785 2.21862e-007
ln_F(94,2)     -6.59609 -6.76137e-007
ln_F(94,3)     -3.54131 -5.76483e-007
ln_F(94,4)     -4.50103 -3.9942e-007
ln_F(95,1)     -3.99179  1.2353e-007
ln_F(95,2)     -6.11634 -5.28262e-007
ln_F(95,3)     -3.56315 5.56703e-007
ln_F(95,4)     -4.84149 -1.32705e-006
ln_F(96,1)     -3.57153 6.49904e-007
ln_F(96,2)     -5.65334 -7.36964e-007
ln_F(96,3)     -3.90328 4.97357e-007
ln_F(96,4)     -5.29909 8.96296e-007
ln_F(97,1)      -3.7276 -1.86826e-006
ln_F(97,2)     -5.86829 8.32466e-008
ln_F(97,3)     -3.88059  1.0342e-006
ln_F(97,4)     -4.70048 1.36201e-007
ln_F(98,1)     -4.39186 5.40855e-007
ln_F(98,2)     -6.80533 -8.19561e-008
ln_F(98,3)     -3.08855  6.8504e-007
ln_F(98,4)     -4.12853 -9.38205e-007
ln_F(99,1)     -3.60423 5.72217e-007
ln_F(99,2)     -6.71756 -1.90644e-007
ln_F(99,3)     -2.94397 2.01521e-007
ln_F(99,4)     -5.13119 2.77118e-007
ln_F(100,1)     -4.04076 -1.97201e-007
ln_F(100,2)     -5.89113 -4.05948e-007
ln_F(100,3)     -3.23125 -1.81764e-007
ln_F(100,4)     -5.27013 -1.47832e-006
ln_F(101,1)     -3.76822 2.28686e-007
ln_F(101,2)     -5.58528 -1.15439e-006
ln_F(101,3)     -3.79812 2.40802e-007
ln_F(101,4)     -5.66974 -8.81767e-008
ln_F(102,1)     -4.25596 -1.40097e-007
ln_F(102,2)     -6.29053 1.09327e-006
ln_F(102,3)     -3.24624 -5.23459e-009
ln_F(102,4)     -4.20772 -1.19893e-006
ln_F(103,1)     -3.28842 2.59937e-007
ln_F(103,2)     -5.85178 3.12078e-007
ln_F(103,3)     -3.01384 7.81891e-007
ln_F(103,4)     -4.52918 -3.04206e-007
ln_F(104,1)     -3.27757 -8.31263e-007
ln_F(104,2)     -4.77069 -1.33907e-007
ln_F(104,3)     -3.57182 7.30095e-007
ln_F(104,4)     -4.81046  7.0558e-007
ln_F(105,1)     -3.79957 -1.33518e-006
ln_F(105,2)     -4.08151 6.76112e-007
ln_F(105,3)     -3.48524 7.60487e-007
ln_F(105,4)     -4.85543  4.2902e-007
ln_F(106,1)      -3.5642 -8.73562e-007
ln_F(106,2)     -5.66611 3.39017e-007
ln_F(106,3)     -3.03168 -2.40385e-009
ln_F(106,4)     -4.42692 2.08299e-008
ln_F(107,1)     -3.20028 9.37611e-007
ln_F(107,2)     -4.67828 3.20383e-007
ln_F(107,3)     -2.78801 5.85516e-007
ln_F(107,4)     -4.26868 -8.61633e-007
ln_F(108,1)     -3.59241 4.87217e-007
ln_F(108,2)     -4.69776 -2.41993e-007
ln_F(108,3)      -3.2428 1.72132e-006
ln_F(108,4)     -4.31886 -8.52768e-007
ln_F(109,1)     -3.75594 2.72318e-007
ln_F(109,2)     -4.58823 -2.58771e-007
ln_F(109,3)     -3.88888 4.29558e-007
ln_F(109,4)     -4.59335 4.34953e-007
ln_F(110,1)     -4.13682 1.78395e-006
ln_F(110,2)     -5.90807 -7.64617e-007
ln_F(110,3)     -3.32813 7.15848e-007
ln_F(110,4)     -2.81743 1.22773e-006
ln_F(111,1)     -3.97285 4.53424e-007
ln_F(111,2)     -5.20026 9.35526e-008
ln_F(111,3)     -3.22931 -1.20433e-006
ln_F(111,4)     -4.06542 1.95492e-006
ln_F(112,1)     -3.27446 -2.8302e-007
ln_F(112,2)     -4.50193 -9.92198e-007
ln_F(112,3)     -2.85654 6.60302e-007
ln_F(112,4)     -4.47015 1.97615e-006
ln_F(113,1)     -3.86819 7.11293e-007
ln_F(113,2)     -4.46791 5.18657e-006
ln_F(113,3)     -2.76592 9.69206e-007
ln_F(113,4)     -4.28541 1.17003e-006
ln_F(114,1)     -4.18471 -3.76574e-007
ln_F(114,2)     -5.69157 -4.85734e-007
ln_F(114,3)     -3.56561 -5.51061e-007
ln_F(114,4)     -4.62018 -2.46303e-007
ln_F(115,1)     -4.06091 1.98618e-006
ln_F(115,2)     -5.58242 -5.72466e-007
ln_F(115,3)     -3.76196 -1.31314e-006
ln_F(115,4)     -4.79828 -5.63743e-007
ln_F(116,1)     -4.15956 8.91583e-007
ln_F(116,2)     -5.64331 1.68119e-006
ln_F(116,3)     -4.57847 -2.31551e-005
ln_F(116,4)     -4.63085 -6.92047e-007
ln_F(117,1)     -4.29025 1.58815e-006
ln_F(117,2)      -5.7738 9.30476e-007
ln_F(117,3)     -4.94793 8.00572e-007
ln_F(117,4)     -4.68412 -9.64876e-007
ln_F(118,1)     -4.72447 1.55836e-006
ln_F(118,2)     -7.47274  -2.505e-006
ln_F(118,3)     -4.56928 2.81903e-006
ln_F(118,4)      -4.8785 -2.47414e-006
ln_F(119,1)     -4.32408 6.06113e-006
ln_F(119,2)     -6.74043 2.60575e-006
ln_F(119,3)     -3.70061 8.21888e-006
ln_F(119,4)     -4.25074 -9.0308e-007
ln_F(120,1)     -4.75522 1.52595e-006
ln_F(120,2)      -6.2753 1.33862e-006
ln_F(120,3)     -4.93807 1.54242e-005
ln_F(120,4)     -4.81029 -8.70967e-008
ln_F(121,1)     -5.02675 -5.83313e-007
ln_F(121,2)     -6.92398 1.55724e-006
ln_F(121,3)     -4.81096 7.03247e-007
ln_F(121,4)     -4.51593 -1.11378e-006
ln_F(122,1)     -4.77897 4.97968e-006
ln_F(122,2)     -7.99923 -9.3427e-007
ln_F(122,3)     -3.18074 7.38131e-006
ln_F(122,4)     -3.63139 1.55279e-006
ln_F(123,1)     -5.11364 4.09128e-008
ln_F(123,2)     -7.52905 -2.51492e-007
ln_F(123,3)     -4.18956 1.66246e-006
ln_F(123,4)     -4.45003 -7.65848e-007
ln_F(124,1)     -4.89598 -3.96439e-007
ln_F(124,2)     -7.19837 -2.35439e-007
ln_F(124,3)     -4.32405 1.39707e-006
ln_F(124,4)     -4.71554 1.56233e-006
ln_F(125,1)     -4.06156 -1.53987e-006
ln_F(125,2)     -7.02658 -3.51484e-007
ln_F(125,3)     -4.68316 1.02212e-006
ln_F(125,4)     -4.18108 1.68533e-007
ln_F(126,1)      -4.8247 5.04711e-007
ln_F(126,2)     -7.73561 -7.32303e-007
ln_F(126,3)       -3.802 -1.01918e-006
ln_F(126,4)     -4.12493 -5.82874e-007
ln_F(127,1)     -4.24386 8.11216e-007
ln_F(127,2)     -7.27937 8.74692e-008
ln_F(127,3)     -3.93001 -2.37034e-007
ln_F(127,4)     -4.49153 5.69802e-007
ln_F(128,1)      -3.7416 -7.22146e-007
ln_F(128,2)     -7.29953 1.15964e-006
ln_F(128,3)     -3.63203 -2.98256e-007
ln_F(128,4)     -4.41643 5.73586e-007
ln_F(129,1)     -3.90999 1.25732e-006
ln_F(129,2)     -7.77686 6.07949e-007
ln_F(129,3)     -3.91244 3.84381e-007
ln_F(129,4)     -4.21704 1.11378e-006
ln_F(130,1)     -4.11879 -2.21376e-007
ln_F(130,2)     -7.52304 -3.5148e-008
ln_F(130,3)     -3.19058 6.74494e-007
ln_F(130,4)     -4.58742 -1.88944e-006
ln_F(131,1)     -4.00225 -9.35749e-008
ln_F(131,2)     -6.58126 7.60283e-007
ln_F(131,3)     -3.27875 1.91456e-007
ln_F(131,4)     -4.31664 1.22756e-007
ln_F(132,1)      -4.0951  2.7426e-006
ln_F(132,2)      -7.3687 -8.30492e-008
ln_F(132,3)     -3.42106 -7.09644e-007
ln_F(132,4)     -5.05629 2.63583e-007
ln_F(133,1)     -3.62829 1.19389e-006
ln_F(133,2)     -7.22017 -8.25991e-007
ln_F(133,3)     -3.95668 -4.48883e-007
ln_F(133,4)      -4.7624 -1.17528e-007
ln_F(134,1)     -3.96445 -1.83196e-007
ln_F(134,2)     -6.91581 2.34962e-007
ln_F(134,3)     -3.03017 -9.99194e-007
ln_F(134,4)     -4.01612 4.85094e-007
ln_F(135,1)     -3.57278 -2.20404e-007
ln_F(135,2)     -6.12474  1.1935e-006
ln_F(135,3)     -2.75744 -7.71347e-007
ln_F(135,4)     -4.66414 7.42184e-007
ln_F(136,1)     -3.25613 -2.30718e-007
ln_F(136,2)      -6.5353 -5.49653e-007
ln_F(136,3)     -2.89799 8.25788e-007
ln_F(136,4)     -2.93976 -8.78497e-007
ln_F(137,1)     -3.66691 -1.27255e-006
ln_F(137,2)     -6.46273 1.61363e-008
ln_F(137,3)     -3.73828 -5.90961e-007
ln_F(137,4)     -4.24553 2.62064e-007
ln_F(138,1)     -3.55332 -6.13738e-007
ln_F(138,2)     -7.60572 -1.4273e-006
ln_F(138,3)     -3.19235  3.7139e-007
ln_F(138,4)     -4.25622 -9.2637e-007
ln_F(139,1)     -3.49587 -2.12319e-007
ln_F(139,2)     -6.62855 4.38723e-008
ln_F(139,3)     -3.09876 -1.0093e-006
ln_F(139,4)     -3.80238 2.33082e-007
ln_F(140,1)     -3.45278 -1.44271e-007
ln_F(140,2)     -6.49789 1.21204e-006
ln_F(140,3)     -2.68569 -8.77292e-007
ln_F(140,4)      -3.6603 -1.15866e-007
ln_F(141,1)     -3.83128 2.40778e-007
ln_F(141,2)     -6.91299 -8.42786e-008
ln_F(141,3)     -3.47816 4.33334e-007
ln_F(141,4)     -4.29739 -7.05428e-007
ln_F(142,1)     -3.62299 9.42937e-007
ln_F(142,2)     -8.25387 -5.98848e-009
ln_F(142,3)     -2.62363 3.93794e-007
ln_F(142,4)     -3.79713 -1.07452e-006
ln_F(143,1)     -2.73779 -2.46411e-007
ln_F(143,2)     -6.50208 -9.67063e-007
ln_F(143,3)     -2.81694 1.03839e-006
ln_F(143,4)     -3.44638 -6.03598e-007
ln_F(144,1)     -2.86704 5.10114e-007
ln_F(144,2)     -6.31968 1.03921e-006
ln_F(144,3)     -2.74581 -2.95828e-007
ln_F(144,4)     -4.02963 -3.51969e-007
ln_F(145,1)     -2.78392 -4.98203e-007
ln_F(145,2)     -6.84212 6.26652e-008
ln_F(145,3)     -3.42992 -2.34509e-007
ln_F(145,4)     -3.82714 4.73675e-007
ln_F(146,1)     -2.85069 -5.31084e-007
ln_F(146,2)     -8.41127 4.92816e-008
ln_F(146,3)     -2.84543 2.20711e-007
ln_F(146,4)     -4.14762 9.94313e-007
ln_F(147,1)     -2.44534 -1.09197e-006
ln_F(147,2)     -6.44426 -4.98815e-007
ln_F(147,3)      -2.9487  4.2446e-007
ln_F(147,4)     -3.99866 -3.41077e-007
ln_F(148,1)     -2.16725 -7.91129e-007
ln_F(148,2)      -6.2066 -7.58327e-007
ln_F(148,3)     -2.87162 -2.89302e-007
ln_F(148,4)     -4.25705 -3.6996e-007
ln_F(149,1)     -3.47461 -5.71856e-007
ln_F(149,2)     -6.79841 -1.18077e-006
ln_F(149,3)     -3.44038 7.98137e-007
ln_F(149,4)     -4.45443 5.62568e-007
ln_F(150,1)     -3.32943 8.23277e-007
ln_F(150,2)     -7.78808 -8.2891e-007
ln_F(150,3)     -2.90709 7.09695e-007
ln_F(150,4)     -4.37091 -2.71544e-007
ln_F(151,1)     -3.15246 -3.16006e-007
ln_F(151,2)     -6.34969 -1.64126e-007
ln_F(151,3)     -2.68901 -2.8231e-007
ln_F(151,4)     -3.39742 3.97953e-007
ln_F(152,1)     -5.68286 -1.22868e-006
ln_F(152,2)     -7.26721 1.20063e-006
ln_F(152,3)     -7.85436 2.26265e-007
ln_F(152,4)     -4.13757 6.35625e-008
ln_F(153,1)     -5.43287 8.59455e-007
ln_F(153,2)     -6.89823 -5.80434e-007
ln_F(153,3)     -7.66066 -1.36346e-006
ln_F(153,4)     -4.13757 6.35625e-008
ln_F(154,1)     -6.08223 1.45382e-007
ln_F(154,2)     -8.06098 8.33486e-008
ln_F(154,3)     -7.29192 -8.37025e-007
ln_F(154,4)     -4.13757 6.35625e-008
ln_F(155,1)     -5.42394 -2.8634e-007
ln_F(155,2)     -7.74511 -6.24165e-007
ln_F(155,3)      -7.7042 -2.5799e-007
ln_F(155,4)     -4.13757 6.35625e-008
ln_F(156,1)     -6.00683 1.18894e-007
ln_F(156,2)     -7.32767 -5.20522e-007
ln_F(156,3)     -7.95646 6.75435e-008
ln_F(156,4)     -4.13757 6.35625e-008
ln_F(157,1)     -5.23271 -3.67319e-007
ln_F(157,2)     -6.60853  8.3777e-007
ln_F(157,3)     -7.62496 -1.67901e-006
ln_F(157,4)     -4.13757 6.35625e-008
ln_F(158,1)     -5.48786 -2.66056e-007
ln_F(158,2)     -7.48881 -1.45813e-006
ln_F(158,3)     -7.40743 1.31923e-006
ln_F(158,4)     -4.13757 6.35625e-008
ln_F(159,1)     -5.16469 -2.79679e-008
ln_F(159,2)     -7.15645 -3.33861e-007
ln_F(159,3)     -7.35447 4.01519e-007
ln_F(159,4)     -4.13757 6.35625e-008
ln_F(160,1)     -4.94105 -1.05454e-007
ln_F(160,2)      -6.8666 3.37706e-007
ln_F(160,3)     -7.46833 2.96237e-007
ln_F(160,4)     -4.13757 6.35625e-008
ln_F(161,1)     -4.26936 -5.04266e-007
ln_F(161,2)     -6.66339 8.52381e-007
ln_F(161,3)     -7.13999 1.32062e-006
ln_F(161,4)     -4.13757 6.35625e-008
ln_F(162,1)     -5.18198 2.55856e-006
ln_F(162,2)     -7.64402 -4.01572e-007
ln_F(162,3)     -6.98407 4.38297e-007
ln_F(162,4)     -4.13757 6.35625e-008
ln_F(163,1)     -5.08743 3.26976e-007
ln_F(163,2)     -7.11662  2.7362e-007
ln_F(163,3)     -7.04381 1.38877e-006
ln_F(163,4)     -4.13757 6.35625e-008
ln_F(164,1)     -4.33801 -8.95556e-007
ln_F(164,2)     -7.25206 -6.72808e-008
ln_F(164,3)     -7.24659 1.12056e-006
ln_F(164,4)     -4.13757 6.35625e-008
ln_F(165,1)     -4.31876 1.15549e-006
ln_F(165,2)      -6.9331 -5.16723e-007
ln_F(165,3)     -7.01329 2.59182e-006
ln_F(165,4)     -4.13757 6.35625e-008
ln_F(166,1)     -5.17552 -3.95829e-007
ln_F(166,2)     -7.38096 -4.33839e-007
ln_F(166,3)     -6.97409 6.68303e-007
ln_F(166,4)     -4.13757 6.35625e-008
ln_F(167,1)     -5.35474 -2.5624e-006
ln_F(167,2)     -7.25469 1.05332e-006
ln_F(167,3)     -6.62397 5.50873e-007
ln_F(167,4)     -4.13757 6.35625e-008
ln_F(168,1)     -4.72985 -9.18902e-007
ln_F(168,2)      -7.4294 -2.47697e-007
ln_F(168,3)     -7.09198 -6.39546e-007
ln_F(168,4)     -4.13757 6.35625e-008
ln_F(169,1)     -5.20432 -2.58648e-006
ln_F(169,2)     -7.24442 9.31547e-007
ln_F(169,3)     -6.67779 5.86735e-007
ln_F(169,4)     -4.13757 6.35625e-008
ln_F(170,1)     -5.30531 -2.00677e-006
ln_F(170,2)     -7.21722 5.29137e-007
ln_F(170,3)     -6.58512 1.98577e-007
ln_F(170,4)     -4.13757 6.35625e-008
ln_F(171,1)     -5.64036 -2.81279e-007
ln_F(171,2)     -6.76699 2.94613e-007
ln_F(171,3)     -6.67258 -1.28064e-006
ln_F(171,4)     -4.13757 6.35625e-008
ln_F(172,1)     -5.39981 -1.20047e-006
ln_F(172,2)     -7.55407 2.14539e-007
ln_F(172,3)     -7.18392 -2.83296e-007
ln_F(172,4)     -4.13757 6.35625e-008
ln_F(173,1)     -4.73741 -4.39269e-007
ln_F(173,2)     -7.06149  1.4415e-007
ln_F(173,3)     -6.63509 -8.71991e-007
ln_F(173,4)     -4.13757 6.35625e-008
ln_F(174,1)      -5.3095 -2.66762e-008
ln_F(174,2)      -7.2524 -1.13118e-006
ln_F(174,3)     -6.62247 1.65024e-007
ln_F(174,4)     -4.13757 6.35625e-008
ln_F(175,1)     -5.20972  2.0114e-006
ln_F(175,2)     -6.84807 -6.2342e-007
ln_F(175,3)      -6.6181 -2.15506e-006
ln_F(175,4)     -4.13757 6.35625e-008
ln_F(176,1)     -4.58573 1.37572e-006
ln_F(176,2)     -7.36996 -2.07697e-008
ln_F(176,3)     -7.01508 3.92837e-007
ln_F(176,4)     -4.13757 6.35625e-008
ln_F(177,1)     -4.72908 1.29738e-006
ln_F(177,2)     -7.13477  6.8095e-007
ln_F(177,3)     -6.39387 9.04308e-007
ln_F(177,4)     -4.13757 6.35625e-008
ln_F(178,1)     -5.32184 1.71977e-006
ln_F(178,2)     -7.06096 3.97432e-007
ln_F(178,3)     -6.35028 1.35935e-006
ln_F(178,4)     -4.13757 6.35625e-008
ln_F(179,1)     -5.28943 1.32807e-006
ln_F(179,2)     -6.48332 -9.47897e-007
ln_F(179,3)     -6.18104 2.15211e-006
ln_F(179,4)     -4.13757 6.35625e-008
ln_F(180,1)     -4.98531 3.64469e-007
ln_F(180,2)     -6.89237 1.87723e-006
ln_F(180,3)      -6.7544 1.68807e-006
ln_F(180,4)     -4.13757 6.35625e-008
ln_F(181,1)     -3.82027 4.81212e-008
ln_F(181,2)     -6.57626 1.79274e-006
ln_F(181,3)     -6.57195 -1.00331e-006
ln_F(181,4)     -4.13757 6.35625e-008
ln_F(182,1)     -4.67257 2.00662e-007
ln_F(182,2)     -7.33063 3.46533e-007
ln_F(182,3)     -6.54315 2.45743e-007
ln_F(182,4)     -4.13757 6.35625e-008
ln_F(183,1)     -5.06032 -1.89738e-007
ln_F(183,2)     -6.27345 5.43514e-007
ln_F(183,3)       -7.586 1.61564e-006
ln_F(183,4)     -4.13757 6.35625e-008
ln_F(184,1)     -4.89828 -5.0628e-007
ln_F(184,2)     -7.46596 -6.38006e-007
ln_F(184,3)     -7.26616  9.7342e-007
ln_F(184,4)     -4.13757 6.35625e-008
ln_F(185,1)     -4.15455 -2.35005e-006
ln_F(185,2)     -6.82334 2.21194e-006
ln_F(185,3)     -6.64136 -2.02868e-006
ln_F(185,4)     -4.13757 6.35625e-008
ln_F(186,1)     -5.11977 -2.0456e-006
ln_F(186,2)     -7.05292 6.26706e-007
ln_F(186,3)     -6.67206 2.23807e-007
ln_F(186,4)     -4.13757 6.35625e-008
ln_F(187,1)     -4.37633 -3.77692e-007
ln_F(187,2)     -6.31772 -9.70561e-007
ln_F(187,3)     -6.53263 -1.28435e-006
ln_F(187,4)     -4.13757 6.35625e-008
ln_F(188,1)     -4.20238 7.46996e-008
ln_F(188,2)     -6.91583 -2.0181e-007
ln_F(188,3)     -7.02297 -1.21019e-006
ln_F(188,4)     -4.13757 6.35625e-008
ln_F(189,1)     -3.99828 -1.54555e-006
ln_F(189,2)     -7.01228 -2.41638e-007
ln_F(189,3)     -6.61617 -1.63589e-006
ln_F(189,4)     -4.13757 6.35625e-008
ln_F(190,1)     -4.52259 -5.57523e-007
ln_F(190,2)     -6.89549 -4.39561e-007
ln_F(190,3)     -6.70678 -2.4343e-006
ln_F(190,4)     -4.13757 6.35625e-008
ln_F(191,1)     -4.53481 -1.09987e-006
ln_F(191,2)     -5.81615 -2.06924e-006
ln_F(191,3)     -6.60082 -1.75976e-006
ln_F(191,4)     -4.13757 6.35625e-008
ln_F(192,1)     -4.41684 -2.83234e-008
ln_F(192,2)     -6.57705 -2.27168e-006
ln_F(192,3)     -7.12767 -8.38442e-007
ln_F(192,4)     -4.13757 6.35625e-008
ln_F(193,1)     -4.22848  3.6224e-007
ln_F(193,2)     -6.58127 -1.0993e-007
ln_F(193,3)     -6.50282 -1.61766e-006
ln_F(193,4)     -4.13757 6.35625e-008
ln_F(194,1)     -4.53042 7.25198e-007
ln_F(194,2)     -6.48606  3.4106e-007
ln_F(194,3)     -6.38162 -1.70014e-006
ln_F(194,4)     -4.13757 6.35625e-008
ln_F(195,1)     -4.49354 -4.17079e-007
ln_F(195,2)     -5.08442 -2.03864e-006
ln_F(195,3)     -5.55072 -4.77514e-007
ln_F(195,4)     -4.13757 6.35625e-008
ln_F(196,1)     -4.91275 7.29463e-007
ln_F(196,2)     -5.76499 2.07364e-006
ln_F(196,3)     -6.63878 -1.07243e-006
ln_F(196,4)     -4.13757 6.35625e-008
ln_F(197,1)     -4.48735  1.1742e-006
ln_F(197,2)      -5.9613 9.42332e-007
ln_F(197,3)     -6.57487 -2.7307e-007
ln_F(197,4)     -4.13757 6.35625e-008
ln_F(198,1)     -3.70555 1.34861e-006
ln_F(198,2)     -4.84913 1.09125e-006
ln_F(198,3)     -6.17365 5.39698e-007
ln_F(198,4)     -4.13757 6.35625e-008
ln_F(199,1)     -4.33946 -1.65737e-006
ln_F(199,2)     -4.71954 4.30066e-007
ln_F(199,3)      -6.1862 1.98175e-006
ln_F(199,4)     -4.13757 6.35625e-008
ln_F(200,1)      -4.8335 1.03674e-007
ln_F(200,2)     -6.78321 9.84818e-007
ln_F(200,3)     -6.58425 1.29892e-006
ln_F(200,4)     -4.13757 6.35625e-008
ln_F(201,1)     -4.22887 -1.04501e-006
ln_F(201,2)     -4.91254 -1.13326e-008
ln_F(201,3)     -6.36093 2.43116e-007
ln_F(201,4)     -4.13757 6.35625e-008
ln_F(202,1)     -4.66116 1.08917e-007
ln_F(202,2)     -5.79608 -2.05331e-007
ln_F(202,3)     -6.29833  1.6024e-006
ln_F(202,4)     -4.13757 6.35625e-008
ln_F(203,1)     -4.76732  1.4648e-006
ln_F(203,2)     -4.75684 -1.2799e-007
ln_F(203,3)     -6.19728 -1.02101e-006
ln_F(203,4)     -4.13757 6.35625e-008
ln_F(204,1)     -4.65179 -7.0386e-007
ln_F(204,2)     -6.27716 -1.06168e-006
ln_F(204,3)     -6.66259 -2.71619e-007
ln_F(204,4)     -4.13757 6.35625e-008
ln_F(205,1)     -4.22331 -4.06941e-007
ln_F(205,2)     -5.29024 -7.80965e-008
ln_F(205,3)     -5.98621 -2.21252e-007
ln_F(205,4)     -4.13757 6.35625e-008
ln_F(206,1)     -4.46655 -4.93666e-008
ln_F(206,2)     -6.18672 -5.28268e-008
ln_F(206,3)     -5.79538 1.59395e-008
ln_F(206,4)     -4.13757 6.35625e-008
ln_F(207,1)       -4.438 9.26464e-008
ln_F(207,2)     -5.97276 -1.0589e-006
ln_F(207,3)     -6.25411 -6.61782e-007
ln_F(207,4)     -4.13757 6.35625e-008
ln_F(208,1)      -4.4557 5.68918e-007
ln_F(208,2)      -5.0294 7.06882e-007
ln_F(208,3)      -6.5651 -5.99798e-007
ln_F(208,4)     -4.13757 6.35625e-008
ln_F(209,1)     -4.27512 4.62986e-007
ln_F(209,2)     -4.93654 -1.24769e-006
ln_F(209,3)     -6.00076 6.07213e-007
ln_F(209,4)     -4.13757 6.35625e-008
ln_F(210,1)     -4.46597 -1.22544e-006
ln_F(210,2)     -4.53793 -1.31158e-006
ln_F(210,3)     -5.95704 -1.3924e-007
ln_F(210,4)     -4.13757 6.35625e-008
ln_F(211,1)     -4.18359 1.62195e-006
ln_F(211,2)     -5.16575 1.14453e-006
ln_F(211,3)     -5.82207 3.99317e-007
ln_F(211,4)     -4.13757 6.35625e-008
ln_F(212,1)      -4.1198 -4.92531e-007
ln_F(212,2)     -5.22985 -4.39312e-007
ln_F(212,3)     -6.08093 9.59045e-007
ln_F(212,4)     -4.13757 6.35625e-008
ln_F(213,1)     -3.87218 4.57082e-007
ln_F(213,2)     -5.20721 -2.23111e-006
ln_F(213,3)     -5.67849 -2.06594e-007
ln_F(213,4)     -4.13757 6.35625e-008
ln_F(214,1)     -3.87002 -2.09898e-006
ln_F(214,2)     -4.57461 -2.97015e-007
ln_F(214,3)     -4.86966 -4.23042e-007
ln_F(214,4)     -4.13757 6.35625e-008
ln_F(215,1)     -3.70397 6.79895e-007
ln_F(215,2)      -4.2347 2.47808e-007
ln_F(215,3)     -4.70898 2.22135e-007
ln_F(215,4)     -4.13757 6.35625e-008
ln_F(216,1)     -3.67314 -6.1178e-007
ln_F(216,2)     -4.98789 8.70839e-007
ln_F(216,3)     -5.25728 -2.64563e-007
ln_F(216,4)     -4.13757 6.35625e-008
ln_F(217,1)     -3.43524 6.06002e-007
ln_F(217,2)     -4.61513 -5.38613e-007
ln_F(217,3)     -4.83458 -7.91479e-007
ln_F(217,4)     -4.13757 6.35625e-008
ln_F(218,1)     -3.49158 3.85851e-007
ln_F(218,2)     -4.12276 3.32163e-007
ln_F(218,3)     -4.59593  2.9207e-007
ln_F(218,4)     -4.13757 6.35625e-008
ln_F(219,1)     -3.56888 7.68413e-007
ln_F(219,2)     -4.58166 1.19548e-006
ln_F(219,3)     -4.82872 -1.4618e-007
ln_F(219,4)     -4.13757 6.35625e-008
ln_F(220,1)     -3.60123 -9.47797e-007
ln_F(220,2)     -5.77974 -4.82295e-007
ln_F(220,3)     -4.78685 1.05539e-006
ln_F(220,4)     -4.13757 6.35625e-008
ln_F(221,1)     -3.39784 -9.65847e-007
ln_F(221,2)      -4.9434 7.53185e-007
ln_F(221,3)     -4.73951 -4.2489e-007
ln_F(221,4)     -4.13757 6.35625e-008
ln_F(222,1)     -3.69946 -1.63272e-006
ln_F(222,2)     -4.12701 -1.66888e-006
ln_F(222,3)     -4.47626 8.80085e-007
ln_F(222,4)     -4.13757 6.35625e-008
ln_F(223,1)     -3.61152 -1.02948e-006
ln_F(223,2)     -3.97513 -9.27956e-008
ln_F(223,3)     -4.73745 5.34162e-007
ln_F(223,4)     -4.13757 6.35625e-008
ln_F(224,1)     -3.69813 -3.11189e-007
ln_F(224,2)     -6.67566 -3.25359e-007
ln_F(224,3)     -5.25347 -1.40221e-006
ln_F(224,4)     -4.13757 6.35625e-008
ln_F(225,1)     -3.54687 6.23657e-007
ln_F(225,2)     -4.96953 -3.28512e-006
ln_F(225,3)     -5.05754 9.26254e-007
ln_F(225,4)     -4.13757 6.35625e-008
ln_F(226,1)     -3.82909 -1.9227e-006
ln_F(226,2)     -4.21608 -1.19556e-006
ln_F(226,3)     -4.52368 -2.19542e-007
ln_F(226,4)     -4.13757 6.35625e-008
ln_F(227,1)       -3.834  1.6914e-006
ln_F(227,2)      -4.4098 6.05591e-007
ln_F(227,3)     -4.81337 -9.96804e-007
ln_F(227,4)     -4.13757 6.35625e-008
ln_F(228,1)     -3.90967 6.07234e-008
ln_F(228,2)     -6.61539 -1.63383e-006
ln_F(228,3)     -5.17874 -6.32382e-008
ln_F(228,4)     -4.13757 6.35625e-008
ln_F(229,1)     -3.82686 -6.16106e-010
ln_F(229,2)     -4.75607 -1.06111e-006
ln_F(229,3)      -5.2486 -2.49997e-007
ln_F(229,4)     -4.13757 6.35625e-008
ln_F(230,1)     -3.98559 -1.38862e-006
ln_F(230,2)     -4.14258 9.35672e-007
ln_F(230,3)     -4.35973 5.79849e-007
ln_F(230,4)     -4.13757 6.35625e-008
ln_F(231,1)     -4.09485 5.14887e-007
ln_F(231,2)     -4.20185 -4.84397e-008
ln_F(231,3)     -3.57427 -8.51029e-008
ln_F(231,4)     -4.13757 6.35625e-008
ln_F(232,1)     -4.24559 4.09217e-007
ln_F(232,2)     -5.36684 -1.22345e-006
ln_F(232,3)     -5.18812 1.25905e-006
ln_F(232,4)     -4.13757 6.35625e-008
ln_F(233,1)     -4.02152 -3.71107e-007
ln_F(233,2)     -5.92451 1.99631e-007
ln_F(233,3)     -5.09583 -1.78108e-006
ln_F(233,4)     -4.13757 6.35625e-008
ln_F(234,1)     -4.14804 -1.71387e-007
ln_F(234,2)     -4.47419 5.86571e-007
ln_F(234,3)      -4.2101 -3.68113e-007
ln_F(234,4)     -4.13757 6.35625e-008
ln_F(235,1)     -3.95289 -5.17809e-007
ln_F(235,2)     -4.32139 -8.49122e-007
ln_F(235,3)     -4.24193 -1.43136e-007
ln_F(235,4)     -4.13757 6.35625e-008
ln_F(236,1)     -3.99351 -4.64996e-007
ln_F(236,2)      -5.2149 2.62145e-006
ln_F(236,3)     -4.98466 -7.63018e-007
ln_F(236,4)     -4.13757 6.35625e-008
ln_F(237,1)     -3.84814 -4.27126e-007
ln_F(237,2)     -5.23243 -4.2232e-007
ln_F(237,3)     -4.92858 2.76475e-007
ln_F(237,4)     -4.13757 6.35625e-008
ln_F(238,1)     -4.07868 4.05349e-007
ln_F(238,2)     -4.18576 5.89679e-008
ln_F(238,3)     -4.78598 -3.79289e-009
ln_F(238,4)     -4.13757 6.35625e-008
ln_F(239,1)     -4.16662  2.5116e-007
ln_F(239,2)     -4.45146 9.39591e-007
ln_F(239,3)     -4.68824 -2.13585e-006
ln_F(239,4)     -4.13757 6.35625e-008
ln_F(240,1)       -4.307 5.70703e-007
ln_F(240,2)     -4.81584 -6.06608e-007
ln_F(240,3)     -5.24267 9.22729e-007
ln_F(240,4)     -4.13757 6.35625e-008
ln_F(241,1)     -3.91995 1.01402e-007
ln_F(241,2)      -5.2259 9.21376e-007
ln_F(241,3)     -4.92341 1.32898e-006
ln_F(241,4)     -4.13757 6.35625e-008
ln_F(242,1)     -4.03961 -7.69569e-007
ln_F(242,2)      -5.0675 6.56114e-007
ln_F(242,3)     -4.73499 -1.02219e-006
ln_F(242,4)     -4.13757 6.35625e-008
ln_F(243,1)     -4.35379 6.36585e-007
ln_F(243,2)     -4.50546 -5.52406e-007
ln_F(243,3)      -4.9839  5.7352e-007
ln_F(243,4)     -4.13757 6.35625e-008
ln_F(244,1)     -4.48031 -1.30575e-006
ln_F(244,2)     -5.45986 5.60973e-007
ln_F(244,3)      -5.3698 -1.86082e-007
ln_F(244,4)     -4.13757 6.35625e-008
ln_F(245,1)     -4.34063 -1.06434e-006
ln_F(245,2)     -5.44997 -1.31209e-006
ln_F(245,3)     -5.28847    1.11e-006
ln_F(245,4)     -4.13757 6.35625e-008
ln_F(246,1)     -4.51756 -2.60592e-007
ln_F(246,2)     -5.39977 -1.81769e-006
ln_F(246,3)     -5.16911 -1.48905e-007
ln_F(246,4)     -4.13757 6.35625e-008
ln_F(247,1)     -4.08433 -5.26229e-007
ln_F(247,2)     -4.79816 9.93629e-007
ln_F(247,3)     -4.52795 -1.74202e-007
ln_F(247,4)     -4.13757 6.35625e-008
ln_F(248,1)      -4.3113  1.6501e-006
ln_F(248,2)     -5.58113 -1.90496e-006
ln_F(248,3)     -5.53481 -1.72966e-006
ln_F(248,4)     -4.13757 6.35625e-008
ln_F(249,1)     -4.00723 -1.28789e-006
ln_F(249,2)     -5.90393 -7.14207e-007
ln_F(249,3)     -5.28148 -3.10776e-007
ln_F(249,4)     -4.13757 6.35625e-008
ln_F(250,1)     -4.18332 -4.17757e-007
ln_F(250,2)     -4.68007 -1.05598e-006
ln_F(250,3)     -5.17449 -5.61965e-007
ln_F(250,4)     -4.13757 6.35625e-008
ln_F(251,1)     -3.94439 -1.0236e-006
ln_F(251,2)      -4.7607 -3.63643e-007
ln_F(251,3)     -4.49828 -7.41794e-007
ln_F(251,4)     -4.13757 6.35625e-008
ln_F(252,1)     -4.17108 2.42133e-006
ln_F(252,2)     -5.91626 -4.25168e-007
ln_F(252,3)      -5.2147 -8.34651e-007
ln_F(252,4)     -4.13757 6.35625e-008
ln_F(253,1)     -3.88023 8.25178e-007
ln_F(253,2)     -5.54465 -6.30986e-007
ln_F(253,3)     -4.91653 2.56322e-008
ln_F(253,4)     -4.13757 6.35625e-008
ln_F(254,1)     -3.91466 1.37365e-006
ln_F(254,2)     -5.34111 -6.99952e-007
ln_F(254,3)     -4.77847 -1.07029e-006
ln_F(254,4)     -4.13757 6.35625e-008
ln_F(255,1)     -4.01183 5.14398e-008
ln_F(255,2)     -4.75387 1.19952e-006
ln_F(255,3)     -4.43041 4.41907e-007
ln_F(255,4)     -4.13757 6.35625e-008
ln_F(256,1)     -4.21662 -4.17348e-008
ln_F(256,2)     -5.52791 1.56354e-006
ln_F(256,3)     -4.94522 -1.04548e-006
ln_F(256,4)     -4.13757 6.35625e-008
ln_F(257,1)     -3.70742 8.46006e-007
ln_F(257,2)     -4.78973 -9.81192e-007
ln_F(257,3)     -4.97563 5.08758e-007
ln_F(257,4)     -4.13757 6.35625e-008
ln_F(258,1)     -3.37889 1.26966e-007
ln_F(258,2)     -4.78759 1.04525e-006
ln_F(258,3)     -4.50498 -1.74681e-007
ln_F(258,4)     -4.13757 6.35625e-008
ln_F(259,1)     -3.48092 9.68125e-007
ln_F(259,2)     -3.95837 -6.60568e-007
ln_F(259,3)     -4.46965 -1.60156e-008
ln_F(259,4)     -4.13757 6.35625e-008
ln_F(260,1)     -3.00692 -2.71364e-007
ln_F(260,2)      -4.3247 2.34124e-006
ln_F(260,3)     -1.32926 4.45235e-006
ln_F(260,4)     -4.13757 6.35625e-008
ln_F(261,1)     -3.47796 -1.24613e-006
ln_F(261,2)     -4.64883 6.80833e-007
ln_F(261,3)     -4.61194 -6.47839e-007
ln_F(261,4)     -4.13757 6.35625e-008
ln_F(262,1)     -3.27361 -7.87976e-007
ln_F(262,2)     -4.93587 6.97999e-008
ln_F(262,3)     -4.26234 -2.54082e-007
ln_F(262,4)     -4.13757 6.35625e-008
ln_F(263,1)     -3.43992 -2.73941e-006
ln_F(263,2)     -4.47383 1.17371e-006
ln_F(263,3)     -3.57411 1.40193e-006
ln_F(263,4)     -4.13757 6.35625e-008
ln_F(264,1)     -3.60576 -5.60644e-006
ln_F(264,2)     -5.22234 -1.86591e-006
ln_F(264,3)     -1.98458 4.26699e-007
ln_F(264,4)     -4.13757 6.35625e-008
ln_F(265,1)     -3.96014 -2.62724e-007
ln_F(265,2)     -4.97893 -1.7461e-006
ln_F(265,3)     -4.25117 4.20858e-007
ln_F(265,4)     -4.13757 6.35625e-008
ln_F(266,1)     -4.05842 -3.13836e-007
ln_F(266,2)     -4.54232 -6.65533e-008
ln_F(266,3)     -4.23867 7.99148e-007
ln_F(266,4)     -4.13757 6.35625e-008
ln_F(267,1)     -3.80434 -8.55375e-007
ln_F(267,2)     -4.69127 -1.25822e-006
ln_F(267,3)     -4.60333 1.72101e-007
ln_F(267,4)     -4.13757 6.35625e-008
ln_F(268,1)     -4.05247 -8.37293e-007
ln_F(268,2)      -6.2105 6.90134e-007
ln_F(268,3)     -4.58559 -2.42034e-007
ln_F(268,4)     -4.13757 6.35625e-008
ln_F(269,1)      -4.0483 -1.74516e-006
ln_F(269,2)     -5.82614 2.34912e-008
ln_F(269,3)     -4.92101 1.22065e-007
ln_F(269,4)     -4.13757 6.35625e-008
ln_F(270,1)       -4.351 -1.54364e-007
ln_F(270,2)     -5.06931  8.3146e-008
ln_F(270,3)     -4.89905 1.02605e-008
ln_F(270,4)     -4.13757 6.35625e-008
ln_F(271,1)     -4.63535    -1.2e-007
ln_F(271,2)     -5.09085 -1.51976e-006
ln_F(271,3)     -5.09214 -8.33787e-007
ln_F(271,4)     -4.13757 6.35625e-008
ln_F(272,1)     -5.60574 2.52026e-007
ln_F(272,2)     -6.68532 -2.14415e-006
ln_F(272,3)     -5.52533 4.39915e-007
ln_F(272,4)     -4.13757 6.35625e-008
ln_F(273,1)     -5.56287 7.55576e-007
ln_F(273,2)     -7.06386 -8.62168e-007
ln_F(273,3)     -5.37024 9.81957e-007
ln_F(273,4)     -4.13757 6.35625e-008
ln_F(274,1)     -5.53411 6.09054e-007
ln_F(274,2)     -5.31586 -6.39837e-007
ln_F(274,3)     -5.17174 -8.31416e-007
ln_F(274,4)     -4.13757 6.35625e-008
ln_F(275,1)     -5.65495 3.96657e-007
ln_F(275,2)     -5.54791 -6.26205e-007
ln_F(275,3)     -5.21977 -2.54576e-007
ln_F(275,4)     -4.13757 6.35625e-008
ln_F(276,1)     -5.25329 1.42679e-006
ln_F(276,2)     -6.94394 -1.44828e-007
ln_F(276,3)     -4.91689 -8.9811e-007
ln_F(276,4)     -4.13757 6.35625e-008
ln_F(277,1)     -5.26084 1.59161e-006
ln_F(277,2)     -6.66476 1.16732e-007
ln_F(277,3)     -5.01462 -8.8233e-007
ln_F(277,4)     -4.13757 6.35625e-008
ln_F(278,1)     -5.27483   9.503e-007
ln_F(278,2)     -5.41681 -1.09033e-006
ln_F(278,3)     -4.88564 1.76594e-007
ln_F(278,4)     -4.13757 6.35625e-008
ln_F(279,1)     -4.93199 2.87642e-007
ln_F(279,2)     -5.24053 4.29831e-007
ln_F(279,3)     -4.69667 -2.68073e-007
ln_F(279,4)     -4.13757 6.35625e-008
ln_F(280,1)     -4.90839 1.14214e-006
ln_F(280,2)     -6.73074 4.81334e-007
ln_F(280,3)     -4.82562 -2.51137e-007
ln_F(280,4)     -4.13757 6.35625e-008
ln_F(281,1)     -4.70386  5.0251e-007
ln_F(281,2)     -6.76445 -2.43991e-007
ln_F(281,3)     -4.84824 -9.46355e-007
ln_F(281,4)     -4.13757 6.35625e-008
ln_F(282,1)     -4.67951 -2.8946e-007
ln_F(282,2)      -5.1697 -3.52115e-007
ln_F(282,3)     -4.59625 -1.54106e-006
ln_F(282,4)     -4.13757 6.35625e-008
ln_F(283,1)     -4.88749 -2.10026e-007
ln_F(283,2)     -4.65734 -7.88759e-007
ln_F(283,3)     -4.60976 -1.16814e-006
ln_F(283,4)     -4.13757 6.35625e-008
ln_F(284,1)     -4.80389 4.02524e-007
ln_F(284,2)     -6.52521 -7.35197e-007
ln_F(284,3)     -4.97444 2.41075e-007
ln_F(284,4)     -4.13757 6.35625e-008
ln_F(285,1)     -4.82645 5.64514e-007
ln_F(285,2)     -6.91259 1.21492e-006
ln_F(285,3)     -4.84667 -4.68012e-007
ln_F(285,4)     -4.13757 6.35625e-008
ln_F(286,1)     -4.77163 -2.2077e-008
ln_F(286,2)     -6.04482 -2.61066e-006
ln_F(286,3)     -4.87147 6.06561e-008
ln_F(286,4)     -4.13757 6.35625e-008
ln_F(287,1)     -4.26574 -1.24776e-006
ln_F(287,2)     -4.38361 2.93658e-007
ln_F(287,3)     -4.58047 -3.46149e-007
ln_F(287,4)     -4.13757 6.35625e-008
ln_F(288,1)       -4.094 4.46132e-007
ln_F(288,2)     -5.61442 -3.66469e-007
ln_F(288,3)     -4.59314 -5.85548e-007
ln_F(288,4)     -4.13757 6.35625e-008
ln_F(289,1)     -4.11481 -1.50482e-006
ln_F(289,2)     -6.24101 -2.46388e-007
ln_F(289,3)     -4.54013 -8.15218e-007
ln_F(289,4)     -4.13757 6.35625e-008
ln_F(290,1)      -4.1593 4.65161e-007
ln_F(290,2)     -6.94617 -1.83787e-006
ln_F(290,3)      -4.5017 9.19106e-007
ln_F(290,4)     -4.13757 6.35625e-008
ln_F(291,1)     -4.34238 -9.24318e-007
ln_F(291,2)     -5.54937 -5.01431e-007
ln_F(291,3)     -4.88734 2.33254e-007
ln_F(291,4)     -4.13757 6.35625e-008
ln_F(292,1)     -4.41696 1.84837e-006
ln_F(292,2)      -5.5974 -1.35263e-006
ln_F(292,3)     -5.00667 -1.87778e-006
ln_F(292,4)     -4.13757 6.35625e-008
ln_F(293,1)     -4.43505 -6.19857e-007
ln_F(293,2)      -4.9957 -8.33161e-007
ln_F(293,3)     -5.00795 -5.31134e-007
ln_F(293,4)     -4.13757 6.35625e-008
ln_F(294,1)     -3.21902 -7.76842e-007
ln_F(294,2)     -4.52243 1.02784e-006
ln_F(294,3)     -4.42141 -2.06802e-006
ln_F(294,4)     -4.13757 6.35625e-008
ln_F(295,1)     -3.45354 -6.38209e-007
ln_F(295,2)     -4.87348 -5.08536e-007
ln_F(295,3)     -4.73264 -8.4292e-007
ln_F(295,4)     -4.13757 6.35625e-008
ln_F(296,1)     -3.47803 2.28878e-007
ln_F(296,2)     -6.18541 -2.19052e-007
ln_F(296,3)     -4.72493 -6.49507e-007
ln_F(296,4)     -4.13757 6.35625e-008
ln_F(297,1)     -3.48243  1.0891e-006
ln_F(297,2)     -4.92251 -9.34194e-007
ln_F(297,3)     -4.90029 -4.39392e-007
ln_F(297,4)     -4.13757 6.35625e-008
ln_F(298,1)     -3.39355 -1.21024e-007
ln_F(298,2)     -4.81734 -1.86789e-007
ln_F(298,3)     -4.58345 -3.21374e-007
ln_F(298,4)     -4.13757 6.35625e-008
ln_F(299,1)     -4.30096 -7.60871e-007
ln_F(299,2)     -4.42648 -5.85128e-007
ln_F(299,3)     -4.99237  8.8495e-007
ln_F(299,4)     -4.13757 6.35625e-008
ln_F(300,1)     -4.33734 3.70092e-007
ln_F(300,2)     -5.43323 -2.41645e-007
ln_F(300,3)     -4.97605 -7.68738e-007
ln_F(300,4)     -4.13757 6.35625e-008
ln_F(301,1)     -4.31582 1.66226e-007
ln_F(301,2)     -5.05801 1.43466e-007
ln_F(301,3)     -5.06747 3.43756e-007
ln_F(301,4)     -4.13757 6.35625e-008
ln_F(302,1)     -4.31505 4.57914e-007
ln_F(302,2)     -5.97402 -1.59739e-007
ln_F(302,3)     -4.83151 3.78141e-008
ln_F(302,4)     -4.13757 6.35625e-008
