ParName   Value   Gradient
ln_R_ave(1)      12.0347 -0.000173081
ln_rec_devs(1,1)     0.640058 3.13182e-006
ln_rec_devs(1,2)     0.479192 -3.01745e-005
ln_rec_devs(1,3)     0.417259 -1.38426e-006
ln_rec_devs(1,4)     0.655691 -5.03321e-006
ln_rec_devs(1,5)     0.882824 -2.34339e-005
ln_rec_devs(1,6)     0.794802 -9.74115e-006
ln_rec_devs(1,7)      0.85425 -1.22695e-005
ln_rec_devs(1,8)      1.04063 -7.97793e-006
ln_rec_devs(1,9)      1.05956 -4.58282e-005
ln_rec_devs(1,10)      1.01062 3.36038e-006
ln_rec_devs(1,11)     0.935765 1.22434e-005
ln_rec_devs(1,12)     0.752292 -8.83087e-006
ln_rec_devs(1,13)     0.710607 -6.79249e-006
ln_rec_devs(1,14)     0.721448 -5.16841e-006
ln_rec_devs(1,15)      0.68478 -8.68331e-006
ln_rec_devs(1,16)     0.680128 -2.36543e-005
ln_rec_devs(1,17)     0.733405 -1.70065e-005
ln_rec_devs(1,18)     0.710285 -2.98542e-005
ln_rec_devs(1,19)     0.704844 -2.03767e-005
ln_rec_devs(1,20)      0.83257 -1.53973e-005
ln_rec_devs(1,21)     0.857484 -2.17813e-005
ln_rec_devs(1,22)     0.767558 -1.70199e-006
ln_rec_devs(1,23)     0.713658 1.39185e-005
ln_rec_devs(1,24)      0.62942 7.10216e-006
ln_rec_devs(1,25)     0.520259 2.17768e-006
ln_rec_devs(1,26)     0.514586 -3.07151e-006
ln_rec_devs(1,27)     0.500504 -1.42599e-006
ln_rec_devs(1,28)     0.323195 8.19969e-006
ln_rec_devs(1,29)       0.3657 -1.64244e-005
ln_rec_devs(1,30)     0.567794 2.67331e-005
ln_rec_devs(1,31)     0.790358 -4.19417e-006
ln_rec_devs(1,32)     0.868659 3.57747e-007
ln_rec_devs(1,33)     0.805079  8.3698e-006
ln_rec_devs(1,34)      0.68356 3.09963e-005
ln_rec_devs(1,35)     0.505244 1.58144e-005
ln_rec_devs(1,36)     0.544783 2.68018e-005
ln_rec_devs(1,37)     0.612921 -1.96576e-006
ln_rec_devs(1,38)     0.669516 -5.91264e-006
ln_rec_devs(1,39)      0.64543 -2.28315e-005
ln_rec_devs(1,40)     0.739787 -7.43491e-006
ln_rec_devs(1,41)      0.90056 2.65165e-006
ln_rec_devs(1,42)     0.973282 -1.2954e-005
ln_rec_devs(1,43)     0.820756 1.83861e-005
ln_rec_devs(1,44)     0.704652 -2.73198e-005
ln_rec_devs(1,45)     0.747203 -1.66798e-005
ln_rec_devs(1,46)     0.729602 3.33468e-005
ln_rec_devs(1,47)     0.633697 1.44189e-005
ln_rec_devs(1,48)     0.505223 -1.0475e-005
ln_rec_devs(1,49)     0.622008 -1.90748e-005
ln_rec_devs(1,50)     0.869734 -3.59853e-005
ln_rec_devs(1,51)     0.870719 1.72709e-006
ln_rec_devs(1,52)     0.710859  1.4798e-005
ln_rec_devs(1,53)     0.621038 -1.0443e-005
ln_rec_devs(1,54)      0.59127 -4.43138e-005
ln_rec_devs(1,55)     0.520504 -7.9759e-006
ln_rec_devs(1,56)     0.452157 8.58338e-006
ln_rec_devs(1,57)     0.358918 2.39059e-005
ln_rec_devs(1,58)     0.268406 2.31546e-005
ln_rec_devs(1,59)     0.310216 7.82208e-007
ln_rec_devs(1,60)     0.295817 -1.70596e-005
ln_rec_devs(1,61)     0.329556 2.22159e-006
ln_rec_devs(1,62)     0.464752 8.25145e-006
ln_rec_devs(1,63)     0.557937 2.06009e-007
ln_rec_devs(1,64)     0.488227 -6.8097e-006
ln_rec_devs(1,65)       0.4552 3.31258e-006
ln_rec_devs(1,66)     0.522562 -2.16332e-006
ln_rec_devs(1,67)     0.638579   2.587e-006
ln_rec_devs(1,68)     0.774358   3.108e-005
ln_rec_devs(1,69)     0.909096  1.9842e-005
ln_rec_devs(1,70)     0.994506 9.74438e-006
ln_rec_devs(1,71)     0.973156 1.23179e-005
ln_rec_devs(1,72)      1.08359 1.26424e-005
ln_rec_devs(1,73)      0.97647 1.63082e-006
ln_rec_devs(1,74)     0.828412 -5.45085e-006
ln_rec_devs(1,75)     0.672022 -1.84379e-006
ln_rec_devs(1,76)     0.645929 1.01005e-005
ln_rec_devs(1,77)      0.70935 1.27249e-005
ln_rec_devs(1,78)     0.745126 -1.32561e-005
ln_rec_devs(1,79)     0.742753 -6.29661e-006
ln_rec_devs(1,80)     0.855497 -1.69312e-005
ln_rec_devs(1,81)     0.992067 7.47516e-006
ln_rec_devs(1,82)     0.831622 -9.40678e-006
ln_rec_devs(1,83)     0.655316 -1.30674e-005
ln_rec_devs(1,84)      0.64869  -1.945e-005
ln_rec_devs(1,85)     0.729149 -7.95861e-006
ln_rec_devs(1,86)     0.863029 7.86958e-006
ln_rec_devs(1,87)     0.772133 1.22081e-005
ln_rec_devs(1,88)     0.651848 6.78493e-006
ln_rec_devs(1,89)      0.71057 -1.48828e-005
ln_rec_devs(1,90)     0.800423 -1.57302e-005
ln_rec_devs(1,91)     0.910062 -7.77757e-006
ln_rec_devs(1,92)     0.955487 -2.86428e-006
ln_rec_devs(1,93)     0.929069 1.14139e-005
ln_rec_devs(1,94)     0.810581 3.67629e-006
ln_rec_devs(1,95)     0.717866 -2.36696e-006
ln_rec_devs(1,96)      0.66247 -6.95746e-006
ln_rec_devs(1,97)     0.594362 -1.03999e-005
ln_rec_devs(1,98)     0.467677  1.4292e-005
ln_rec_devs(1,99)     0.302696 1.76918e-006
ln_rec_devs(1,100)     0.240734 -1.95574e-005
ln_rec_devs(1,101)     0.352362 -4.33036e-006
ln_rec_devs(1,102)     0.537178 1.77292e-005
ln_rec_devs(1,103)     0.457161 6.32538e-006
ln_rec_devs(1,104)     0.269754 -1.26437e-005
ln_rec_devs(1,105)  -0.00819913 9.33448e-006
ln_rec_devs(1,106)     0.325768 4.89687e-006
ln_rec_devs(1,107)     0.456317  3.1797e-007
ln_rec_devs(1,108)       0.6946 -7.71535e-007
ln_rec_devs(1,109)     0.958856  9.1115e-006
ln_rec_devs(1,110)      1.09407 1.10854e-005
ln_rec_devs(1,111)      1.14981 8.70454e-006
ln_rec_devs(1,112)      1.12776 4.66551e-006
ln_rec_devs(1,113)      1.17029 -3.94772e-006
ln_rec_devs(1,114)      1.11503   1.833e-006
ln_rec_devs(1,115)      1.01912 -7.62956e-006
ln_rec_devs(1,116)     0.846941 -1.26868e-005
ln_rec_devs(1,117)     0.772944 -1.3749e-005
ln_rec_devs(1,118)     0.757713 -3.58577e-006
ln_rec_devs(1,119)     0.738818 1.14518e-005
ln_rec_devs(1,120)     0.631136 -7.90891e-006
ln_rec_devs(1,121)     0.483875 6.18313e-006
ln_rec_devs(1,122)     0.350564 9.91375e-006
ln_rec_devs(1,123)     0.311125 2.61302e-006
ln_rec_devs(1,124)     0.408509 5.32424e-006
ln_rec_devs(1,125)     0.514729 2.94589e-006
ln_rec_devs(1,126)     0.611079 1.68175e-006
ln_rec_devs(1,127)     0.572013  1.1976e-005
ln_rec_devs(1,128)     0.509554 8.32598e-006
ln_rec_devs(1,129)      0.57795 7.86629e-006
ln_rec_devs(1,130)     0.532883 1.30311e-006
ln_rec_devs(1,131)      0.52052 -5.43859e-007
ln_rec_devs(1,132)     0.613329 5.40551e-007
ln_rec_devs(1,133)     0.647998 -7.45855e-006
ln_rec_devs(1,134)     0.705111 4.38277e-006
ln_rec_devs(1,135)     0.818421 6.53212e-006
ln_rec_devs(1,136)     0.743227 -1.65431e-006
ln_rec_devs(1,137)     0.670234 5.53135e-006
ln_rec_devs(1,138)     0.647347  7.1597e-006
ln_rec_devs(1,139)     0.679466 9.13431e-006
ln_rec_devs(1,140)     0.857089  4.4524e-006
ln_rec_devs(1,141)      1.00705  1.1235e-005
ln_rec_devs(1,142)     0.984401 1.39983e-006
ln_rec_devs(1,143)     0.835704 -2.29603e-006
ln_rec_devs(1,144)     0.619396 5.47706e-006
ln_rec_devs(1,145)      0.26151 -4.59386e-006
ln_rec_devs(1,146)      0.45014 -4.86956e-006
ln_rec_devs(1,147)     0.253248 -2.54328e-006
ln_rec_devs(1,148)   -0.0974939 -4.74441e-006
ln_rec_devs(1,149)    -0.112846 1.56187e-007
ln_rec_devs(1,150)   -0.0046182 3.43872e-008
ln_T_CNST(1,1)    -0.611656  0.000177896
ln_T_CNST(2,1)      1.61813  0.000310575
log_sel_beta1(1,1)    -0.187276 -0.000210628
log_sel_beta1(1,2)     0.414792 2.04723e-006
log_sel_beta1(1,3)    -0.165296 -1.84463e-005
log_sel_beta1(1,4)     0.158389 -1.32326e-006
log_sel_beta1(1,5)     0.202238 2.84185e-005
log_sel_beta1(1,6)     0.068729 -2.66559e-005
log_sel_beta1(1,7)            3 7.11705e-006
log_sel_beta1(2,1)     0.321467 -1.7818e-005
log_sel_beta1(2,2)    -0.945026  5.3976e-009
log_sel_beta1(2,3)    -0.263538 5.03822e-005
log_sel_beta1(2,4)    -0.181814  0.000383058
log_sel_beta1(2,5)    -0.945026  5.3976e-009
log_sel_beta1(2,6)     0.161158 -1.36532e-005
log_sel_beta1(2,7)     0.747618 -2.28054e-005
log_sel_beta2(1,1)      2.06109   0.00445604
log_sel_beta2(1,2)      1.96535   0.00027965
log_sel_beta2(1,3)      2.05519 -6.02131e-005
log_sel_beta2(1,4)      1.82834 -4.87645e-005
log_sel_beta2(1,5)       1.6502 2.13285e-006
log_sel_beta2(1,6)      1.92208 -7.77586e-006
log_sel_beta2(1,7)      1.42984 -0.000108722
log_sel_beta2(2,1)      1.93332  0.000254327
log_sel_beta2(2,2)     -1.10538 -1.03493e-008
log_sel_beta2(2,3)      2.22126 -5.43847e-006
log_sel_beta2(2,4)      1.88152     0.018644
log_sel_beta2(2,5)     -1.10538 -1.03493e-008
log_sel_beta2(2,6)      1.90286 -0.000573178
log_sel_beta2(2,7)      1.63244 -6.90287e-005
log_sel_beta3(1,1)     -1.27689 -0.000191631
log_sel_beta3(1,2)     -1.40444 2.95782e-005
log_sel_beta3(1,3)    -0.944799 5.41988e-009
log_sel_beta3(1,4)     -2.76903 -1.2643e-006
log_sel_beta3(1,5)     -0.72663 -1.05304e-005
log_sel_beta3(1,6)     -2.70784 -1.23006e-005
log_sel_beta3(1,7)     0.176365  0.000105895
log_sel_beta3(2,1)     -2.01351 -1.08366e-005
log_sel_beta3(2,2)    -0.944799 5.41988e-009
log_sel_beta3(2,3)    -0.944799 5.41988e-009
log_sel_beta3(2,4)     -1.04074  -3.921e-005
log_sel_beta3(2,5)    -0.944799 5.41988e-009
log_sel_beta3(2,6)     -2.16152  0.000175589
log_sel_beta3(2,7)      2.99962 -2.81111e-005
log_sel_beta4(1,1)     -4.59327 -0.000273325
log_sel_beta4(1,2)     -4.99998 2.15336e-006
log_sel_beta4(1,3)    -0.941507 5.74315e-009
log_sel_beta4(1,4)      -4.9996 1.22079e-008
log_sel_beta4(1,5)      1.25028 1.27204e-005
log_sel_beta4(1,6)     -4.99979 5.95128e-006
log_sel_beta4(1,7)     -4.99998 -1.85816e-005
log_sel_beta4(2,1)     -4.99989 -2.34429e-006
log_sel_beta4(2,2)    -0.941507 5.74315e-009
log_sel_beta4(2,3)    -0.941507 5.74315e-009
log_sel_beta4(2,4)      2.97743 -3.12995e-007
log_sel_beta4(2,5)    -0.941507 5.74315e-009
log_sel_beta4(2,6)     -4.99994 1.73108e-005
log_sel_beta4(2,7)      2.46558 6.36371e-005
ln_q(1,1)     -14.9978 -2.46795e-005
ln_F(1,1)     -7.85893 -5.49978e-006
ln_F(1,2)     -9.70596 -1.28445e-006
ln_F(1,3)     -7.98794 -5.77303e-007
ln_F(1,4)     -13.4453 -7.45302e-007
ln_F(1,5)      -7.5349 1.13672e-007
ln_F(1,6)     -8.88173 -5.0927e-008
ln_F(1,7)     -6.92403 1.15488e-006
ln_F(2,1)      -7.1963 -3.95653e-006
ln_F(2,2)     -9.74501 -9.68859e-007
ln_F(2,3)     -8.88579 1.19933e-006
ln_F(2,4)     -13.3762 -4.63396e-007
ln_F(2,5)     -6.21773 9.48021e-007
ln_F(2,6)     -8.88173 -5.0927e-008
ln_F(2,7)     -6.56212 1.89348e-006
ln_F(3,1)     -7.23033 -4.02374e-006
ln_F(3,2)     -8.75338 -5.42631e-007
ln_F(3,3)     -7.22384 -7.62633e-007
ln_F(3,4)       -13.37 -6.79703e-007
ln_F(3,5)     -7.52298  1.1582e-006
ln_F(3,6)     -8.88173 -5.0927e-008
ln_F(3,7)      -6.2621 1.40262e-006
ln_F(4,1)       -7.335 -4.73829e-006
ln_F(4,2)     -9.67576 -1.75073e-006
ln_F(4,3)      -7.7053 3.11003e-007
ln_F(4,4)     -7.34427 -1.52224e-008
ln_F(4,5)     -8.88173 -5.0927e-008
ln_F(4,6)     -8.88173 -5.0927e-008
ln_F(4,7)     -5.80255 6.85783e-007
ln_F(5,1)     -7.41636 -4.35527e-006
ln_F(5,2)     -10.0178 -1.74902e-006
ln_F(5,3)     -7.97144 9.75026e-007
ln_F(5,4)     -6.89639 5.57941e-007
ln_F(5,5)     -8.88173 -5.0927e-008
ln_F(5,6)     -8.88173 -5.0927e-008
ln_F(5,7)     -6.27684 -2.40996e-007
ln_F(6,1)       -6.935 -4.70973e-006
ln_F(6,2)     -9.75375 -9.6908e-007
ln_F(6,3)     -8.33926 1.06777e-006
ln_F(6,4)      -5.8904 4.31241e-007
ln_F(6,5)     -8.88173 -5.0927e-008
ln_F(6,6)     -8.88173 -5.0927e-008
ln_F(6,7)     -5.99184 -1.4049e-006
ln_F(7,1)     -6.82305 1.60957e-005
ln_F(7,2)     -9.39928 -1.33257e-006
ln_F(7,3)     -8.00557 3.66359e-007
ln_F(7,4)     -7.65472 8.92479e-008
ln_F(7,5)     -8.88173 -5.0927e-008
ln_F(7,6)     -8.88173 -5.0927e-008
ln_F(7,7)     -5.91226 5.00743e-006
ln_F(8,1)     -7.28792 -2.51707e-006
ln_F(8,2)     -9.18153 -1.68209e-006
ln_F(8,3)     -8.09187  6.8892e-007
ln_F(8,4)     -6.66128 2.17603e-007
ln_F(8,5)     -8.88173 -5.0927e-008
ln_F(8,6)     -8.88173 -5.0927e-008
ln_F(8,7)     -5.20622 3.31097e-006
ln_F(9,1)     -7.42162 -1.00655e-006
ln_F(9,2)     -9.41101 -1.35985e-006
ln_F(9,3)     -8.40039 3.34363e-008
ln_F(9,4)     -6.93475 8.56507e-007
ln_F(9,5)     -8.88173 -5.0927e-008
ln_F(9,6)     -8.88173 -5.0927e-008
ln_F(9,7)     -5.87636 2.75367e-006
ln_F(10,1)     -6.75973 9.76834e-007
ln_F(10,2)      -9.0903 -1.24113e-006
ln_F(10,3)      -8.7712 -9.47845e-007
ln_F(10,4)     -5.52862 6.20053e-007
ln_F(10,5)     -8.88173 -5.0927e-008
ln_F(10,6)     -8.88173 -5.0927e-008
ln_F(10,7)     -6.01538 -1.69584e-006
ln_F(11,1)     -6.66825 -7.47761e-006
ln_F(11,2)      -8.7474 -4.06038e-007
ln_F(11,3)     -7.89541 9.27987e-008
ln_F(11,4)     -8.05799 -3.54613e-007
ln_F(11,5)     -8.88173 -5.0927e-008
ln_F(11,6)     -8.88173 -5.0927e-008
ln_F(11,7)     -5.90659  3.2874e-006
ln_F(12,1)     -6.89449 -6.22815e-007
ln_F(12,2)     -8.64982 -7.96767e-007
ln_F(12,3)     -7.80843  6.7472e-007
ln_F(12,4)      -6.2895 -3.80475e-007
ln_F(12,5)     -9.28061 -7.98719e-007
ln_F(12,6)     -10.1601 4.11842e-007
ln_F(12,7)     -5.56706 -1.89621e-006
ln_F(13,1)     -7.14623 1.32955e-006
ln_F(13,2)     -9.14348 -1.70646e-006
ln_F(13,3)     -7.58121 6.41324e-007
ln_F(13,4)     -6.35214 -1.13119e-007
ln_F(13,5)     -9.33714 -5.03707e-007
ln_F(13,6)     -8.88173 -5.0927e-008
ln_F(13,7)     -6.00361 -2.70818e-006
ln_F(14,1)     -6.62946 -1.35823e-005
ln_F(14,2)     -8.94885 -2.87038e-006
ln_F(14,3)      -7.6443 1.12993e-006
ln_F(14,4)     -5.51183 1.80293e-007
ln_F(14,5)     -9.37448 -3.86593e-007
ln_F(14,6)     -8.88173 -5.0927e-008
ln_F(14,7)     -5.94996 5.57001e-006
ln_F(15,1)     -6.63848 -3.06837e-006
ln_F(15,2)     -8.78842 -2.21089e-006
ln_F(15,3)      -7.2934 7.22491e-007
ln_F(15,4)     -7.17189 -2.77242e-007
ln_F(15,5)     -9.41795 -6.15244e-007
ln_F(15,6)     -10.5613 -3.94602e-008
ln_F(15,7)     -6.01913 2.96533e-006
ln_F(16,1)     -7.47093 9.79605e-007
ln_F(16,2)      -9.0638 -2.33509e-006
ln_F(16,3)     -7.18069 1.39527e-006
ln_F(16,4)     -6.44551 -2.45801e-007
ln_F(16,5)     -10.8081 -2.42997e-007
ln_F(16,6)       -8.925 4.54298e-007
ln_F(16,7)     -6.24246 -4.63742e-008
ln_F(17,1)     -7.34298 -3.52962e-006
ln_F(17,2)     -9.55738 -2.09014e-006
ln_F(17,3)     -6.81944 -3.79783e-008
ln_F(17,4)     -7.16186 -3.9978e-007
ln_F(17,5)     -10.7874 -2.08247e-007
ln_F(17,6)     -9.77359 -6.97057e-007
ln_F(17,7)     -6.16046 1.76545e-007
ln_F(18,1)     -7.08503 -5.18914e-006
ln_F(18,2)     -9.63389 -8.97772e-007
ln_F(18,3)     -7.17815 6.45872e-007
ln_F(18,4)     -5.09998 -4.38934e-007
ln_F(18,5)       -10.72 7.42655e-007
ln_F(18,6)     -8.88173 -5.0927e-008
ln_F(18,7)     -6.02938 5.21242e-006
ln_F(19,1)     -6.66638 -4.41352e-006
ln_F(19,2)     -9.47973 -8.64105e-007
ln_F(19,3)     -6.54906 1.01953e-006
ln_F(19,4)     -6.38584 2.27644e-007
ln_F(19,5)      -10.689 4.39824e-008
ln_F(19,6)     -8.24691 1.60656e-006
ln_F(19,7)     -6.06307  1.5138e-006
ln_F(20,1)     -9.00628 8.05769e-006
ln_F(20,2)     -9.13459 -1.46032e-006
ln_F(20,3)     -7.36123 6.46744e-007
ln_F(20,4)     -5.78688 -6.07869e-007
ln_F(20,5)     -8.88173 -5.0927e-008
ln_F(20,6)      -6.3402 -3.07302e-007
ln_F(20,7)     -5.81889 -1.16759e-006
ln_F(21,1)     -8.29731 1.48973e-005
ln_F(21,2)     -9.28452 -2.35087e-006
ln_F(21,3)     -7.05868 -3.59489e-007
ln_F(21,4)     -4.76508 -1.78873e-006
ln_F(21,5)     -8.88173 -5.0927e-008
ln_F(21,6)     -6.95991 1.44884e-007
ln_F(21,7)     -6.04773 2.52789e-006
ln_F(22,1)     -8.01038 4.24923e-006
ln_F(22,2)     -9.18255 -8.05081e-007
ln_F(22,3)     -7.26686 7.30798e-007
ln_F(22,4)     -4.66799 -1.62621e-007
ln_F(22,5)     -8.88173 -5.0927e-008
ln_F(22,6)     -8.04909 2.63773e-007
ln_F(22,7)     -5.99357 1.14977e-006
ln_F(23,1)     -7.80001 -5.40347e-006
ln_F(23,2)     -9.07621 -2.26434e-006
ln_F(23,3)     -7.06476 4.21653e-008
ln_F(23,4)     -5.70453 2.63076e-007
ln_F(23,5)     -8.88173 -5.0927e-008
ln_F(23,6)     -6.45425 3.90451e-007
ln_F(23,7)     -6.03568 2.21562e-006
ln_F(24,1)     -8.41837 9.31925e-006
ln_F(24,2)     -8.44311 -1.58811e-006
ln_F(24,3)     -7.25441 5.05243e-007
ln_F(24,4)     -5.00103 8.84665e-007
ln_F(24,5)     -8.88173 -5.0927e-008
ln_F(24,6)     -5.80009 1.51356e-006
ln_F(24,7)     -5.94333 1.53733e-006
ln_F(25,1)     -7.91997 -2.95218e-006
ln_F(25,2)     -8.73191 -1.02738e-006
ln_F(25,3)     -7.34651 2.87213e-007
ln_F(25,4)     -4.66402 6.61855e-007
ln_F(25,5)     -8.88173 -5.0927e-008
ln_F(25,6)     -6.25424 1.88011e-006
ln_F(25,7)     -6.09136 8.93077e-007
ln_F(26,1)     -7.25866 -4.72585e-006
ln_F(26,2)     -8.60188 -1.41621e-006
ln_F(26,3)     -7.99075 -3.09488e-007
ln_F(26,4)      -4.9155 -2.47475e-007
ln_F(26,5)     -8.88173 -5.0927e-008
ln_F(26,6)     -5.31868 1.74084e-006
ln_F(26,7)     -6.11728 1.19202e-006
ln_F(27,1)     -7.05918 -6.68576e-006
ln_F(27,2)     -8.21906 -8.27038e-007
ln_F(27,3)     -7.59622 4.40579e-007
ln_F(27,4)     -4.91459 -1.02506e-007
ln_F(27,5)     -8.88173 -5.0927e-008
ln_F(27,6)     -3.99811 2.52478e-006
ln_F(27,7)     -6.05512 3.08792e-006
ln_F(28,1)     -8.38304 -2.52718e-007
ln_F(28,2)     -8.13402 -9.98965e-007
ln_F(28,3)     -7.33846 4.54099e-007
ln_F(28,4)      -6.1578 3.14535e-007
ln_F(28,5)     -8.88173 -5.0927e-008
ln_F(28,6)     -4.84427 1.54605e-006
ln_F(28,7)     -5.83612 7.81862e-007
ln_F(29,1)     -7.91752 -4.02929e-006
ln_F(29,2)     -8.08566 -1.2397e-006
ln_F(29,3)     -7.37461 8.68989e-007
ln_F(29,4)     -6.23219 1.93595e-007
ln_F(29,5)     -8.88173 -5.0927e-008
ln_F(29,6)     -5.46991  7.8868e-008
ln_F(29,7)     -5.93426 1.66719e-006
ln_F(30,1)      -7.5795 6.12936e-006
ln_F(30,2)     -7.99221 -1.6933e-006
ln_F(30,3)       -7.424 -2.65014e-007
ln_F(30,4)     -5.37604 -5.23277e-007
ln_F(30,5)     -8.88173 -5.0927e-008
ln_F(30,6)     -4.69099 4.42544e-007
ln_F(30,7)     -5.68647 6.15661e-007
ln_F(31,1)      -7.3517 -3.93609e-006
ln_F(31,2)     -8.05926 -1.18701e-006
ln_F(31,3)     -6.67566 9.16913e-007
ln_F(31,4)      -6.0069 3.08234e-007
ln_F(31,5)     -8.88173 -5.0927e-008
ln_F(31,6)     -3.88015 2.67809e-007
ln_F(31,7)     -5.57141 9.41991e-007
ln_F(32,1)     -8.26481 -6.70557e-006
ln_F(32,2)     -7.87903 -1.79711e-006
ln_F(32,3)     -6.41741 -5.16939e-008
ln_F(32,4)     -5.47563 7.14735e-007
ln_F(32,5)     -8.88173 -5.0927e-008
ln_F(32,6)     -4.81699  2.0794e-006
ln_F(32,7)     -5.40154 2.11603e-006
ln_F(33,1)     -7.93073 1.72666e-006
ln_F(33,2)     -8.07532 -8.97786e-007
ln_F(33,3)     -6.35929   3.835e-007
ln_F(33,4)       -6.952 3.90227e-008
ln_F(33,5)     -8.88173 -5.0927e-008
ln_F(33,6)     -5.12565 1.80584e-007
ln_F(33,7)     -5.57031 -1.74563e-006
ln_F(34,1)     -7.88554 -9.55992e-006
ln_F(34,2)      -8.0185 -7.77686e-007
ln_F(34,3)     -7.17915 -4.03226e-007
ln_F(34,4)     -7.03982 -1.02964e-006
ln_F(34,5)     -8.88173 -5.0927e-008
ln_F(34,6)     -5.12854 1.99648e-007
ln_F(34,7)     -5.46171 5.31296e-006
ln_F(35,1)      -7.3604 3.10801e-007
ln_F(35,2)     -8.05099 -2.68536e-006
ln_F(35,3)     -6.20025 -1.8562e-007
ln_F(35,4)     -6.17612 -9.20235e-007
ln_F(35,5)     -8.88173 -5.0927e-008
ln_F(35,6)     -4.99001 2.16874e-007
ln_F(35,7)     -5.49128 2.25254e-006
ln_F(36,1)     -7.98526 6.76908e-006
ln_F(36,2)     -7.38337 -2.1026e-006
ln_F(36,3)     -6.32735 1.65704e-006
ln_F(36,4)     -5.66453 -1.0686e-006
ln_F(36,5)     -8.88173 -5.0927e-008
ln_F(36,6)     -5.10104 -1.68234e-006
ln_F(36,7)      -5.2974 2.28257e-006
ln_F(37,1)     -7.36972 -5.04645e-006
ln_F(37,2)     -7.51897 -1.46946e-006
ln_F(37,3)     -6.90651 7.35063e-007
ln_F(37,4)     -6.11806 -1.77595e-007
ln_F(37,5)     -8.88173 -5.0927e-008
ln_F(37,6)     -5.11219  1.5327e-006
ln_F(37,7)     -5.77455 3.89724e-006
ln_F(38,1)     -7.34984 4.62817e-007
ln_F(38,2)     -7.50301 -7.2431e-007
ln_F(38,3)     -6.99115   8.493e-007
ln_F(38,4)     -5.65088 -6.17918e-008
ln_F(38,5)     -8.88173 -5.0927e-008
ln_F(38,6)     -4.62418  4.2915e-007
ln_F(38,7)     -5.53242  2.0833e-006
ln_F(39,1)     -6.98015 1.11246e-006
ln_F(39,2)     -7.76451 -1.1281e-006
ln_F(39,3)     -5.79584 5.62109e-007
ln_F(39,4)     -6.41095 8.36418e-007
ln_F(39,5)     -8.88173 -5.0927e-008
ln_F(39,6)     -4.87694 1.05959e-006
ln_F(39,7)     -5.41602  1.9971e-006
ln_F(40,1)     -7.42772 2.49157e-006
ln_F(40,2)     -6.99975 6.34772e-007
ln_F(40,3)     -6.23299  1.1883e-006
ln_F(40,4)     -5.49981 1.08165e-006
ln_F(40,5)     -8.88173 -5.0927e-008
ln_F(40,6)     -4.59837 1.28167e-006
ln_F(40,7)     -4.86716 5.46078e-007
ln_F(41,1)      -6.9448 4.16288e-006
ln_F(41,2)       -7.698 1.16331e-006
ln_F(41,3)     -6.25082   6.008e-007
ln_F(41,4)     -6.57374 5.46072e-007
ln_F(41,5)     -8.88173 -5.0927e-008
ln_F(41,6)     -4.81024 2.59239e-007
ln_F(41,7)     -5.52623 -2.02736e-006
ln_F(42,1)     -6.84953 7.03444e-006
ln_F(42,2)     -7.86973 7.42128e-008
ln_F(42,3)     -6.64658   1.803e-007
ln_F(42,4)     -5.72483 1.57467e-007
ln_F(42,5)     -8.88173 -5.0927e-008
ln_F(42,6)     -4.15393 4.86996e-007
ln_F(42,7)     -5.00803 7.18057e-007
ln_F(43,1)      -6.7296 -4.19685e-006
ln_F(43,2)     -7.07616 5.51401e-008
ln_F(43,3)     -6.09106 -1.07839e-007
ln_F(43,4)     -6.28389 3.37716e-007
ln_F(43,5)     -8.88173 -5.0927e-008
ln_F(43,6)     -3.76148 -1.00766e-006
ln_F(43,7)     -5.03775 2.88269e-006
ln_F(44,1)     -7.20553 -2.79462e-006
ln_F(44,2)     -7.13337 -7.50492e-007
ln_F(44,3)      -7.0856 -1.90142e-007
ln_F(44,4)     -5.74705 -8.05045e-007
ln_F(44,5)     -8.88173 -5.0927e-008
ln_F(44,6)     -4.11915 -7.4574e-007
ln_F(44,7)     -4.87686 6.15202e-007
ln_F(45,1)     -6.40151 -4.00887e-007
ln_F(45,2)     -7.69264 -9.49795e-007
ln_F(45,3)     -6.97387 7.81684e-008
ln_F(45,4)     -5.63912 -1.89052e-007
ln_F(45,5)     -8.88173 -5.0927e-008
ln_F(45,6)     -4.61595 -1.02042e-006
ln_F(45,7)     -5.65953 9.06258e-008
ln_F(46,1)     -5.97304 -3.76893e-006
ln_F(46,2)      -7.6982 -1.94016e-006
ln_F(46,3)     -7.09609 -4.63167e-007
ln_F(46,4)     -5.59624 4.61645e-008
ln_F(46,5)     -8.88173 -5.0927e-008
ln_F(46,6)     -4.42487 1.23961e-006
ln_F(46,7)     -5.34151 6.11157e-007
ln_F(47,1)     -5.92009 -3.6043e-006
ln_F(47,2)     -6.78986 -1.69442e-006
ln_F(47,3)     -5.67652 -2.32622e-007
ln_F(47,4)     -6.02419 -1.72147e-007
ln_F(47,5)     -8.88173 -5.0927e-008
ln_F(47,6)     -4.46206 1.57598e-007
ln_F(47,7)      -5.3872  6.6848e-007
ln_F(48,1)     -6.86407 8.52929e-008
ln_F(48,2)     -6.38107 -1.6336e-006
ln_F(48,3)     -5.25597 -1.63494e-007
ln_F(48,4)     -7.81488 -1.0781e-007
ln_F(48,5)     -6.79318  2.6788e-008
ln_F(48,6)      -3.8267 -1.28675e-006
ln_F(48,7)     -5.66365 3.37739e-007
ln_F(49,1)     -6.73353 -8.57508e-006
ln_F(49,2)     -7.30881 -2.35868e-007
ln_F(49,3)     -6.18658 -2.7322e-008
ln_F(49,4)     -8.28084 -7.76627e-007
ln_F(49,5)     -7.82627 -9.37636e-008
ln_F(49,6)     -4.61212 -2.1703e-006
ln_F(49,7)     -5.51713 4.05982e-006
ln_F(50,1)     -6.59181 -8.00818e-006
ln_F(50,2)     -9.07011 -4.50785e-007
ln_F(50,3)     -6.88148 -2.91999e-007
ln_F(50,4)     -7.59732 -8.90333e-008
ln_F(50,5)     -6.14444 9.79358e-007
ln_F(50,6)     -4.12602 -2.54958e-007
ln_F(50,7)      -5.6176 5.05366e-006
ln_F(51,1)     -6.43918 8.28691e-007
ln_F(51,2)     -6.84746 -1.17011e-006
ln_F(51,3)     -6.77866 -5.37334e-007
ln_F(51,4)     -7.46226 5.67512e-007
ln_F(51,5)     -5.78382 5.64423e-007
ln_F(51,6)     -4.25573 5.18652e-007
ln_F(51,7)     -4.67305 5.47469e-007
ln_F(52,1)     -6.98142 1.73531e-007
ln_F(52,2)     -6.36808 -1.65642e-006
ln_F(52,3)     -6.17353 -1.02515e-006
ln_F(52,4)     -8.27718 1.77332e-007
ln_F(52,5)     -6.08698 3.56305e-008
ln_F(52,6)     -4.85614 8.49575e-007
ln_F(52,7)     -4.97172 -1.56168e-006
ln_F(53,1)     -6.42304 -5.13364e-006
ln_F(53,2)     -8.02962 -4.71947e-007
ln_F(53,3)     -6.27181 -1.55647e-007
ln_F(53,4)     -7.90724 -1.69662e-007
ln_F(53,5)     -7.51282 -2.57601e-007
ln_F(53,6)     -5.19562 -3.1486e-007
ln_F(53,7)     -5.27152 1.35805e-006
ln_F(54,1)     -6.72684 -7.59231e-006
ln_F(54,2)     -9.23802 -8.51861e-007
ln_F(54,3)     -6.71228 -4.54827e-007
ln_F(54,4)     -7.95271 -1.00296e-008
ln_F(54,5)     -4.77979 -7.52546e-008
ln_F(54,6)     -4.52271  9.0121e-008
ln_F(54,7)     -5.45778 3.62649e-006
ln_F(55,1)     -6.27988 -6.25613e-006
ln_F(55,2)     -7.75521 -1.22263e-006
ln_F(55,3)     -7.14801 -4.35097e-007
ln_F(55,4)     -8.33746 -4.62439e-007
ln_F(55,5)     -5.93262 2.32205e-007
ln_F(55,6)     -4.65879 -2.8476e-007
ln_F(55,7)     -5.60477  3.5053e-006
ln_F(56,1)     -7.72039 -5.98625e-006
ln_F(56,2)     -7.32352 -1.71284e-006
ln_F(56,3)     -5.60397 -4.16581e-007
ln_F(56,4)      -7.4255 -1.27255e-006
ln_F(56,5)     -5.74429 -7.2204e-007
ln_F(56,6)      -4.8173 6.86996e-007
ln_F(56,7)     -5.35364 2.47937e-006
ln_F(57,1)     -5.59646 6.52466e-008
ln_F(57,2)     -7.86497 -2.0381e-006
ln_F(57,3)     -5.44231 -8.77991e-007
ln_F(57,4)     -7.10421 -3.21268e-007
ln_F(57,5)     -7.00066 -4.50001e-007
ln_F(57,6)     -4.72615 -2.41995e-007
ln_F(57,7)     -5.46789 -1.44865e-006
ln_F(58,1)      -6.7416 -4.15887e-006
ln_F(58,2)     -8.26972 -2.13589e-006
ln_F(58,3)     -5.58945 -1.11447e-006
ln_F(58,4)      -7.3085 -1.29313e-006
ln_F(58,5)      -5.2735 -3.77615e-007
ln_F(58,6)     -4.59998 -1.28509e-006
ln_F(58,7)     -4.96675 4.12027e-007
ln_F(59,1)     -5.90029 -8.2537e-006
ln_F(59,2)     -5.95999 -6.61758e-007
ln_F(59,3)     -5.69795 5.10773e-007
ln_F(59,4)     -7.30386 -8.84148e-007
ln_F(59,5)     -5.47396 -5.11957e-007
ln_F(59,6)     -4.60931 -4.88011e-008
ln_F(59,7)     -4.73308 5.19721e-006
ln_F(60,1)     -8.01363 -3.97467e-006
ln_F(60,2)      -5.9404 -9.39114e-007
ln_F(60,3)     -4.73247 -4.18003e-007
ln_F(60,4)     -7.19199 -2.04206e-006
ln_F(60,5)       -6.092 -1.57566e-007
ln_F(60,6)     -4.33348 -6.01174e-007
ln_F(60,7)     -4.66638 2.98766e-006
ln_F(61,1)     -5.78448 -3.92371e-006
ln_F(61,2)     -7.22982 -1.55424e-006
ln_F(61,3)     -4.05785 -4.62418e-007
ln_F(61,4)     -7.19512 -9.49055e-007
ln_F(61,5)      -5.9636 2.39141e-007
ln_F(61,6)     -5.16786 8.15183e-007
ln_F(61,7)      -4.9972 2.05111e-006
ln_F(62,1)       -6.723 1.94956e-006
ln_F(62,2)     -8.34123 -1.76749e-006
ln_F(62,3)     -4.47439  7.1936e-008
ln_F(62,4)     -6.87892 -2.6687e-007
ln_F(62,5)     -4.82355  1.6481e-007
ln_F(62,6)     -4.32551 2.94456e-007
ln_F(62,7)     -4.92554 -9.09253e-007
ln_F(63,1)      -5.8274  1.8703e-006
ln_F(63,2)     -5.93155 -1.36711e-006
ln_F(63,3)     -4.99974 -6.56339e-007
ln_F(63,4)     -7.07284 -2.21458e-007
ln_F(63,5)     -4.54165 -1.52941e-007
ln_F(63,6)     -4.48581 -7.14209e-007
ln_F(63,7)     -4.53229 -1.41167e-006
ln_F(64,1)     -7.17121 -3.30737e-007
ln_F(64,2)     -6.60801  -9.537e-007
ln_F(64,3)     -5.64371 -1.95574e-007
ln_F(64,4)     -6.54053 -3.94868e-007
ln_F(64,5)      -4.1254 -1.71497e-007
ln_F(64,6)     -4.06139 -1.52542e-006
ln_F(64,7)     -4.15421 8.59169e-007
ln_F(65,1)     -4.88564 -8.07354e-006
ln_F(65,2)     -7.16904 -1.15475e-006
ln_F(65,3)     -5.13666 2.86384e-007
ln_F(65,4)     -6.54818 3.22947e-009
ln_F(65,5)     -4.10301  1.4263e-006
ln_F(65,6)     -4.71042 -2.68333e-007
ln_F(65,7)     -4.70795 4.46222e-006
ln_F(66,1)     -6.00706 -3.60658e-006
ln_F(66,2)     -6.80833 -8.27327e-007
ln_F(66,3)     -6.08228 1.13675e-008
ln_F(66,4)     -6.62643 1.44469e-007
ln_F(66,5)     -3.97845   4.713e-007
ln_F(66,6)     -3.97115 -5.96221e-007
ln_F(66,7)     -4.12347 3.70971e-006
ln_F(67,1)     -4.93744   1.133e-006
ln_F(67,2)      -6.2132 -1.10797e-006
ln_F(67,3)     -6.45111 -3.89111e-007
ln_F(67,4)     -6.32761 5.97798e-009
ln_F(67,5)     -4.80282 -5.9052e-007
ln_F(67,6)     -4.16825 -1.1267e-006
ln_F(67,7)     -4.73853 2.28525e-006
ln_F(68,1)     -6.44727 -1.50946e-006
ln_F(68,2)     -5.28474 -1.0265e-006
ln_F(68,3)     -6.29951 -6.92343e-007
ln_F(68,4)     -6.86181 5.62852e-009
ln_F(68,5)     -4.06975 -2.13864e-007
ln_F(68,6)     -3.63004 -1.6112e-006
ln_F(68,7)      -4.9445 2.49565e-006
ln_F(69,1)      -4.5132 -5.84288e-006
ln_F(69,2)     -6.16287 -1.02115e-006
ln_F(69,3)     -5.28586 4.88994e-007
ln_F(69,4)     -6.90691 -3.72286e-007
ln_F(69,5)     -4.59927 -5.41435e-008
ln_F(69,6)     -3.66692 -1.10275e-006
ln_F(69,7)     -4.91196 3.53799e-006
ln_F(70,1)     -5.59728 -1.05934e-006
ln_F(70,2)     -7.68621 -2.6059e-007
ln_F(70,3)     -6.55709 1.02784e-006
ln_F(70,4)     -6.94103 -8.81584e-007
ln_F(70,5)     -4.32725 -6.04364e-007
ln_F(70,6)       -3.681 -1.18512e-006
ln_F(70,7)     -4.10893 2.52406e-006
ln_F(71,1)     -5.08858 -3.70234e-006
ln_F(71,2)     -6.54293 -6.43834e-009
ln_F(71,3)     -5.79771 1.24349e-006
ln_F(71,4)     -7.10726 -1.10571e-007
ln_F(71,5)     -4.36485 -2.08297e-007
ln_F(71,6)     -4.00848 -1.09312e-006
ln_F(71,7)     -4.46255 3.53514e-006
ln_F(72,1)     -6.88511 -5.45269e-007
ln_F(72,2)     -6.06596 -2.51236e-007
ln_F(72,3)     -5.52107 8.32805e-007
ln_F(72,4)     -7.17128 9.68693e-008
ln_F(72,5)      -4.5713 -9.35052e-007
ln_F(72,6)     -4.40853 -6.9329e-007
ln_F(72,7)     -4.57411 2.90302e-006
ln_F(73,1)     -4.78689  3.0001e-006
ln_F(73,2)     -6.77868 -1.72707e-006
ln_F(73,3)     -5.01578 2.02607e-007
ln_F(73,4)     -7.20361 2.20583e-007
ln_F(73,5)     -4.85055 -5.27923e-007
ln_F(73,6)     -4.49781 -6.16165e-007
ln_F(73,7)     -5.07049 1.40444e-006
ln_F(74,1)     -5.81882 9.83348e-007
ln_F(74,2)     -8.03834 1.87991e-007
ln_F(74,3)      -6.6283 6.49692e-007
ln_F(74,4)     -7.04171 -3.39597e-008
ln_F(74,5)     -4.83055 6.53033e-007
ln_F(74,6)     -3.27373 -7.58736e-007
ln_F(74,7)     -5.04843 1.34552e-006
ln_F(75,1)     -5.11238 -5.89917e-007
ln_F(75,2)     -6.07683 6.57689e-007
ln_F(75,3)      -6.1821 6.14977e-007
ln_F(75,4)     -7.01945  2.5186e-007
ln_F(75,5)      -5.0556 -4.86653e-007
ln_F(75,6)     -3.08693 -1.58728e-006
ln_F(75,7)     -5.14756 5.05991e-007
ln_F(76,1)     -7.28802 -1.72443e-006
ln_F(76,2)     -5.75478  4.7925e-008
ln_F(76,3)     -5.87516 2.96026e-007
ln_F(76,4)     -7.12314 6.66625e-007
ln_F(76,5)      -5.3863 -2.84319e-007
ln_F(76,6)     -3.48705 -1.88414e-006
ln_F(76,7)     -4.98201 1.48646e-006
ln_F(77,1)     -5.30004 -4.0757e-006
ln_F(77,2)     -6.85992 1.83133e-007
ln_F(77,3)     -6.09582 9.84873e-008
ln_F(77,4)     -7.23357 -8.13617e-008
ln_F(77,5)     -5.56462 2.23338e-007
ln_F(77,6)     -3.86946 -2.76317e-007
ln_F(77,7)     -5.20062 2.91241e-006
ln_F(78,1)     -6.44174 -2.27695e-006
ln_F(78,2)     -7.09269 -7.5601e-008
ln_F(78,3)     -6.82084   3.961e-007
ln_F(78,4)     -6.99398 1.37969e-007
ln_F(78,5)     -4.95262 3.48314e-007
ln_F(78,6)     -3.42261 -7.46109e-007
ln_F(78,7)     -5.14789 2.63368e-006
ln_F(79,1)     -5.11285 -5.57154e-006
ln_F(79,2)     -5.32696 -7.21715e-008
ln_F(79,3)     -5.72864 -1.04809e-007
ln_F(79,4)     -6.69239 1.00408e-007
ln_F(79,5)     -5.05413 -2.0724e-007
ln_F(79,6)     -3.20837 -1.96629e-006
ln_F(79,7)     -4.99102 3.28395e-006
ln_F(80,1)     -6.53566 -5.08283e-006
ln_F(80,2)     -6.21357 -1.92195e-007
ln_F(80,3)     -5.60808 8.06136e-008
ln_F(80,4)     -7.20313 2.85477e-007
ln_F(80,5)     -4.68891 -3.42803e-007
ln_F(80,6)     -4.63326 -7.58364e-007
ln_F(80,7)      -4.7608 2.73037e-006
ln_F(81,1)      -4.9469 -1.25193e-006
ln_F(81,2)     -6.83661 -1.12583e-006
ln_F(81,3)      -5.9517 -5.23896e-007
ln_F(81,4)     -7.22178 -5.93421e-007
ln_F(81,5)     -5.03375 6.83702e-007
ln_F(81,6)     -4.20322 4.68477e-007
ln_F(81,7)     -4.67614 1.41089e-006
ln_F(82,1)      -6.2727 2.59782e-006
ln_F(82,2)     -8.03071 -8.52954e-007
ln_F(82,3)     -6.54131 7.16795e-007
ln_F(82,4)     -7.27274 4.97751e-007
ln_F(82,5)     -4.89412 1.28113e-006
ln_F(82,6)      -4.0848 -1.00149e-006
ln_F(82,7)     -5.01794 -1.06575e-006
ln_F(83,1)     -5.70573 -6.93448e-006
ln_F(83,2)     -6.09167 -4.64515e-007
ln_F(83,3)     -5.92207 -3.80102e-007
ln_F(83,4)     -7.42985 -4.87616e-007
ln_F(83,5)     -4.43602 -6.4343e-007
ln_F(83,6)     -4.36167  -1.727e-006
ln_F(83,7)     -4.96985 2.87972e-006
ln_F(84,1)     -6.46174 -2.23554e-006
ln_F(84,2)     -5.70598 -3.33117e-008
ln_F(84,3)     -5.89457 2.20132e-008
ln_F(84,4)     -6.76799 -1.36327e-007
ln_F(84,5)     -5.26585 -6.83651e-007
ln_F(84,6)     -3.80405 -2.34723e-006
ln_F(84,7)     -4.62907 3.07221e-006
ln_F(85,1)     -4.97476 -5.61341e-006
ln_F(85,2)     -6.31967 -1.12856e-006
ln_F(85,3)     -6.29054 -5.00056e-007
ln_F(85,4)      -6.7254 -7.84422e-007
ln_F(85,5)     -5.78604 -2.02067e-007
ln_F(85,6)      -3.5205 -2.94538e-007
ln_F(85,7)     -4.98267 3.36415e-006
ln_F(86,1)      -5.9072 8.86131e-007
ln_F(86,2)     -6.87821 1.80406e-007
ln_F(86,3)     -6.34532 5.77922e-009
ln_F(86,4)     -6.62738 1.58473e-007
ln_F(86,5)     -5.60232 7.06118e-007
ln_F(86,6)     -3.09114 -1.91363e-006
ln_F(86,7)     -5.21614 -3.18435e-008
ln_F(87,1)     -5.30786 -4.48403e-006
ln_F(87,2)     -6.52205 -3.18438e-007
ln_F(87,3)     -6.14854 8.45246e-007
ln_F(87,4)     -6.62982  9.0763e-007
ln_F(87,5)     -6.05238 3.64304e-007
ln_F(87,6)     -3.13634 -1.15515e-006
ln_F(87,7)     -5.05975 1.01921e-006
ln_F(88,1)       -6.862 -4.47358e-006
ln_F(88,2)     -6.24792 -7.36725e-007
ln_F(88,3)     -5.96749 6.27219e-007
ln_F(88,4)     -7.37099 9.52767e-008
ln_F(88,5)     -6.14382 -7.53781e-007
ln_F(88,6)     -4.18633 -8.33459e-007
ln_F(88,7)     -4.65512  2.1003e-006
ln_F(89,1)     -5.41473 -5.82902e-006
ln_F(89,2)     -6.92065 -7.38312e-007
ln_F(89,3)     -6.15476 -1.19028e-007
ln_F(89,4)     -7.33531 -1.32145e-006
ln_F(89,5)     -5.11532 3.37411e-007
ln_F(89,6)     -3.96714 -1.52704e-007
ln_F(89,7)      -4.6742 5.06169e-006
ln_F(90,1)     -5.59429 -3.57485e-006
ln_F(90,2)     -8.07247 -1.12517e-006
ln_F(90,3)     -6.38222 7.18434e-008
ln_F(90,4)     -6.58432 -2.94703e-007
ln_F(90,5)     -4.49546 4.90401e-007
ln_F(90,6)     -3.26242 2.27793e-007
ln_F(90,7)     -4.64184 4.62773e-006
ln_F(91,1)     -4.96158 -6.49872e-008
ln_F(91,2)     -6.46236 -1.31529e-006
ln_F(91,3)     -6.50988 -4.91326e-007
ln_F(91,4)      -6.5069 -4.70127e-007
ln_F(91,5)     -5.61477 2.10883e-007
ln_F(91,6)     -3.79343 -3.09262e-007
ln_F(91,7)     -4.45119 8.87735e-007
ln_F(92,1)     -7.12007 4.34679e-007
ln_F(92,2)     -6.26005 -1.22891e-006
ln_F(92,3)     -5.99789 -1.81993e-009
ln_F(92,4)     -6.75045 -1.08823e-007
ln_F(92,5)     -5.30684 -7.42044e-007
ln_F(92,6)     -4.02053 -9.3662e-007
ln_F(92,7)     -4.55639 -1.98074e-006
ln_F(93,1)     -5.28129 -1.07252e-006
ln_F(93,2)     -7.01028 -7.76164e-007
ln_F(93,3)     -6.27803 5.42276e-007
ln_F(93,4)      -6.7578 -6.17381e-007
ln_F(93,5)     -5.64785 -2.02917e-007
ln_F(93,6)     -4.13302 -1.73454e-007
ln_F(93,7)      -4.4055 -1.27621e-006
ln_F(94,1)     -6.85808 -1.74785e-006
ln_F(94,2)     -8.27054 -8.58413e-007
ln_F(94,3)     -6.63062 3.94871e-007
ln_F(94,4)     -6.72804 -5.82846e-008
ln_F(94,5)     -4.65638 2.84901e-007
ln_F(94,6)     -3.71853 -4.51889e-008
ln_F(94,7)     -4.87824 1.82307e-007
ln_F(95,1)     -5.66695 -5.99223e-006
ln_F(95,2)     -5.91566 -2.90273e-007
ln_F(95,3)     -6.16444 2.38122e-007
ln_F(95,4)      -7.0309 6.39547e-008
ln_F(95,5)     -5.01296 5.82848e-007
ln_F(95,6)     -3.73535 -1.18851e-007
ln_F(95,7)     -4.22076 4.91424e-006
ln_F(96,1)     -7.20967 -3.50994e-006
ln_F(96,2)     -4.13245 -1.74228e-006
ln_F(96,3)     -5.69915  5.1077e-007
ln_F(96,4)     -6.88953 -4.07791e-007
ln_F(96,5)     -5.46979 -7.60651e-007
ln_F(96,6)     -4.10886 -1.29086e-006
ln_F(96,7)     -4.73818 3.84632e-006
ln_F(97,1)     -5.54123 -3.42299e-006
ln_F(97,2)     -4.66259 -1.03465e-006
ln_F(97,3)     -5.91664  3.0487e-007
ln_F(97,4)     -6.90182 9.70858e-008
ln_F(97,5)     -4.85553 5.69005e-007
ln_F(97,6)     -4.09265 7.88277e-007
ln_F(97,7)     -4.96868 3.24561e-006
ln_F(98,1)     -6.11578 1.66972e-007
ln_F(98,2)     -5.96603 -4.90766e-007
ln_F(98,3)     -6.84882 3.35387e-007
ln_F(98,4)     -5.98072 -6.70054e-008
ln_F(98,5)     -4.27308 6.07217e-007
ln_F(98,6)     -3.27925  3.0107e-007
ln_F(98,7)     -4.95641 5.42711e-007
ln_F(99,1)      -5.4966 -1.68971e-006
ln_F(99,2)     -4.43662 -1.07822e-006
ln_F(99,3)      -6.7578 2.11597e-007
ln_F(99,4)     -6.07097 -6.86381e-008
ln_F(99,5)     -5.25619 1.82057e-007
ln_F(99,6)     -3.13203 -4.69796e-007
ln_F(99,7)     -4.70833 1.04378e-006
ln_F(100,1)     -7.38125 -2.20917e-007
ln_F(100,2)     -4.64157 -4.83586e-007
ln_F(100,3)     -5.91542 6.26649e-007
ln_F(100,4)     -5.97674  4.2605e-007
ln_F(100,5)     -5.36433 -7.89721e-008
ln_F(100,6)      -3.4192 -5.8605e-007
ln_F(100,7)     -4.94137 2.15079e-006
ln_F(101,1)     -4.95391 -3.21365e-006
ln_F(101,2)     -4.98296 -3.00403e-007
ln_F(101,3)       -5.599 9.42324e-007
ln_F(101,4)      -5.9346 3.16583e-007
ln_F(101,5)     -5.73656 6.61787e-007
ln_F(101,6)     -4.05073 1.71718e-007
ln_F(101,7)     -4.69129 1.98229e-006
ln_F(102,1)      -5.7385 -5.23992e-006
ln_F(102,2)     -5.42367 -8.35522e-007
ln_F(102,3)     -6.27989 -1.6981e-007
ln_F(102,4)     -5.37179 7.91032e-007
ln_F(102,5)     -4.24415 1.41369e-006
ln_F(102,6)     -3.42669 3.87476e-007
ln_F(102,7)      -4.7091 2.86688e-006
ln_F(103,1)     -5.06332 -5.73479e-008
ln_F(103,2)     -3.89341 -5.22037e-007
ln_F(103,3)     -5.82322 -1.2335e-007
ln_F(103,4)     -5.28429 4.77189e-008
ln_F(103,5)     -4.54249 6.29555e-007
ln_F(103,6)     -3.16169 -2.22483e-006
ln_F(103,7)     -4.25362 1.97643e-006
ln_F(104,1)      -6.1105 -1.62568e-006
ln_F(104,2)     -3.72079 -4.7501e-007
ln_F(104,3)     -4.72781 6.40765e-007
ln_F(104,4)     -5.27359 7.30474e-007
ln_F(104,5)     -4.81743 1.11749e-006
ln_F(104,6)     -3.78423 -1.39616e-006
ln_F(104,7)     -3.85351 2.06213e-006
ln_F(105,1)     -4.81817 -5.67366e-006
ln_F(105,2)     -5.63818 -4.2208e-007
ln_F(105,3)     -4.03798 6.15031e-007
ln_F(105,4)     -5.09773 3.94306e-008
ln_F(105,5)     -4.88563 6.90499e-007
ln_F(105,6)     -3.72477 -1.03607e-006
ln_F(105,7)     -3.97686  4.7854e-006
ln_F(106,1)     -5.76812 -2.53426e-006
ln_F(106,2)     -6.92081 -1.85161e-007
ln_F(106,3)      -5.6432 7.80798e-007
ln_F(106,4)      -5.4287 7.05719e-007
ln_F(106,5)     -4.48626 4.00302e-007
ln_F(106,6)     -3.17538 -6.40345e-007
ln_F(106,7)     -3.09887 5.10974e-006
ln_F(107,1)     -5.05509  2.7174e-007
ln_F(107,2)     -5.24612 -7.0035e-007
ln_F(107,3)      -4.6598 2.10636e-007
ln_F(107,4)     -4.86171 -2.4799e-007
ln_F(107,5)     -4.34361 1.87075e-007
ln_F(107,6)     -2.98586 -3.61422e-007
ln_F(107,7)     -3.27989 1.76474e-006
ln_F(108,1)     -6.14437 -1.91763e-006
ln_F(108,2)     -4.82927 -8.49129e-007
ln_F(108,3)      -4.6567 3.48693e-007
ln_F(108,4)     -5.18653 2.71913e-007
ln_F(108,5)     -4.38173  1.3015e-008
ln_F(108,6)     -3.42708 -7.85317e-007
ln_F(108,7)     -3.82264  1.0325e-006
ln_F(109,1)     -5.10855 -5.34944e-006
ln_F(109,2)     -5.29582 -5.03639e-007
ln_F(109,3)     -4.52333 5.31658e-007
ln_F(109,4)     -5.30675 6.61082e-007
ln_F(109,5)     -4.61504 1.09353e-006
ln_F(109,6)     -4.06504 1.19866e-006
ln_F(109,7)     -3.99034 4.53282e-008
ln_F(110,1)      -5.2463 -1.34846e-006
ln_F(110,2)     -7.17694 -2.13139e-008
ln_F(110,3)     -5.87876 -5.67651e-007
ln_F(110,4)     -5.11825 8.49109e-007
ln_F(110,5)     -3.71469 2.11514e-006
ln_F(110,6)      -3.3934 1.09092e-007
ln_F(110,7)      -2.6416 -9.00159e-007
ln_F(111,1)     -5.55846 3.27643e-006
ln_F(111,2)     -5.70709 -3.26277e-007
ln_F(111,3)     -5.14022 -6.56835e-007
ln_F(111,4)     -4.93811 -4.61451e-007
ln_F(111,5)     -4.16765 6.53157e-008
ln_F(111,6)     -3.36352 -9.57431e-007
ln_F(111,7)     -4.28687 2.32036e-007
ln_F(112,1)     -5.43325 -2.32141e-006
ln_F(112,2)     -5.13607 -7.61774e-008
ln_F(112,3)     -4.39509 -3.82581e-007
ln_F(112,4)     -4.77249 9.15636e-008
ln_F(112,5)     -4.68693 2.59619e-006
ln_F(112,6)       -3.012 -1.99527e-006
ln_F(112,7)     -2.73491 6.10722e-006
ln_F(113,1)     -4.61753 -3.43543e-006
ln_F(113,2)     -5.36333  7.1695e-008
ln_F(113,3)     -4.28266 8.98963e-007
ln_F(113,4)     -4.67887 -9.83071e-007
ln_F(113,5)     -4.42742 9.67364e-007
ln_F(113,6)     -3.14462 -5.56553e-006
ln_F(113,7)      -4.3582  7.4589e-006
ln_F(114,1)     -5.66294 2.87322e-006
ln_F(114,2)     -6.93355 -5.40813e-007
ln_F(114,3)     -5.64647 8.54857e-007
ln_F(114,4)     -5.05435 -4.99175e-007
ln_F(114,5)     -4.78479 -2.39654e-007
ln_F(114,6)      -3.7054 -2.37362e-007
ln_F(114,7)     -4.12448 1.97376e-006
ln_F(115,1)     -4.96304 2.40348e-006
ln_F(115,2)     -6.06781 1.14377e-006
ln_F(115,3)     -5.54359 1.90143e-006
ln_F(115,4)     -5.13121 -8.80975e-007
ln_F(115,5)     -4.97175 -8.87061e-007
ln_F(115,6)     -3.90829  1.4237e-006
ln_F(115,7)     -4.45039  9.2854e-007
ln_F(116,1)     -6.49927 1.35393e-006
ln_F(116,2)     -5.60666 7.05383e-007
ln_F(116,3)     -5.56363 1.67658e-006
ln_F(116,4)     -6.65383 6.51794e-007
ln_F(116,5)     -4.69983 -5.51773e-007
ln_F(116,6)     -4.60401 2.55175e-006
ln_F(116,7)     -4.33809 -1.25627e-007
ln_F(117,1)      -6.0334 1.17288e-006
ln_F(117,2)     -5.44017 -9.8934e-007
ln_F(117,3)     -5.71016 3.10239e-006
ln_F(117,4)     -6.78987 3.17871e-007
ln_F(117,5)     -4.78132 -1.29434e-006
ln_F(117,6)     -5.06699 -1.40383e-006
ln_F(117,7)     -4.41238 1.27777e-006
ln_F(118,1)     -6.37789 -2.12078e-006
ln_F(118,2)     -7.00622 -1.08806e-006
ln_F(118,3)     -7.40323 6.52202e-006
ln_F(118,4)     -6.92795 -6.13467e-007
ln_F(118,5)     -4.95214 -1.63988e-006
ln_F(118,6)     -4.61509 3.94295e-006
ln_F(118,7)     -4.51986 1.43568e-006
ln_F(119,1)     -6.44879 -1.96724e-006
ln_F(119,2)     -6.44247 5.82951e-007
ln_F(119,3)     -6.66877 5.69033e-007
ln_F(119,4)     -6.77252 -2.06557e-007
ln_F(119,5)     -4.30898 2.62152e-006
ln_F(119,6)     -3.75503 5.90047e-006
ln_F(119,7)      -4.3254 3.92886e-006
ln_F(120,1)     -6.76027 -1.92062e-006
ln_F(120,2)     -6.35444 1.17275e-007
ln_F(120,3)     -6.20976 4.28509e-007
ln_F(120,4)     -6.99379 3.82769e-007
ln_F(120,5)     -4.88444 1.76877e-006
ln_F(120,6)     -5.04013 -1.51223e-006
ln_F(120,7)      -4.3715 1.23481e-006
ln_F(121,1)     -6.05581 -3.04149e-006
ln_F(121,2)     -6.75912 -4.60938e-007
ln_F(121,3)     -6.85405 4.10488e-007
ln_F(121,4)     -7.06817 -1.55703e-007
ln_F(121,5)     -4.59581 1.45405e-006
ln_F(121,6)     -4.93303 -2.05114e-006
ln_F(121,7)     -5.12607 2.13232e-006
ln_F(122,1)     -6.32573 -4.42005e-006
ln_F(122,2)     -7.36462 -4.66489e-007
ln_F(122,3)     -7.94187 -1.09064e-007
ln_F(122,4)     -6.78812 -1.27501e-006
ln_F(122,5)      -3.5897 1.77514e-006
ln_F(122,6)     -3.31775 -2.11102e-007
ln_F(122,7)     -4.85107 2.51007e-006
ln_F(123,1)     -6.57888 -2.79996e-006
ln_F(123,2)     -6.85488 -1.17624e-006
ln_F(123,3)     -7.48176 1.68053e-006
ln_F(123,4)     -6.96714 3.07299e-007
ln_F(123,5)     -4.59022 5.58201e-007
ln_F(123,6)     -4.30216 2.21771e-007
ln_F(123,7)     -5.00868 5.76374e-007
ln_F(124,1)     -7.66775 -3.10335e-006
ln_F(124,2)     -5.79555 -3.20115e-007
ln_F(124,3)     -7.16649 1.36505e-006
ln_F(124,4)     -7.37064 2.59141e-007
ln_F(124,5)     -4.86082 -1.48956e-006
ln_F(124,6)     -4.44952 -5.37162e-008
ln_F(124,7)     -5.04629 1.06915e-006
ln_F(125,1)     -5.17819 -5.87114e-006
ln_F(125,2)     -5.36025 -8.23718e-007
ln_F(125,3)     -7.00449 8.51612e-007
ln_F(125,4)     -6.47564 1.80561e-007
ln_F(125,5)     -4.32294 -7.63632e-007
ln_F(125,6)     -4.93329 1.36939e-006
ln_F(125,7)     -4.93143 1.42053e-006
ln_F(126,1)     -6.21636 -4.20698e-006
ln_F(126,2)     -6.64081 -6.2961e-007
ln_F(126,3)     -7.71766 4.52437e-008
ln_F(126,4)      -6.4298 3.31859e-007
ln_F(126,5)     -4.25933 8.76642e-008
ln_F(126,6)     -3.96324 1.63056e-006
ln_F(126,7)     -4.89509 1.04179e-006
ln_F(127,1)     -5.95886 3.44076e-008
ln_F(127,2)     -5.11512 -9.55384e-007
ln_F(127,3)     -7.26428   4.436e-008
ln_F(127,4)     -6.60464 -8.16512e-007
ln_F(127,5)     -4.62501 1.90338e-007
ln_F(127,6)     -4.09632 -1.27052e-006
ln_F(127,7)     -4.80638 -4.03609e-007
ln_F(128,1)      -5.3984 -2.27324e-006
ln_F(128,2)     -4.62228 -1.39648e-006
ln_F(128,3)     -7.29646 1.90693e-007
ln_F(128,4)     -6.91872 4.79084e-007
ln_F(128,5)     -4.56598 9.80928e-007
ln_F(128,6)      -3.7995 -3.76506e-007
ln_F(128,7)     -4.55101 2.30755e-006
ln_F(129,1)     -5.35981 -3.25547e-006
ln_F(129,2)     -5.06701 -1.06334e-006
ln_F(129,3)     -7.78158 2.87023e-007
ln_F(129,4)     -6.89246 5.78823e-007
ln_F(129,5)     -4.39451 1.15255e-006
ln_F(129,6)     -4.09609 -3.60734e-007
ln_F(129,7)      -4.6339 2.90039e-006
ln_F(130,1)     -5.32925 -4.51026e-006
ln_F(130,2)     -6.97974 -1.08349e-006
ln_F(130,3)     -7.55052 9.25944e-007
ln_F(130,4)     -7.02866 -3.60101e-008
ln_F(130,5)     -4.79836 7.41952e-007
ln_F(130,6)     -3.37506 1.13468e-006
ln_F(130,7)     -4.53445  5.1224e-006
ln_F(131,1)     -5.31487 -3.1536e-006
ln_F(131,2)     -6.34486 -3.0015e-007
ln_F(131,3)     -6.62112 1.44206e-006
ln_F(131,4)     -7.00088 8.37586e-007
ln_F(131,5)     -4.52716 9.22396e-007
ln_F(131,6)     -3.47685 -1.27931e-006
ln_F(131,7)     -4.71174 3.93737e-006
ln_F(132,1)     -6.20883  7.0744e-007
ln_F(132,2)     -5.41179  1.3612e-007
ln_F(132,3)     -7.41124 8.63116e-007
ln_F(132,4)     -7.41553 1.74446e-007
ln_F(132,5)     -5.24693 1.26021e-006
ln_F(132,6)      -3.6028 -8.00316e-007
ln_F(132,7)     -4.72472 1.62988e-006
ln_F(133,1)     -4.58059 -1.28822e-006
ln_F(133,2)     -5.68856 -4.78717e-007
ln_F(133,3)     -7.26258 9.21801e-007
ln_F(133,4)     -7.21425  8.9698e-007
ln_F(133,5)     -4.94373 1.14106e-006
ln_F(133,6)     -4.16655 7.20986e-007
ln_F(133,7)     -4.74723 1.42967e-006
ln_F(134,1)     -5.51711  6.8877e-007
ln_F(134,2)     -5.55254 -4.57391e-007
ln_F(134,3)     -6.97304 -3.99778e-008
ln_F(134,4)      -7.1379 8.38704e-007
ln_F(134,5)     -4.21248 2.73539e-007
ln_F(134,6)     -3.23453 -9.28407e-007
ln_F(134,7)     -4.62998 7.96308e-007
ln_F(135,1)     -4.56643 -2.81852e-006
ln_F(135,2)     -5.63103 -2.95223e-007
ln_F(135,3)     -6.19634 -9.16264e-008
ln_F(135,4)     -6.94126 6.60928e-007
ln_F(135,5)     -4.87031 5.21916e-007
ln_F(135,6)     -2.97311 1.35382e-007
ln_F(135,7)      -4.8265 2.17974e-006
ln_F(136,1)     -4.40627 -1.40211e-006
ln_F(136,2)     -4.97867 -4.7948e-007
ln_F(136,3)     -6.61954 2.22457e-007
ln_F(136,4)      -6.1337 -5.34918e-008
ln_F(136,5)     -3.13486 6.21263e-007
ln_F(136,6)     -3.15468 -2.87745e-006
ln_F(136,7)     -4.44382 2.48842e-006
ln_F(137,1)     -5.12704 -1.41618e-006
ln_F(137,2)     -5.27501 4.91456e-009
ln_F(137,3)     -6.53986 6.95745e-007
ln_F(137,4)     -6.53744 2.34762e-007
ln_F(137,5)     -4.40116 2.90139e-007
ln_F(137,6)     -3.99711 -1.64805e-006
ln_F(137,7)      -4.4152 3.22011e-006
ln_F(138,1)     -4.63616 -2.72374e-006
ln_F(138,2)     -5.85327 -1.23627e-006
ln_F(138,3)     -7.68479 5.50648e-007
ln_F(138,4)      -6.2552 4.84714e-008
ln_F(138,5)     -4.39602  9.0467e-007
ln_F(138,6)     -3.42855 -5.85423e-008
ln_F(138,7)      -4.4513 3.74018e-006
ln_F(139,1)      -4.7134 2.58704e-007
ln_F(139,2)     -5.19192 -5.65478e-007
ln_F(139,3)     -6.69803 3.02247e-007
ln_F(139,4)     -6.12566 4.11744e-007
ln_F(139,5)     -3.91507 4.40724e-007
ln_F(139,6)     -3.32151 -1.68736e-006
ln_F(139,7)     -4.49936 1.62603e-006
ln_F(140,1)     -5.04596 -4.94634e-007
ln_F(140,2)     -5.04368 -1.38967e-007
ln_F(140,3)     -6.56546 1.06355e-006
ln_F(140,4)     -6.00454 5.55489e-007
ln_F(140,5)     -3.73838 4.00601e-007
ln_F(140,6)     -2.90466 -1.64774e-006
ln_F(140,7)     -4.31392 1.36635e-006
ln_F(141,1)     -5.15646 -2.67751e-006
ln_F(141,2)     -5.82845 1.53162e-007
ln_F(141,3)     -6.94429 1.42411e-006
ln_F(141,4)      -6.2199 1.03142e-006
ln_F(141,5)     -4.33183 4.55744e-007
ln_F(141,6)     -3.66788 -1.10381e-007
ln_F(141,7)     -4.38346 1.27918e-006
ln_F(142,1)     -4.68329 -1.04126e-006
ln_F(142,2)     -5.96971 -6.33519e-007
ln_F(142,3)     -8.26405 1.02241e-006
ln_F(142,4)     -5.87474 9.95013e-007
ln_F(142,5)     -3.83764 6.46151e-007
ln_F(142,6)     -2.76219 -2.36708e-007
ln_F(142,7)     -4.21397 2.02854e-006
ln_F(143,1)     -4.05059 -1.38936e-006
ln_F(143,2)     -3.78817 -9.79066e-007
ln_F(143,3)     -6.50136 -3.91033e-008
ln_F(143,4)     -5.71362 2.43701e-007
ln_F(143,5)      -3.5111 3.67091e-007
ln_F(143,6)     -2.95882 -2.36532e-007
ln_F(143,7)     -3.32019 3.06512e-006
ln_F(144,1)     -4.60875 -4.68253e-008
ln_F(144,2)      -3.7814 -1.13808e-006
ln_F(144,3)      -6.3219 1.09975e-006
ln_F(144,4)     -5.75872 -7.08492e-008
ln_F(144,5)     -4.13006  2.8423e-007
ln_F(144,6)     -2.88907 -1.1111e-006
ln_F(144,7)     -3.33203 3.66465e-006
ln_F(145,1)     -4.39221 4.97829e-007
ln_F(145,2)     -3.61195 -2.08031e-006
ln_F(145,3)     -6.84018 6.78715e-007
ln_F(145,4)     -5.54894   2.721e-007
ln_F(145,5)     -3.94541 7.60764e-007
ln_F(145,6)      -3.6475 5.35857e-008
ln_F(145,7)     -3.59342 1.62002e-006
ln_F(146,1)     -4.71327 1.26524e-007
ln_F(146,2)     -4.06719 -1.23336e-006
ln_F(146,3)     -8.44011 1.12186e-008
ln_F(146,4)     -5.87629 -1.09946e-007
ln_F(146,5)     -4.29057 5.59184e-007
ln_F(146,6)     -3.02041 6.79121e-008
ln_F(146,7)     -3.69992 4.33156e-007
ln_F(147,1)     -4.52999 -6.07566e-007
ln_F(147,2)     -3.11403 -1.6343e-006
ln_F(147,3)     -6.45816 5.33307e-007
ln_F(147,4)     -5.69714 8.01663e-008
ln_F(147,5)     -4.12935 -3.40323e-007
ln_F(147,6)     -3.13941 -1.1995e-006
ln_F(147,7)      -3.7353 1.36515e-007
ln_F(148,1)     -4.57509 -4.0868e-006
ln_F(148,2)     -2.58523 -2.04712e-006
ln_F(148,3)     -6.20359 1.53213e-007
ln_F(148,4)      -5.7155 2.55833e-007
ln_F(148,5)     -4.36887 1.00074e-006
ln_F(148,6)     -3.05418 1.32007e-007
ln_F(148,7)     -3.91044 1.21216e-006
ln_F(149,1)     -4.72841 -1.28887e-006
ln_F(149,2)     -5.00651 -3.60954e-007
ln_F(149,3)     -6.80568 -6.24741e-007
ln_F(149,4)     -5.88508 -2.57462e-007
ln_F(149,5)     -4.55522 8.85449e-007
ln_F(149,6)     -3.65619 4.97927e-007
ln_F(149,7)     -4.00528 -4.52729e-007
ln_F(150,1)     -4.43694 -5.31833e-006
ln_F(150,2)     -5.38226 -9.25114e-007
ln_F(150,3)      -7.8079 -4.19291e-007
ln_F(150,4)     -5.63638  3.8497e-007
ln_F(150,5)     -4.47127 5.95433e-007
ln_F(150,6)     -3.13838 7.26429e-007
ln_F(150,7)     -3.59664 -1.5298e-007
ln_F(151,1)     -4.43583 -3.60868e-006
ln_F(151,2)     -4.28401 -2.64593e-006
ln_F(151,3)     -6.34573 -3.30882e-006
ln_F(151,4)     -5.54914 -6.19229e-007
ln_F(151,5)     -3.50394 1.46116e-006
ln_F(151,6)     -2.81374 -8.80871e-007
ln_F(151,7)     -3.70521 3.29547e-006
ln_F(152,1)     -7.06074 1.22369e-006
ln_F(152,2)     -8.88173 -5.0927e-008
ln_F(152,3)     -7.14215 -1.00456e-006
ln_F(152,4)     -7.87147 7.77443e-007
ln_F(152,5)     -8.88173 -5.0927e-008
ln_F(152,6)     -13.6426 -4.74712e-006
ln_F(152,7)     -6.42647 7.42291e-007
ln_F(153,1)     -7.08757 1.20698e-006
ln_F(153,2)     -8.88173 -5.0927e-008
ln_F(153,3)     -6.80481 -1.7298e-007
ln_F(153,4)     -7.74859 -5.78345e-007
ln_F(153,5)     -8.88173 -5.0927e-008
ln_F(153,6)     -10.6778 -1.71426e-006
ln_F(153,7)     -6.10019 1.88838e-007
ln_F(154,1)      -7.5884 8.89074e-007
ln_F(154,2)     -8.88173 -5.0927e-008
ln_F(154,3)     -7.95761 5.33649e-007
ln_F(154,4)     -7.64021 -1.78601e-007
ln_F(154,5)     -8.88173 -5.0927e-008
ln_F(154,6)     -8.50958 -1.71788e-006
ln_F(154,7)      -6.7752 2.45987e-007
ln_F(155,1)     -8.16979 1.44053e-006
ln_F(155,2)     -8.88173 -5.0927e-008
ln_F(155,3)     -7.65014 5.29086e-007
ln_F(155,4)     -7.76605 -5.29404e-007
ln_F(155,5)     -8.88173 -5.0927e-008
ln_F(155,6)     -11.1098 -2.23614e-006
ln_F(155,7)     -5.90565 4.66439e-007
ln_F(156,1)     -7.65729 1.56714e-006
ln_F(156,2)     -8.88173 -5.0927e-008
ln_F(156,3)     -7.23827 2.80434e-007
ln_F(156,4)     -8.05342 -7.68072e-007
ln_F(156,5)     -8.88173 -5.0927e-008
ln_F(156,6)     -10.6168 -1.51801e-006
ln_F(156,7)     -6.68427 3.92841e-007
ln_F(157,1)     -6.88672 8.64951e-007
ln_F(157,2)     -8.88173 -5.0927e-008
ln_F(157,3)      -6.5286 4.43166e-007
ln_F(157,4)      -7.6889 -2.19571e-007
ln_F(157,5)     -8.88173 -5.0927e-008
ln_F(157,6)     -11.1026 -1.73344e-006
ln_F(157,7)     -5.92025 1.21611e-006
ln_F(158,1)     -6.72925 2.14947e-006
ln_F(158,2)     -8.88173 -5.0927e-008
ln_F(158,3)     -7.41646 1.57235e-007
ln_F(158,4)     -7.54658 -2.9077e-007
ln_F(158,5)     -8.88173 -5.0927e-008
ln_F(158,6)     -9.66105 -1.34788e-006
ln_F(158,7)     -6.34239 1.61175e-006
ln_F(159,1)     -8.74564 1.48482e-006
ln_F(159,2)     -8.88173 -5.0927e-008
ln_F(159,3)     -7.09232 -2.39595e-007
ln_F(159,4)     -7.45631 -4.8102e-007
ln_F(159,5)     -8.88173 -5.0927e-008
ln_F(159,6)     -10.3398 -1.34335e-006
ln_F(159,7)     -5.63091 1.68412e-006
ln_F(160,1)      -8.8692 1.55068e-006
ln_F(160,2)     -8.88173 -5.0927e-008
ln_F(160,3)     -6.81289 3.73406e-009
ln_F(160,4)     -7.63697 -9.46511e-007
ln_F(160,5)     -8.88173 -5.0927e-008
ln_F(160,6)     -9.82802 -1.30873e-006
ln_F(160,7)     -5.43582 1.02537e-006
ln_F(161,1)      -5.3803 2.20809e-006
ln_F(161,2)     -8.88173 -5.0927e-008
ln_F(161,3)     -6.62476 3.39677e-007
ln_F(161,4)     -7.28001 -1.13662e-006
ln_F(161,5)     -8.88173 -5.0927e-008
ln_F(161,6)     -10.5125 -4.2088e-007
ln_F(161,7)     -5.37609 2.21226e-006
ln_F(162,1)     -7.52241  2.9003e-006
ln_F(162,2)     -8.88173 -5.0927e-008
ln_F(162,3)      -7.6209 -1.01594e-007
ln_F(162,4)     -7.18669 -4.67729e-007
ln_F(162,5)     -8.88173 -5.0927e-008
ln_F(162,6)     -9.38941 -1.62129e-006
ln_F(162,7)     -5.92375 2.34289e-006
ln_F(163,1)     -8.61192 2.57088e-006
ln_F(163,2)     -8.88173 -5.0927e-008
ln_F(163,3)     -7.10672  6.1772e-007
ln_F(163,4)     -7.16978 -8.20322e-007
ln_F(163,5)     -8.88173 -5.0927e-008
ln_F(163,6)     -12.0715 -1.03198e-006
ln_F(163,7)     -5.70718  1.7256e-006
ln_F(164,1)     -8.78855 1.51366e-006
ln_F(164,2)     -8.88173 -5.0927e-008
ln_F(164,3)     -7.24965 -8.01628e-008
ln_F(164,4)     -7.37974 -9.20345e-007
ln_F(164,5)     -8.88173 -5.0927e-008
ln_F(164,6)      -11.945 -2.71475e-006
ln_F(164,7)     -4.92186  1.1724e-006
ln_F(165,1)     -5.12957 8.98476e-007
ln_F(165,2)     -8.88173 -5.0927e-008
ln_F(165,3)     -6.91957 1.69707e-007
ln_F(165,4)     -7.12745 -3.54844e-007
ln_F(165,5)     -8.88173 -5.0927e-008
ln_F(165,6)     -12.4507 -4.73879e-006
ln_F(165,7)     -5.72711 4.45626e-007
ln_F(166,1)     -8.37079 -9.93063e-008
ln_F(166,2)     -8.88173 -5.0927e-008
ln_F(166,3)      -7.3573 -4.32834e-007
ln_F(166,4)     -7.06819 -2.1969e-006
ln_F(166,5)     -8.88173 -5.0927e-008
ln_F(166,6)       -11.51 -3.32974e-006
ln_F(166,7)     -5.75282 4.63257e-007
ln_F(167,1)     -6.95358 -1.91107e-007
ln_F(167,2)     -8.88173 -5.0927e-008
ln_F(167,3)     -7.21286 -3.78861e-007
ln_F(167,4)     -6.69094 -1.51507e-006
ln_F(167,5)     -8.88173 -5.0927e-008
ln_F(167,6)     -11.2249  -3.719e-006
ln_F(167,7)     -6.07718 2.63181e-007
ln_F(168,1)     -6.95619 -5.74656e-007
ln_F(168,2)     -8.88173 -5.0927e-008
ln_F(168,3)     -7.36845 -5.44498e-007
ln_F(168,4)     -7.15509 -1.80084e-006
ln_F(168,5)     -8.88173 -5.0927e-008
ln_F(168,6)     -10.9529 -2.94232e-006
ln_F(168,7)     -5.25037 9.25387e-007
ln_F(169,1)     -6.61712 6.54578e-007
ln_F(169,2)     -8.88173 -5.0927e-008
ln_F(169,3)       -7.162 -2.84162e-007
ln_F(169,4)     -6.73921 -8.6486e-007
ln_F(169,5)     -8.88173 -5.0927e-008
ln_F(169,6)     -10.3519 -2.98839e-006
ln_F(169,7)     -5.88992 9.80266e-007
ln_F(170,1)     -6.91015 5.06661e-007
ln_F(170,2)     -8.88173 -5.0927e-008
ln_F(170,3)     -7.12683 1.75623e-007
ln_F(170,4)     -6.66631 2.04749e-006
ln_F(170,5)     -8.88173 -5.0927e-008
ln_F(170,6)     -9.85286 1.11558e-006
ln_F(170,7)      -5.9569 7.37205e-007
ln_F(171,1)     -7.10658 9.94762e-007
ln_F(171,2)     -8.88173 -5.0927e-008
ln_F(171,3)     -6.67938 -1.24289e-009
ln_F(171,4)      -6.7484 1.05787e-006
ln_F(171,5)     -8.88173 -5.0927e-008
ln_F(171,6)     -10.5244 5.08375e-006
ln_F(171,7)     -6.38997 4.79802e-007
ln_F(172,1)     -7.00465  1.1965e-006
ln_F(172,2)     -8.88173 -5.0927e-008
ln_F(172,3)     -7.47993 -1.07896e-006
ln_F(172,4)     -7.28393 -3.20067e-007
ln_F(172,5)     -8.88173 -5.0927e-008
ln_F(172,6)     -10.7088 -3.85387e-006
ln_F(172,7)     -6.14838 1.37379e-006
ln_F(173,1)     -6.51945 2.16772e-006
ln_F(173,2)     -8.88173 -5.0927e-008
ln_F(173,3)     -7.00616 -3.38231e-007
ln_F(173,4)     -6.73227 -1.48166e-007
ln_F(173,5)     -8.88173 -5.0927e-008
ln_F(173,6)      -13.023 3.32834e-006
ln_F(173,7)     -5.47665 1.21019e-006
ln_F(174,1)     -6.85148 1.55693e-006
ln_F(174,2)     -8.88173 -5.0927e-008
ln_F(174,3)     -7.21184 -4.39146e-007
ln_F(174,4)     -6.73946 -1.23604e-007
ln_F(174,5)     -8.88173 -5.0927e-008
ln_F(174,6)     -11.9839 4.77277e-007
ln_F(174,7)     -6.19467 9.95856e-008
ln_F(175,1)       -7.268 1.71392e-006
ln_F(175,2)     -8.88173 -5.0927e-008
ln_F(175,3)     -6.82539 1.36731e-007
ln_F(175,4)     -6.75116 -2.91672e-006
ln_F(175,5)     -8.88173 -5.0927e-008
ln_F(175,6)     -11.3138 -3.61547e-006
ln_F(175,7)     -5.98617 4.35676e-007
ln_F(176,1)     -7.11341 3.40949e-007
ln_F(176,2)     -8.88173 -5.0927e-008
ln_F(176,3)     -7.36498 -3.16968e-007
ln_F(176,4)     -7.16149 -3.77675e-006
ln_F(176,5)     -8.88173 -5.0927e-008
ln_F(176,6)      -11.071  4.7901e-007
ln_F(176,7)     -5.28334 8.77825e-007
ln_F(177,1)     -6.53606 9.48187e-007
ln_F(177,2)     -8.88173 -5.0927e-008
ln_F(177,3)     -7.13514 8.65058e-008
ln_F(177,4)     -6.53687   1.003e-006
ln_F(177,5)     -8.88173 -5.0927e-008
ln_F(177,6)     -10.1553 5.15699e-007
ln_F(177,7)     -5.54611 5.96478e-007
ln_F(178,1)     -6.99708 1.70136e-006
ln_F(178,2)     -8.88173 -5.0927e-008
ln_F(178,3)     -7.05572 -1.04624e-006
ln_F(178,4)     -6.45988 -9.28621e-007
ln_F(178,5)     -8.88173 -5.0927e-008
ln_F(178,6)     -10.7469 -3.84429e-006
ln_F(178,7)     -6.14348 3.46544e-007
ln_F(179,1)     -6.98096 1.19831e-006
ln_F(179,2)     -8.88173 -5.0927e-008
ln_F(179,3)      -6.4655 -1.63181e-007
ln_F(179,4)     -6.25342 -5.94409e-007
ln_F(179,5)     -8.88173 -5.0927e-008
ln_F(179,6)     -11.7566 -5.27314e-006
ln_F(179,7)      -6.0287 4.17366e-007
ln_F(180,1)     -6.82473 9.02962e-007
ln_F(180,2)     -8.88173 -5.0927e-008
ln_F(180,3)     -6.85275 -3.06375e-007
ln_F(180,4)     -6.79311 -7.95557e-007
ln_F(180,5)     -8.88173 -5.0927e-008
ln_F(180,6)     -8.88173 -5.0927e-008
ln_F(180,7)     -5.60098 1.02773e-006
ln_F(181,1)     -5.92625 9.22858e-007
ln_F(181,2)     -8.88173 -5.0927e-008
ln_F(181,3)     -6.51707  -4.305e-007
ln_F(181,4)     -6.59297 -5.03191e-008
ln_F(181,5)     -8.88173 -5.0927e-008
ln_F(181,6)     -8.88173 -5.0927e-008
ln_F(181,7)     -4.30705 1.31735e-006
ln_F(182,1)     -6.65685   9.762e-007
ln_F(182,2)     -8.88173 -5.0927e-008
ln_F(182,3)     -7.24146 -7.28584e-007
ln_F(182,4)     -6.55843 -2.74838e-007
ln_F(182,5)     -8.88173 -5.0927e-008
ln_F(182,6)     -10.9008 -2.79332e-006
ln_F(182,7)     -5.16584 5.73806e-007
ln_F(183,1)     -7.83109 1.63674e-006
ln_F(183,2)     -8.88173 -5.0927e-008
ln_F(183,3)      -6.1654 -1.39674e-007
ln_F(183,4)      -7.5901 -2.75333e-007
ln_F(183,5)     -8.88173 -5.0927e-008
ln_F(183,6)     -12.7685 1.83767e-007
ln_F(183,7)     -5.47672 1.15935e-006
ln_F(184,1)     -7.79015 1.31978e-006
ln_F(184,2)     -8.88173 -5.0927e-008
ln_F(184,3)     -7.35119 -4.69118e-007
ln_F(184,4)      -7.2696 -2.88228e-007
ln_F(184,5)     -8.88173 -5.0927e-008
ln_F(184,6)     -8.88173 -5.0927e-008
ln_F(184,7)     -5.31775 8.37454e-007
ln_F(185,1)     -7.41477 1.32382e-006
ln_F(185,2)     -8.88173 -5.0927e-008
ln_F(185,3)     -6.71375 -9.4283e-007
ln_F(185,4)     -6.65899 -3.27195e-007
ln_F(185,5)     -8.88173 -5.0927e-008
ln_F(185,6)     -8.88173 -5.0927e-008
ln_F(185,7)     -4.57272 5.10125e-007
ln_F(186,1)       -7.682 1.95039e-006
ln_F(186,2)     -8.88173 -5.0927e-008
ln_F(186,3)     -6.93545 -3.22321e-007
ln_F(186,4)      -6.6806 1.29642e-006
ln_F(186,5)     -8.88173 -5.0927e-008
ln_F(186,6)          -15 -2.01338e-005
ln_F(186,7)     -5.58981 1.28797e-006
ln_F(187,1)     -9.13125 1.18876e-006
ln_F(187,2)     -8.88173 -5.0927e-008
ln_F(187,3)     -6.22181 -1.92574e-007
ln_F(187,4)     -6.61236 3.35015e-007
ln_F(187,5)     -8.88173 -5.0927e-008
ln_F(187,6)     -9.46936 3.61383e-006
ln_F(187,7)     -4.85915 7.84651e-007
ln_F(188,1)     -6.52168 4.37957e-007
ln_F(188,2)     -8.88173 -5.0927e-008
ln_F(188,3)     -6.82632 -4.88429e-007
ln_F(188,4)     -7.08303 -8.17742e-007
ln_F(188,5)     -8.88173 -5.0927e-008
ln_F(188,6)     -10.4658 -3.13785e-006
ln_F(188,7)     -4.81879 1.03227e-006
ln_F(189,1)     -7.56817 1.04074e-006
ln_F(189,2)     -8.88173 -5.0927e-008
ln_F(189,3)     -6.92439 -7.59684e-007
ln_F(189,4)     -6.66936 -1.15762e-006
ln_F(189,5)     -8.88173 -5.0927e-008
ln_F(189,6)     -10.1657 -1.9683e-006
ln_F(189,7)      -4.5209 1.24813e-006
ln_F(190,1)     -8.74875 -4.39558e-007
ln_F(190,2)     -8.88173 -5.0927e-008
ln_F(190,3)     -6.79451 -5.33689e-007
ln_F(190,4)     -6.75503  -5.516e-008
ln_F(190,5)     -8.88173 -5.0927e-008
ln_F(190,6)     -10.0862 -2.24788e-006
ln_F(190,7)     -4.99133 1.16972e-006
ln_F(191,1)      -7.5043 1.37649e-006
ln_F(191,2)     -8.88173 -5.0927e-008
ln_F(191,3)     -5.70483 5.23977e-007
ln_F(191,4)     -6.62344 -7.42097e-008
ln_F(191,5)     -8.88173 -5.0927e-008
ln_F(191,6)     -11.7121 -3.58007e-006
ln_F(191,7)     -4.99825 2.59261e-006
ln_F(192,1)     -7.01635 -1.05894e-007
ln_F(192,2)     -8.88173 -5.0927e-008
ln_F(192,3)     -6.46155 -5.17763e-007
ln_F(192,4)     -7.16132 -8.62386e-008
ln_F(192,5)     -8.88173 -5.0927e-008
ln_F(192,6)     -12.3143 -6.64707e-007
ln_F(192,7)     -4.88596 1.21982e-006
ln_F(193,1)     -6.25037  2.0775e-006
ln_F(193,2)     -8.88173 -5.0927e-008
ln_F(193,3)      -6.4699 -9.03343e-007
ln_F(193,4)     -6.56292 2.83676e-006
ln_F(193,5)     -8.88173 -5.0927e-008
ln_F(193,6)     -10.9781 -2.73574e-006
ln_F(193,7)     -4.78987 1.62771e-006
ln_F(194,1)      -6.6729 2.91765e-006
ln_F(194,2)     -8.88173 -5.0927e-008
ln_F(194,3)     -6.39059 -9.89234e-007
ln_F(194,4)     -6.49873 3.04422e-006
ln_F(194,5)     -8.88173 -5.0927e-008
ln_F(194,6)     -9.50532 -3.98477e-006
ln_F(194,7)      -5.1446  1.6552e-006
ln_F(195,1)     -5.75437 2.49891e-006
ln_F(195,2)     -8.88173 -5.0927e-008
ln_F(195,3)     -5.01003 -4.00989e-007
ln_F(195,4)     -5.64923 1.55063e-006
ln_F(195,5)     -8.88173 -5.0927e-008
ln_F(195,6)     -8.88173 -5.0927e-008
ln_F(195,7)     -5.44733 7.34026e-007
ln_F(196,1)      -10.992  9.9896e-007
ln_F(196,2)     -8.88173 -5.0927e-008
ln_F(196,3)     -5.71238 -4.93856e-007
ln_F(196,4)     -6.74383 -2.00532e-007
ln_F(196,5)     -8.88173 -5.0927e-008
ln_F(196,6)     -8.88173 -5.0927e-008
ln_F(196,7)      -5.4935 1.62075e-006
ln_F(197,1)     -6.89496 1.76527e-006
ln_F(197,2)     -8.88173 -5.0927e-008
ln_F(197,3)     -5.92616 -6.12825e-007
ln_F(197,4)     -6.67529 -1.44711e-006
ln_F(197,5)     -8.88173 -5.0927e-008
ln_F(197,6)     -8.88173 -5.0927e-008
ln_F(197,7)     -5.19285 -2.83294e-007
ln_F(198,1)     -9.62442 1.05971e-006
ln_F(198,2)     -8.88173 -5.0927e-008
ln_F(198,3)     -4.82739 3.10528e-008
ln_F(198,4)     -6.26932 -1.54385e-006
ln_F(198,5)     -8.88173 -5.0927e-008
ln_F(198,6)     -8.88173 -5.0927e-008
ln_F(198,7)     -4.27346 1.55813e-006
ln_F(199,1)     -7.24262 -6.22496e-007
ln_F(199,2)     -8.88173 -5.0927e-008
ln_F(199,3)     -4.67687 1.16429e-006
ln_F(199,4)     -6.26859 -2.64318e-007
ln_F(199,5)     -8.88173 -5.0927e-008
ln_F(199,6)     -10.7611 -5.51662e-006
ln_F(199,7)     -4.92796 7.02947e-007
ln_F(200,1)     -7.00493 1.25085e-006
ln_F(200,2)     -8.88173 -5.0927e-008
ln_F(200,3)     -6.71734 -3.24649e-008
ln_F(200,4)     -6.64347  6.9432e-008
ln_F(200,5)     -8.88173 -5.0927e-008
ln_F(200,6)     -13.8836 -1.68154e-006
ln_F(200,7)     -5.42973 6.24983e-007
ln_F(201,1)      -6.1176 5.90319e-007
ln_F(201,2)     -8.88173 -5.0927e-008
ln_F(201,3)     -4.83465 4.69512e-007
ln_F(201,4)     -6.43113 3.53966e-007
ln_F(201,5)     -8.88173 -5.0927e-008
ln_F(201,6)     -12.4042 1.57973e-005
ln_F(201,7)     -4.85252 7.34053e-007
ln_F(202,1)     -6.72811 2.31081e-006
ln_F(202,2)     -8.88173 -5.0927e-008
ln_F(202,3)     -5.71061 -4.94882e-007
ln_F(202,4)     -6.37197 2.68825e-007
ln_F(202,5)     -8.88173 -5.0927e-008
ln_F(202,6)          -15 -9.92441e-007
ln_F(202,7)     -5.26839 3.85972e-007
ln_F(203,1)     -7.44813 3.55349e-007
ln_F(203,2)     -8.88173 -5.0927e-008
ln_F(203,3)     -4.68468 7.70979e-007
ln_F(203,4)      -6.2911 4.53949e-007
ln_F(203,5)     -8.88173 -5.0927e-008
ln_F(203,6)     -12.0212 -3.05003e-006
ln_F(203,7)      -5.3408 6.31578e-007
ln_F(204,1)     -7.05776 5.34376e-007
ln_F(204,2)     -8.88173 -5.0927e-008
ln_F(204,3)     -6.21999 -1.51885e-007
ln_F(204,4)     -6.77347 -7.12839e-007
ln_F(204,5)     -8.88173 -5.0927e-008
ln_F(204,6)     -11.0704 3.03335e-006
ln_F(204,7)     -5.26135 1.11303e-006
ln_F(205,1)     -5.82245 1.23885e-006
ln_F(205,2)     -8.88173 -5.0927e-008
ln_F(205,3)     -5.24939  1.2432e-007
ln_F(205,4)     -6.11406 -2.67641e-007
ln_F(205,5)     -8.88173 -5.0927e-008
ln_F(205,6)     -10.1467 -1.03541e-005
ln_F(205,7)     -5.00169 1.26182e-006
ln_F(206,1)     -6.04025 1.14771e-006
ln_F(206,2)     -8.88173 -5.0927e-008
ln_F(206,3)     -6.15833 2.66498e-007
ln_F(206,4)      -5.9225 6.79714e-007
ln_F(206,5)     -8.88173 -5.0927e-008
ln_F(206,6)     -10.5804 2.78028e-006
ln_F(206,7)     -5.31294 1.41461e-007
ln_F(207,1)     -6.61134 1.02869e-006
ln_F(207,2)     -8.88173 -5.0927e-008
ln_F(207,3)      -5.9565 4.64235e-007
ln_F(207,4)     -6.37553 -1.19233e-006
ln_F(207,5)     -8.88173 -5.0927e-008
ln_F(207,6)     -11.1486 -6.95108e-006
ln_F(207,7)     -5.18829 1.05909e-007
ln_F(208,1)     -6.52782 1.66998e-006
ln_F(208,2)     -8.88173 -5.0927e-008
ln_F(208,3)     -5.01261  8.5091e-007
ln_F(208,4)     -6.66031 -1.40223e-006
ln_F(208,5)     -8.88173 -5.0927e-008
ln_F(208,6)     -8.88173 -5.0927e-008
ln_F(208,7)      -5.1908 5.33454e-007
ln_F(209,1)     -5.79021 1.03637e-006
ln_F(209,2)     -8.88173 -5.0927e-008
ln_F(209,3)     -4.89788 1.65036e-007
ln_F(209,4)     -6.07244 -2.10375e-006
ln_F(209,5)     -8.88173 -5.0927e-008
ln_F(209,6)          -15 -1.9667e-005
ln_F(209,7)     -5.03382  -9.058e-008
ln_F(210,1)     -6.05171 7.05508e-007
ln_F(210,2)     -8.88173 -5.0927e-008
ln_F(210,3)     -4.49523 4.81897e-007
ln_F(210,4)     -6.05397 -6.09521e-007
ln_F(210,5)     -8.88173 -5.0927e-008
ln_F(210,6)     -9.62336  4.3204e-007
ln_F(210,7)      -5.1933 3.07766e-007
ln_F(211,1)     -6.47242 4.44252e-007
ln_F(211,2)     -8.88173 -5.0927e-008
ln_F(211,3)     -5.11541 -3.11107e-007
ln_F(211,4)     -5.89258 3.55187e-007
ln_F(211,5)     -8.88173 -5.0927e-008
ln_F(211,6)     -8.88173 -5.0927e-008
ln_F(211,7)     -4.74349 9.49766e-007
ln_F(212,1)     -6.26924 9.82833e-007
ln_F(212,2)     -8.88173 -5.0927e-008
ln_F(212,3)     -5.17348 -6.89922e-007
ln_F(212,4)     -6.14626 3.56018e-007
ln_F(212,5)     -8.88173 -5.0927e-008
ln_F(212,6)     -12.6349 1.12459e-006
ln_F(212,7)     -4.70588 -1.71817e-007
ln_F(213,1)     -5.69763 1.29039e-006
ln_F(213,2)     -8.88173 -5.0927e-008
ln_F(213,3)     -5.15229 1.23895e-008
ln_F(213,4)     -5.77216 -1.74503e-006
ln_F(213,5)     -8.88173 -5.0927e-008
ln_F(213,6)     -8.81212 -1.22018e-006
ln_F(213,7)     -4.49252 2.65703e-007
ln_F(214,1)     -5.12673 9.82009e-007
ln_F(214,2)     -8.88173 -5.0927e-008
ln_F(214,3)      -4.5152 -1.34972e-007
ln_F(214,4)      -5.3728 -1.08167e-006
ln_F(214,5)     -8.88173 -5.0927e-008
ln_F(214,6)     -5.72235 -5.03401e-006
ln_F(214,7)     -4.62702 6.78111e-007
ln_F(215,1)     -5.00286 1.35116e-006
ln_F(215,2)     -8.88173 -5.0927e-008
ln_F(215,3)     -4.17646 -3.22278e-007
ln_F(215,4)     -5.07571 -4.25895e-007
ln_F(215,5)     -8.88173 -5.0927e-008
ln_F(215,6)     -5.85206 -7.62804e-009
ln_F(215,7)     -4.44024 1.02226e-006
ln_F(216,1)     -5.08816 1.63734e-006
ln_F(216,2)     -8.88173 -5.0927e-008
ln_F(216,3)     -4.92639 -5.61789e-007
ln_F(216,4)     -5.75487 2.41835e-007
ln_F(216,5)     -8.88173 -5.0927e-008
ln_F(216,6)     -6.19021 3.37272e-006
ln_F(216,7)     -4.41323  2.0314e-006
ln_F(217,1)     -4.92914 2.11462e-006
ln_F(217,2)     -8.88173 -5.0927e-008
ln_F(217,3)      -4.5673 -6.56912e-007
ln_F(217,4)     -5.35482   1.285e-006
ln_F(217,5)     -8.88173 -5.0927e-008
ln_F(217,6)     -5.77578 -4.61488e-007
ln_F(217,7)     -4.22668 1.15894e-006
ln_F(218,1)      -4.9306 2.48089e-006
ln_F(218,2)     -8.88173 -5.0927e-008
ln_F(218,3)     -4.09398 -1.52356e-007
ln_F(218,4)     -5.27004 1.04337e-006
ln_F(218,5)     -8.88173 -5.0927e-008
ln_F(218,6)     -5.32604 -4.37626e-006
ln_F(218,7)     -4.37338 5.48251e-007
ln_F(219,1)     -6.21007 2.42324e-006
ln_F(219,2)     -8.88173 -5.0927e-008
ln_F(219,3)     -4.56375 5.64857e-007
ln_F(219,4)     -5.40495 -2.12618e-007
ln_F(219,5)     -8.88173 -5.0927e-008
ln_F(219,6)     -5.70953 -2.47338e-006
ln_F(219,7)     -4.21036 1.89543e-007
ln_F(220,1)     -6.24821 1.56162e-006
ln_F(220,2)     -8.88173 -5.0927e-008
ln_F(220,3)     -5.76522 2.44945e-007
ln_F(220,4)     -5.81822 -3.25637e-007
ln_F(220,5)     -8.88173 -5.0927e-008
ln_F(220,6)     -5.18288 -6.85113e-006
ln_F(220,7)     -4.21283 9.44942e-007
ln_F(221,1)     -5.82429 1.00962e-006
ln_F(221,2)     -8.88173 -5.0927e-008
ln_F(221,3)     -4.92609 2.64709e-007
ln_F(221,4)     -5.47845 1.28689e-006
ln_F(221,5)     -8.88173 -5.0927e-008
ln_F(221,6)     -5.36875 9.29265e-007
ln_F(221,7)     -3.99182 8.25605e-007
ln_F(222,1)     -6.25876 8.85871e-007
ln_F(222,2)     -8.88173 -5.0927e-008
ln_F(222,3)     -4.09847 -9.08619e-007
ln_F(222,4)     -5.40213 5.32322e-008
ln_F(222,5)     -8.88173 -5.0927e-008
ln_F(222,6)     -4.94292 2.37676e-006
ln_F(222,7)     -4.26063  6.5914e-007
ln_F(223,1)     -6.30281 1.62364e-006
ln_F(223,2)     -8.88173 -5.0927e-008
ln_F(223,3)     -3.93694 -6.10567e-007
ln_F(223,4)     -5.19717 6.30597e-007
ln_F(223,5)     -8.88173 -5.0927e-008
ln_F(223,6)      -5.8182 -5.09578e-006
ln_F(223,7)     -4.18215 9.10582e-007
ln_F(224,1)     -6.40632 1.02721e-006
ln_F(224,2)     -8.88173 -5.0927e-008
ln_F(224,3)     -6.62616 1.95703e-007
ln_F(224,4)     -5.71936 -8.70464e-007
ln_F(224,5)     -8.88173 -5.0927e-008
ln_F(224,6)     -6.31354 -5.40134e-006
ln_F(224,7)     -4.27175 6.29152e-007
ln_F(225,1)     -5.89916 1.56382e-007
ln_F(225,2)     -8.88173 -5.0927e-008
ln_F(225,3)     -4.91843 -2.92412e-007
ln_F(225,4)      -5.3984 -1.51423e-007
ln_F(225,5)     -8.88173 -5.0927e-008
ln_F(225,6)     -6.41816 -1.53001e-006
ln_F(225,7)      -4.1779 1.61743e-006
ln_F(226,1)     -6.32658 -8.78511e-008
ln_F(226,2)     -8.88173 -5.0927e-008
ln_F(226,3)      -4.1557 -1.40878e-007
ln_F(226,4)     -5.29956 -5.00632e-007
ln_F(226,5)     -8.88173 -5.0927e-008
ln_F(226,6)     -5.07974 3.54981e-007
ln_F(226,7)     -4.44426  1.6461e-006
ln_F(227,1)     -6.31201 1.29044e-006
ln_F(227,2)     -8.88173 -5.0927e-008
ln_F(227,3)     -4.33061 4.35553e-008
ln_F(227,4)     -5.26335 5.05972e-007
ln_F(227,5)     -8.88173 -5.0927e-008
ln_F(227,6)     -5.80534 1.03447e-006
ln_F(227,7)     -4.41047 1.41029e-006
ln_F(228,1)     -6.34888 1.66633e-006
ln_F(228,2)     -8.88173 -5.0927e-008
ln_F(228,3)     -6.51479 -6.26829e-007
ln_F(228,4)     -5.57835 9.61691e-007
ln_F(228,5)     -8.88173 -5.0927e-008
ln_F(228,6)     -6.27677 -4.83567e-007
ln_F(228,7)     -4.48964 1.99943e-008
ln_F(229,1)     -6.24792 1.55676e-006
ln_F(229,2)     -8.88173 -5.0927e-008
ln_F(229,3)      -4.6441  7.6003e-007
ln_F(229,4)     -5.39539  1.0543e-006
ln_F(229,5)     -8.88173 -5.0927e-008
ln_F(229,6)        -7.32 -4.13089e-006
ln_F(229,7)     -4.39853 3.56926e-007
ln_F(230,1)     -5.97401 1.52372e-006
ln_F(230,2)     -8.88173 -5.0927e-008
ln_F(230,3)     -4.02079 -8.54303e-007
ln_F(230,4)     -5.23869 -1.96172e-007
ln_F(230,5)     -8.88173 -5.0927e-008
ln_F(230,6)     -4.79598 -2.57704e-006
ln_F(230,7)     -4.55395 9.27295e-007
ln_F(231,1)     -6.01871 8.75246e-007
ln_F(231,2)     -8.88173 -5.0927e-008
ln_F(231,3)     -4.07447 -6.88846e-007
ln_F(231,4)     -5.10376 9.03444e-007
ln_F(231,5)     -8.88173 -5.0927e-008
ln_F(231,6)     -3.70798 -6.76777e-007
ln_F(231,7)     -4.63182 4.51646e-007
ln_F(232,1)      -6.2105 1.33804e-006
ln_F(232,2)     -8.88173 -5.0927e-008
ln_F(232,3)     -5.22872  -3.639e-007
ln_F(232,4)     -5.54973 9.26898e-007
ln_F(232,5)     -8.88173 -5.0927e-008
ln_F(232,6)     -6.31977 -7.64636e-007
ln_F(232,7)     -4.76528 7.97811e-007
ln_F(233,1)     -6.21845 1.08379e-006
ln_F(233,2)     -8.88173 -5.0927e-008
ln_F(233,3)     -5.79877 -3.21774e-007
ln_F(233,4)     -5.31981 3.43087e-008
ln_F(233,5)     -8.88173 -5.0927e-008
ln_F(233,6)     -6.78739 -3.52378e-006
ln_F(233,7)     -4.55515 -3.53838e-008
ln_F(234,1)     -6.30794 1.50919e-006
ln_F(234,2)     -8.88173 -5.0927e-008
ln_F(234,3)     -4.37522 2.58051e-007
ln_F(234,4)     -5.26467 4.45667e-010
ln_F(234,5)     -8.88173 -5.0927e-008
ln_F(234,6)     -4.59021 -1.13347e-006
ln_F(234,7)     -4.76787 1.44333e-006
ln_F(235,1)     -6.22332 1.13777e-006
ln_F(235,2)     -8.88173 -5.0927e-008
ln_F(235,3)     -4.24981 4.73116e-007
ln_F(235,4)      -5.1345 7.25966e-007
ln_F(235,5)     -8.88173 -5.0927e-008
ln_F(235,6)     -4.74602 6.82661e-007
ln_F(235,7)     -4.62149 3.63447e-007
ln_F(236,1)     -6.27554 1.67503e-006
ln_F(236,2)     -8.88173 -5.0927e-008
ln_F(236,3)     -5.16186 -7.76383e-007
ln_F(236,4)     -5.41455 1.02808e-006
ln_F(236,5)     -8.88173 -5.0927e-008
ln_F(236,6)     -6.15425 -1.62215e-006
ln_F(236,7)     -4.69529 5.01009e-007
ln_F(237,1)     -6.26031 1.06081e-006
ln_F(237,2)     -8.88173 -5.0927e-008
ln_F(237,3)       -5.193 -1.2804e-007
ln_F(237,4)     -5.04479 -3.86135e-008
ln_F(237,5)     -8.88173 -5.0927e-008
ln_F(237,6)     -8.30132 6.04906e-007
ln_F(237,7)     -4.52864 -3.26039e-007
ln_F(238,1)     -6.17127 7.83005e-007
ln_F(238,2)     -8.88173 -5.0927e-008
ln_F(238,3)     -4.14251 2.90689e-007
ln_F(238,4)     -5.01808 -1.01213e-006
ln_F(238,5)     -8.88173 -5.0927e-008
ln_F(238,6)     -6.59105 2.71466e-006
ln_F(238,7)     -4.76276 1.59653e-007
ln_F(239,1)     -6.26693 5.41991e-007
ln_F(239,2)     -8.88173 -5.0927e-008
ln_F(239,3)     -4.39358 -1.78913e-007
ln_F(239,4)     -5.19415 -4.71233e-007
ln_F(239,5)     -8.88173 -5.0927e-008
ln_F(239,6)     -5.61485  1.6012e-007
ln_F(239,7)     -4.78357  3.8046e-007
ln_F(240,1)     -6.32173 7.51835e-007
ln_F(240,2)     -8.88173 -5.0927e-008
ln_F(240,3)     -4.74315 5.70046e-008
ln_F(240,4)     -5.43884 5.87141e-007
ln_F(240,5)     -8.88173 -5.0927e-008
ln_F(240,6)     -7.29661 2.01455e-007
ln_F(240,7)     -4.90623 9.05316e-007
ln_F(241,1)     -5.62237   1.052e-006
ln_F(241,2)     -8.88173 -5.0927e-008
ln_F(241,3)     -5.15466 3.10848e-007
ln_F(241,4)      -5.0109 6.91477e-007
ln_F(241,5)     -8.88173 -5.0927e-008
ln_F(241,6)     -8.88173 -5.0927e-008
ln_F(241,7)     -4.61258 1.72319e-007
ln_F(242,1)     -5.46808 8.47989e-007
ln_F(242,2)     -8.88173 -5.0927e-008
ln_F(242,3)     -5.00829 -5.3372e-007
ln_F(242,4)     -4.93334 -1.55773e-007
ln_F(242,5)     -8.88173 -5.0927e-008
ln_F(242,6)     -6.91389 -1.28097e-006
ln_F(242,7)     -4.86868 -3.7307e-007
ln_F(243,1)     -6.32897 8.47016e-007
ln_F(243,2)     -8.88173 -5.0927e-008
ln_F(243,3)     -4.45866 7.73439e-007
ln_F(243,4)     -5.35485 -8.00007e-007
ln_F(243,5)     -8.88173 -5.0927e-008
ln_F(243,6)     -6.33081 -1.97569e-006
ln_F(243,7)     -5.05922 1.19638e-006
ln_F(244,1)     -6.37368 3.79197e-007
ln_F(244,2)     -8.88173 -5.0927e-008
ln_F(244,3)     -5.41621 1.47959e-007
ln_F(244,4)     -5.68746 2.24479e-008
ln_F(244,5)     -8.88173 -5.0927e-008
ln_F(244,6)     -6.90367 -2.00799e-006
ln_F(244,7)     -5.18728 1.52693e-006
ln_F(245,1)     -6.37215  1.0223e-006
ln_F(245,2)     -8.88173 -5.0927e-008
ln_F(245,3)     -5.40777 6.83669e-007
ln_F(245,4)     -5.40796 3.32274e-007
ln_F(245,5)     -8.88173 -5.0927e-008
ln_F(245,6)     -9.04608 -7.1778e-007
ln_F(245,7)     -5.00968 1.23812e-006
ln_F(246,1)     -6.70228 1.11637e-006
ln_F(246,2)     -8.88173 -5.0927e-008
ln_F(246,3)     -5.35715 -7.70739e-007
ln_F(246,4)     -5.41263 7.83046e-008
ln_F(246,5)     -8.88173 -5.0927e-008
ln_F(246,6)     -7.13472  8.2573e-007
ln_F(246,7)     -5.18233 1.54184e-006
ln_F(247,1)     -6.52149  1.1948e-006
ln_F(247,2)     -8.88173 -5.0927e-008
ln_F(247,3)     -4.76803 -2.95881e-007
ln_F(247,4)     -4.97456 -6.77277e-007
ln_F(247,5)     -8.88173 -5.0927e-008
ln_F(247,6)     -5.71127 -2.44295e-006
ln_F(247,7)     -4.74573 1.02412e-006
ln_F(248,1)     -6.58892  1.1069e-006
ln_F(248,2)     -8.88173 -5.0927e-008
ln_F(248,3)     -5.54979 -1.7295e-007
ln_F(248,4)     -5.66511 -2.32692e-007
ln_F(248,5)     -8.88173 -5.0927e-008
ln_F(248,6)     -9.11065 -5.56774e-006
ln_F(248,7)     -5.00587 1.33866e-006
ln_F(249,1)      -5.6973 9.15505e-007
ln_F(249,2)     -8.88173 -5.0927e-008
ln_F(249,3)     -5.87354 -1.66931e-007
ln_F(249,4)     -5.39976 1.86075e-007
ln_F(249,5)     -8.88173 -5.0927e-008
ln_F(249,6)     -8.97606 -3.77393e-006
ln_F(249,7)     -4.78673 1.34185e-006
ln_F(250,1)     -6.27254 8.78696e-007
ln_F(250,2)     -8.88173 -5.0927e-008
ln_F(250,3)     -4.64016 -1.48207e-007
ln_F(250,4)     -5.38985 1.50574e-007
ln_F(250,5)     -8.88173 -5.0927e-008
ln_F(250,6)      -7.1829 -2.1274e-006
ln_F(250,7)      -4.8533 1.94615e-006
ln_F(251,1)     -6.32573 6.89303e-007
ln_F(251,2)     -8.88173 -5.0927e-008
ln_F(251,3)     -4.71746 -3.90942e-007
ln_F(251,4)     -4.80072 3.22562e-007
ln_F(251,5)     -8.88173 -5.0927e-008
ln_F(251,6)     -5.97759 -1.93274e-006
ln_F(251,7)     -4.54749 6.27658e-007
ln_F(252,1)     -6.31085 1.21175e-006
ln_F(252,2)     -8.88173 -5.0927e-008
ln_F(252,3)     -5.85656 -1.91362e-007
ln_F(252,4)     -5.33453 3.20692e-007
ln_F(252,5)     -8.88173 -5.0927e-008
ln_F(252,6)      -7.8468 -1.79819e-006
ln_F(252,7)     -4.76012 1.53646e-006
ln_F(253,1)     -5.45917 1.61649e-006
ln_F(253,2)     -8.88173 -5.0927e-008
ln_F(253,3)     -5.47481 7.20263e-007
ln_F(253,4)      -4.9761 6.40287e-007
ln_F(253,5)     -8.88173 -5.0927e-008
ln_F(253,6)     -8.50744 -4.56385e-006
ln_F(253,7)     -4.54416 1.13695e-006
ln_F(254,1)     -5.48351 1.18068e-006
ln_F(254,2)     -8.88173 -5.0927e-008
ln_F(254,3)     -5.25826 -2.95839e-007
ln_F(254,4)     -4.87054 -1.1316e-007
ln_F(254,5)     -8.88173 -5.0927e-008
ln_F(254,6)     -7.18655 -5.2255e-006
ln_F(254,7)     -4.54003 9.07023e-007
ln_F(255,1)     -5.89677 1.07663e-006
ln_F(255,2)     -8.88173 -5.0927e-008
ln_F(255,3)     -4.65946 1.85583e-007
ln_F(255,4)     -4.52676 5.89025e-008
ln_F(255,5)     -8.88173 -5.0927e-008
ln_F(255,6)     -6.65052 -1.7771e-006
ln_F(255,7)     -4.54789 8.71862e-007
ln_F(256,1)     -5.75856  1.7001e-006
ln_F(256,2)     -8.88173 -5.0927e-008
ln_F(256,3)     -5.41952 1.86851e-007
ln_F(256,4)     -4.99747 8.53621e-007
ln_F(256,5)     -8.88173 -5.0927e-008
ln_F(256,6)     -7.71037 -8.54133e-007
ln_F(256,7)     -4.81586 1.25443e-006
ln_F(257,1)     -6.04764 2.06127e-006
ln_F(257,2)     -8.88173 -5.0927e-008
ln_F(257,3)      -4.6803 -2.56113e-007
ln_F(257,4)     -4.99871 9.19197e-007
ln_F(257,5)     -8.88173 -5.0927e-008
ln_F(257,6)     -9.01137 5.31737e-007
ln_F(257,7)     -4.18744 1.65844e-006
ln_F(258,1)     -5.55702 2.71502e-006
ln_F(258,2)     -8.88173 -5.0927e-008
ln_F(258,3)      -4.6873 -2.18946e-007
ln_F(258,4)     -4.67377 4.01167e-007
ln_F(258,5)     -8.88173 -5.0927e-008
ln_F(258,6)     -6.25753 -9.91301e-007
ln_F(258,7)     -3.91762 3.12081e-007
ln_F(259,1)     -5.76557 1.47154e-006
ln_F(259,2)     -8.88173 -5.0927e-008
ln_F(259,3)     -3.87224 9.26709e-007
ln_F(259,4)     -4.70784 -1.0317e-006
ln_F(259,5)     -8.88173 -5.0927e-008
ln_F(259,6)     -5.90453 -3.91134e-006
ln_F(259,7)     -4.07443 9.08327e-007
ln_F(260,1)     -5.19739 5.78363e-007
ln_F(260,2)     -8.88173 -5.0927e-008
ln_F(260,3)      -1.3995 2.32751e-006
ln_F(260,4)     -3.77467 -4.05693e-007
ln_F(260,5)     -8.88173 -5.0927e-008
ln_F(260,6)     -6.45509 -4.19253e-006
ln_F(260,7)      -3.7129 3.13654e-007
ln_F(261,1)     -5.74635 1.19152e-006
ln_F(261,2)     -8.88173 -5.0927e-008
ln_F(261,3)     -4.55208 6.06791e-009
ln_F(261,4)     -4.67359 1.63963e-007
ln_F(261,5)     -8.88173 -5.0927e-008
ln_F(261,6)     -8.76755 -2.0099e-006
ln_F(261,7)     -3.85305 5.91921e-007
ln_F(262,1)     -5.39408 1.11383e-006
ln_F(262,2)     -8.88173 -5.0927e-008
ln_F(262,3)     -4.84583 2.57851e-007
ln_F(262,4)     -4.41951 1.23365e-006
ln_F(262,5)     -8.88173 -5.0927e-008
ln_F(262,6)     -6.33689 -1.5816e-006
ln_F(262,7)     -3.80606 6.42191e-007
ln_F(263,1)     -5.21218 1.57371e-006
ln_F(263,2)     -8.88173 -5.0927e-008
ln_F(263,3)     -4.39986 1.11318e-006
ln_F(263,4)     -3.91665 -3.03625e-007
ln_F(263,5)     -8.88173 -5.0927e-008
ln_F(263,6)     -7.02096 -7.53155e-010
ln_F(263,7)     -3.88441 1.18135e-006
ln_F(264,1)     -4.92437 -5.76001e-008
ln_F(264,2)     -8.88173 -5.0927e-008
ln_F(264,3)     -5.13857 4.67004e-006
ln_F(264,4)     -2.01597 5.29505e-007
ln_F(264,5)     -8.88173 -5.0927e-008
ln_F(264,6)     -9.67468 4.38445e-007
ln_F(264,7)     -4.44052 3.66513e-006
ln_F(265,1)     -5.09142 1.52734e-006
ln_F(265,2)     -8.88173 -5.0927e-008
ln_F(265,3)     -4.87821 -2.48099e-007
ln_F(265,4)      -4.3266  8.1885e-007
ln_F(265,5)     -8.88173 -5.0927e-008
ln_F(265,6)     -7.87443 -6.88595e-006
ln_F(265,7)     -4.93605 6.38247e-007
ln_F(266,1)     -5.09928 1.37603e-006
ln_F(266,2)     -8.88173 -5.0927e-008
ln_F(266,3)     -4.43453 4.57372e-007
ln_F(266,4)     -4.38111 2.15758e-006
ln_F(266,5)     -8.88173 -5.0927e-008
ln_F(266,6)     -6.48543 -2.95058e-006
ln_F(266,7)     -5.08964 -4.02819e-007
ln_F(267,1)     -6.09311 1.07179e-006
ln_F(267,2)     -8.88173 -5.0927e-008
ln_F(267,3)     -4.59393 -3.73138e-007
ln_F(267,4)     -4.85997 1.32249e-006
ln_F(267,5)     -8.88173 -5.0927e-008
ln_F(267,6)     -6.26201 -1.5545e-006
ln_F(267,7)     -4.34568 1.46583e-006
ln_F(268,1)     -6.25313 1.08397e-006
ln_F(268,2)     -8.88173 -5.0927e-008
ln_F(268,3)     -6.07903 -5.95161e-007
ln_F(268,4)     -4.77462 1.80089e-006
ln_F(268,5)     -8.88173 -5.0927e-008
ln_F(268,6)     -7.12261 1.40044e-007
ln_F(268,7)     -4.54553 5.94764e-008
ln_F(269,1)     -6.37961 9.04031e-007
ln_F(269,2)     -8.88173 -5.0927e-008
ln_F(269,3)     -5.67845 -4.99801e-007
ln_F(269,4)     -4.99858 1.11781e-006
ln_F(269,5)     -8.88173 -5.0927e-008
ln_F(269,6)     -8.73814 -3.79666e-006
ln_F(269,7)     -4.54492 -2.95336e-007
ln_F(270,1)     -6.49999 5.68305e-007
ln_F(270,2)     -8.88173 -5.0927e-008
ln_F(270,3)     -4.93179 -1.08441e-006
ln_F(270,4)      -5.1756 -1.12347e-007
ln_F(270,5)     -8.88173 -5.0927e-008
ln_F(270,6)     -6.14006 -3.67784e-006
ln_F(270,7)     -4.86577 7.87461e-007
ln_F(271,1)     -6.53901 4.26633e-007
ln_F(271,2)     -8.88173 -5.0927e-008
ln_F(271,3)     -4.94835 -3.37823e-006
ln_F(271,4)     -5.33694 6.05256e-007
ln_F(271,5)     -8.88173 -5.0927e-008
ln_F(271,6)     -6.28795 -1.80401e-006
ln_F(271,7)     -5.16207 -1.73308e-007
ln_F(272,1)     -6.79721 1.74806e-006
ln_F(272,2)     -8.88173 -5.0927e-008
ln_F(272,3)     -6.50981 -1.91017e-006
ln_F(272,4)     -5.56765 1.56387e-006
ln_F(272,5)     -8.88173 -5.0927e-008
ln_F(272,6)     -8.59749 -1.4715e-006
ln_F(272,7)     -6.39464 2.63297e-007
ln_F(273,1)     -6.79717 1.37001e-006
ln_F(273,2)     -8.88173 -5.0927e-008
ln_F(273,3)     -6.89281 -2.03541e-006
ln_F(273,4)     -5.47019 1.79286e-006
ln_F(273,5)     -8.88173 -5.0927e-008
ln_F(273,6)     -7.84312 -2.13823e-006
ln_F(273,7)     -6.37398 -2.92196e-007
ln_F(274,1)     -6.76127  1.7842e-006
ln_F(274,2)     -8.88173 -5.0927e-008
ln_F(274,3)      -5.1786 -5.61767e-008
ln_F(274,4)     -5.56904 9.28306e-008
ln_F(274,5)     -8.88173 -5.0927e-008
ln_F(274,6)     -6.16902 -1.7534e-006
ln_F(274,7)     -6.36053 4.69884e-007
ln_F(275,1)     -7.16202   9.168e-007
ln_F(275,2)     -8.88173 -5.0927e-008
ln_F(275,3)     -5.42753 -1.0556e-006
ln_F(275,4)     -5.52341 7.81607e-007
ln_F(275,5)     -8.88173 -5.0927e-008
ln_F(275,6)     -6.51123 4.38429e-007
ln_F(275,7)     -6.42334  6.4021e-007
ln_F(276,1)     -6.15438 1.40315e-006
ln_F(276,2)     -8.88173 -5.0927e-008
ln_F(276,3)     -6.83921 9.51877e-007
ln_F(276,4)     -5.23058 -6.30863e-007
ln_F(276,5)     -8.88173 -5.0927e-008
ln_F(276,6)     -6.16743 1.16145e-006
ln_F(276,7)     -6.38595  1.4498e-007
ln_F(277,1)     -6.10796 1.62816e-006
ln_F(277,2)     -8.88173 -5.0927e-008
ln_F(277,3)     -6.57525 1.00692e-006
ln_F(277,4)     -5.17014 3.24361e-008
ln_F(277,5)     -8.88173 -5.0927e-008
ln_F(277,6)     -7.05638 -2.93978e-006
ln_F(277,7)     -6.44026 8.01801e-008
ln_F(278,1)     -6.27511 1.48738e-006
ln_F(278,2)     -8.88173 -5.0927e-008
ln_F(278,3)     -5.33546  2.0951e-008
ln_F(278,4)     -5.17834 6.95188e-007
ln_F(278,5)     -8.88173 -5.0927e-008
ln_F(278,6)     -6.30264 2.54991e-007
ln_F(278,7)     -6.31929 -4.18014e-007
ln_F(279,1)      -5.9774 1.57879e-006
ln_F(279,2)     -8.88173 -5.0927e-008
ln_F(279,3)     -5.16695   1.035e-007
ln_F(279,4)     -5.06988   1.759e-008
ln_F(279,5)     -8.88173 -5.0927e-008
ln_F(279,6)     -5.82502 4.28875e-007
ln_F(279,7)     -5.92243 2.07865e-006
ln_F(280,1)     -5.92731 1.17918e-006
ln_F(280,2)     -8.88173 -5.0927e-008
ln_F(280,3)     -6.66328 -2.50077e-007
ln_F(280,4)     -5.05233 -6.94194e-007
ln_F(280,5)     -8.88173 -5.0927e-008
ln_F(280,6)     -6.60851 1.30687e-006
ln_F(280,7)     -5.95258 1.52074e-006
ln_F(281,1)     -6.10351 5.63548e-007
ln_F(281,2)     -8.88173 -5.0927e-008
ln_F(281,3)     -6.70984 -9.19409e-007
ln_F(281,4)     -4.93898 1.30981e-007
ln_F(281,5)     -8.88173 -5.0927e-008
ln_F(281,6)     -8.88173 -5.0927e-008
ln_F(281,7)     -5.57592 1.06441e-006
ln_F(282,1)     -6.03603 1.52418e-006
ln_F(282,2)     -8.88173 -5.0927e-008
ln_F(282,3)      -5.1351 3.44108e-007
ln_F(282,4)     -4.94809 1.65684e-006
ln_F(282,5)     -8.88173 -5.0927e-008
ln_F(282,6)     -5.97877 -5.63765e-007
ln_F(282,7)     -5.64401 1.23528e-006
ln_F(283,1)     -6.19316 1.67722e-006
ln_F(283,2)     -8.88173 -5.0927e-008
ln_F(283,3)     -4.63644 -1.85604e-007
ln_F(283,4)     -5.18159 -7.2754e-008
ln_F(283,5)     -8.88173 -5.0927e-008
ln_F(283,6)      -5.4893 -1.2338e-008
ln_F(283,7)     -5.89946 7.31413e-007
ln_F(284,1)     -6.04145 1.59707e-006
ln_F(284,2)     -8.88173 -5.0927e-008
ln_F(284,3)     -6.49948 -4.56945e-008
ln_F(284,4)     -5.10692 5.41699e-007
ln_F(284,5)     -8.88173 -5.0927e-008
ln_F(284,6)     -8.38153 1.64878e-007
ln_F(284,7)     -5.80044 1.49363e-006
ln_F(285,1)     -6.04915 1.39333e-006
ln_F(285,2)     -8.88173 -5.0927e-008
ln_F(285,3)       -6.883  8.5069e-008
ln_F(285,4)     -5.05994 2.03395e-007
ln_F(285,5)     -8.88173 -5.0927e-008
ln_F(285,6)     -7.05792 2.37482e-008
ln_F(285,7)     -5.80193 8.23145e-007
ln_F(286,1)     -5.65541 1.34975e-006
ln_F(286,2)     -8.88173 -5.0927e-008
ln_F(286,3)      -6.0153 -1.2931e-007
ln_F(286,4)      -5.0967 -1.80205e-007
ln_F(286,5)     -8.88173 -5.0927e-008
ln_F(286,6)     -7.08815 -2.27529e-006
ln_F(286,7)     -6.03973 8.95656e-007
ln_F(287,1)      -5.3953 1.99217e-006
ln_F(287,2)     -8.88173 -5.0927e-008
ln_F(287,3)     -4.36773 2.77973e-007
ln_F(287,4)     -4.72891 1.60679e-006
ln_F(287,5)     -8.88173 -5.0927e-008
ln_F(287,6)     -8.77688 -2.55874e-006
ln_F(287,7)     -5.34341 1.57037e-006
ln_F(288,1)     -5.80488 1.60737e-006
ln_F(288,2)     -8.88173 -5.0927e-008
ln_F(288,3)     -5.61321 5.12018e-007
ln_F(288,4)     -4.73501 1.33049e-006
ln_F(288,5)     -8.88173 -5.0927e-008
ln_F(288,6)     -9.90432 -1.78379e-006
ln_F(288,7)     -4.90386 1.01104e-006
ln_F(289,1)     -5.70976 1.74916e-006
ln_F(289,2)     -8.88173 -5.0927e-008
ln_F(289,3)     -6.24082 -2.27471e-008
ln_F(289,4)     -4.70543 5.22468e-008
ln_F(289,5)     -8.88173 -5.0927e-008
ln_F(289,6)     -7.70762 -1.52201e-006
ln_F(289,7)      -4.9694 7.47848e-007
ln_F(290,1)     -5.62968 1.19038e-006
ln_F(290,2)     -8.88173 -5.0927e-008
ln_F(290,3)     -6.93967 -5.37713e-008
ln_F(290,4)     -4.68424 -8.03421e-007
ln_F(290,5)     -8.88173 -5.0927e-008
ln_F(290,6)     -7.01413 -9.0763e-007
ln_F(290,7)     -5.02389 5.13301e-007
ln_F(291,1)     -5.80277 9.94014e-007
ln_F(291,2)     -8.88173 -5.0927e-008
ln_F(291,3)     -5.53025 -5.96601e-007
ln_F(291,4)     -5.02336  5.2066e-007
ln_F(291,5)     -8.88173 -5.0927e-008
ln_F(291,6)     -7.77683 -5.95285e-007
ln_F(291,7)     -5.19218 1.09818e-006
ln_F(292,1)     -5.88054 1.12871e-006
ln_F(292,2)     -8.88173 -5.0927e-008
ln_F(292,3)     -5.55855 1.21782e-007
ln_F(292,4)     -5.08721 -7.40554e-007
ln_F(292,5)     -8.88173 -5.0927e-008
ln_F(292,6)     -8.60296 7.96065e-007
ln_F(292,7)     -5.21408  1.0486e-006
ln_F(293,1)     -5.69713 7.19388e-007
ln_F(293,2)     -8.88173 -5.0927e-008
ln_F(293,3)     -4.93686 6.16241e-007
ln_F(293,4)     -5.04101 6.92813e-007
ln_F(293,5)     -8.88173 -5.0927e-008
ln_F(293,6)     -10.2835 -1.80365e-006
ln_F(293,7)      -5.2223 1.14114e-006
ln_F(294,1)     -5.47774 4.64378e-007
ln_F(294,2)     -8.88173 -5.0927e-008
ln_F(294,3)     -4.45253 6.80145e-007
ln_F(294,4)     -4.66486 2.62719e-007
ln_F(294,5)     -8.88173 -5.0927e-008
ln_F(294,6)     -5.94017 -2.12376e-006
ln_F(294,7)     -3.70503 1.34256e-006
ln_F(295,1)     -5.72099 7.11583e-007
ln_F(295,2)     -8.88173 -5.0927e-008
ln_F(295,3)     -4.77863 4.18933e-007
ln_F(295,4)     -4.92785 -3.82401e-007
ln_F(295,5)     -8.88173 -5.0927e-008
ln_F(295,6)     -6.60311 -1.67245e-006
ln_F(295,7)     -3.96253 2.31672e-007
ln_F(296,1)     -5.45188 7.00479e-007
ln_F(296,2)     -8.88173 -5.0927e-008
ln_F(296,3)     -6.09644 4.74993e-007
ln_F(296,4)     -4.78964 -2.70471e-008
ln_F(296,5)     -8.88173 -5.0927e-008
ln_F(296,6)     -8.88173 -5.0927e-008
ln_F(296,7)     -4.10266 1.28491e-006
ln_F(297,1)     -5.82351 4.88763e-007
ln_F(297,2)     -8.88173 -5.0927e-008
ln_F(297,3)     -4.84519 1.56963e-007
ln_F(297,4)     -4.97013 1.18086e-007
ln_F(297,5)     -8.88173 -5.0927e-008
ln_F(297,6)     -8.88173 -5.0927e-008
ln_F(297,7)     -4.13303 7.22428e-007
ln_F(298,1)     -5.63236 7.04411e-008
ln_F(298,2)     -8.88173 -5.0927e-008
ln_F(298,3)     -4.75117 -1.83737e-007
ln_F(298,4)     -4.70245 -2.22986e-007
ln_F(298,5)     -8.88173 -5.0927e-008
ln_F(298,6)     -7.53183 -1.40232e-006
ln_F(298,7)     -4.05524 9.33445e-007
ln_F(299,1)     -6.06747 5.45145e-007
ln_F(299,2)     -8.88173 -5.0927e-008
ln_F(299,3)      -4.3452 1.04447e-006
ln_F(299,4)     -5.05113 -7.33026e-007
ln_F(299,5)     -8.88173 -5.0927e-008
ln_F(299,6)     -9.69647 -3.31732e-006
ln_F(299,7)     -5.04879 1.50176e-006
ln_F(300,1)     -5.97016 4.85326e-007
ln_F(300,2)     -8.88173 -5.0927e-008
ln_F(300,3)     -5.33979 1.19237e-007
ln_F(300,4)     -5.01238 -3.70376e-007
ln_F(300,5)     -8.88173 -5.0927e-008
ln_F(300,6)     -8.88173 -5.0927e-008
ln_F(300,7)     -5.06034 6.06095e-007
ln_F(301,1)     -5.82499 1.23047e-006
ln_F(301,2)     -8.88173 -5.0927e-008
ln_F(301,3)      -4.9548 -9.82966e-008
ln_F(301,4)     -5.09582 1.23643e-006
ln_F(301,5)     -8.88173 -5.0927e-008
ln_F(301,6)     -8.88173 -5.0927e-008
ln_F(301,7)     -5.00738 1.52372e-006
ln_F(302,1)     -5.88764  1.7956e-006
ln_F(302,2)     -8.88173 -5.0927e-008
ln_F(302,3)     -5.87365 -2.6293e-006
ln_F(302,4)      -4.8867 -4.3794e-007
ln_F(302,5)     -8.88173 -5.0927e-008
ln_F(302,6)     -8.44996 -4.44937e-006
ln_F(302,7)     -4.95204 1.05595e-006
