ParName   Value   Gradient
ln_R_ave(1)       11.875  0.000123292
ln_rec_devs(1,1)     0.229646 -2.16256e-006
ln_rec_devs(1,2)    -0.134259 -6.07188e-007
ln_rec_devs(1,3)    -0.610187 1.44244e-006
ln_rec_devs(1,4)   -0.0504248 3.83737e-006
ln_rec_devs(1,5)     0.682811 1.09989e-006
ln_rec_devs(1,6)   -0.0374846  1.1239e-006
ln_rec_devs(1,7)     0.379636 9.54049e-007
ln_rec_devs(1,8)     0.686871 1.98684e-006
ln_rec_devs(1,9)     0.751449 2.66996e-006
ln_rec_devs(1,10)     0.544373 -6.94766e-007
ln_rec_devs(1,11)     0.666097 -1.80656e-005
ln_rec_devs(1,12)    -0.121553 -2.46442e-006
ln_rec_devs(1,13)     0.315398 -6.05573e-006
ln_rec_devs(1,14)     0.162117 -7.01488e-007
ln_rec_devs(1,15)     0.119683 -3.72805e-006
ln_rec_devs(1,16)    -0.212518 -1.0284e-006
ln_rec_devs(1,17)     0.179945 -2.92273e-006
ln_rec_devs(1,18)     0.207259 -2.95279e-006
ln_rec_devs(1,19)     0.145011 -2.61662e-006
ln_rec_devs(1,20)     0.236299 -2.05398e-006
ln_rec_devs(1,21)     0.517453 -7.8006e-006
ln_rec_devs(1,22)     0.342244 -1.65884e-006
ln_rec_devs(1,23)     0.550479 -3.0764e-007
ln_rec_devs(1,24)     0.123977 -3.91172e-006
ln_rec_devs(1,25)     0.140317 -5.32808e-006
ln_rec_devs(1,26)     0.136125 -6.2341e-006
ln_rec_devs(1,27)    -0.112587 -2.92518e-006
ln_rec_devs(1,28)     -0.11918 -2.0558e-006
ln_rec_devs(1,29)   -0.0268328 -2.56729e-006
ln_rec_devs(1,30)    0.0863794 -2.31062e-007
ln_rec_devs(1,31)     0.438479 2.84334e-006
ln_rec_devs(1,32)     0.293686 4.23714e-006
ln_rec_devs(1,33)     0.372607 2.55148e-007
ln_rec_devs(1,34)     0.198075 1.31125e-006
ln_rec_devs(1,35)    -0.153433 -1.42682e-006
ln_rec_devs(1,36)   -0.0353087 -3.3187e-006
ln_rec_devs(1,37)    -0.276262 -1.6727e-006
ln_rec_devs(1,38)   -0.0641043 -2.96908e-006
ln_rec_devs(1,39)     0.222338 -3.62116e-006
ln_rec_devs(1,40)     0.220657 -4.82079e-006
ln_rec_devs(1,41)     0.581154 -2.14905e-006
ln_rec_devs(1,42)     0.269595 -8.81924e-006
ln_rec_devs(1,43)     0.457064 -1.55758e-005
ln_rec_devs(1,44)  0.000372389 -6.27757e-006
ln_rec_devs(1,45)     0.151913 -4.7199e-006
ln_rec_devs(1,46)     0.104787 -4.98415e-006
ln_rec_devs(1,47)      0.28503 -4.21298e-006
ln_rec_devs(1,48)    -0.282672 -2.13512e-006
ln_rec_devs(1,49)   -0.0832606 -5.61557e-007
ln_rec_devs(1,50)     0.576809 2.27845e-006
ln_rec_devs(1,51)     0.509503 1.27592e-006
ln_rec_devs(1,52)     0.142528 -1.11318e-006
ln_rec_devs(1,53)     0.166045 -7.27145e-007
ln_rec_devs(1,54)    0.0450678 3.87119e-006
ln_rec_devs(1,55)     0.146167 -2.97601e-006
ln_rec_devs(1,56)     0.245597 -2.90293e-006
ln_rec_devs(1,57)  -0.00812591 -6.11538e-006
ln_rec_devs(1,58)    -0.332569 -2.36786e-007
ln_rec_devs(1,59)    -0.458375 1.33928e-006
ln_rec_devs(1,60)    -0.297168 4.84014e-007
ln_rec_devs(1,61)    -0.280602 3.18799e-006
ln_rec_devs(1,62)     0.181833  2.0404e-006
ln_rec_devs(1,63)     0.130169 3.89124e-006
ln_rec_devs(1,64)  -0.00303735 5.38853e-006
ln_rec_devs(1,65)    0.0618675 3.10612e-006
ln_rec_devs(1,66)    0.0324543 5.27165e-006
ln_rec_devs(1,67)  -0.00695694 3.63435e-006
ln_rec_devs(1,68)     0.640135 6.77387e-006
ln_rec_devs(1,69)     0.405828  3.3041e-006
ln_rec_devs(1,70)     0.556775 1.01286e-005
ln_rec_devs(1,71)     0.361684 5.98371e-006
ln_rec_devs(1,72)     0.825499 6.52206e-006
ln_rec_devs(1,73)     0.469867 8.26534e-006
ln_rec_devs(1,74)     0.230035 5.99744e-006
ln_rec_devs(1,75)    0.0781574 2.39477e-006
ln_rec_devs(1,76)    0.0828797 7.94274e-006
ln_rec_devs(1,77)    -0.232917 1.55394e-006
ln_rec_devs(1,78)     0.308637 6.30779e-006
ln_rec_devs(1,79)     0.176307 4.99129e-006
ln_rec_devs(1,80)     0.441891 6.86618e-006
ln_rec_devs(1,81)     0.579282 1.08494e-005
ln_rec_devs(1,82)       0.1602 5.98222e-006
ln_rec_devs(1,83)   -0.0754009  3.4873e-006
ln_rec_devs(1,84)    0.0451973 7.65924e-006
ln_rec_devs(1,85)     0.213845 7.24494e-006
ln_rec_devs(1,86)     0.381738 6.87936e-006
ln_rec_devs(1,87)    0.0239075 3.53219e-006
ln_rec_devs(1,88)     0.222478 4.25836e-006
ln_rec_devs(1,89)   -0.0835453 6.15203e-007
ln_rec_devs(1,90)     0.346599 8.73011e-007
ln_rec_devs(1,91)     0.423708 -1.02955e-006
ln_rec_devs(1,92)     0.263852 1.94649e-007
ln_rec_devs(1,93)     0.446985 4.99598e-006
ln_rec_devs(1,94)     0.187867 -3.14179e-007
ln_rec_devs(1,95)     0.428236 4.40286e-006
ln_rec_devs(1,96)     0.136464 1.62495e-006
ln_rec_devs(1,97)     0.385104 3.58462e-006
ln_rec_devs(1,98)   -0.0597364 6.05741e-008
ln_rec_devs(1,99)   -0.0444875 -5.54997e-007
ln_rec_devs(1,100)    -0.247107  1.8356e-006
ln_rec_devs(1,101)    -0.129766 1.81199e-006
ln_rec_devs(1,102)     0.280367 5.63727e-006
ln_rec_devs(1,103)    0.0315715 -1.5589e-007
ln_rec_devs(1,104)      -0.1593 -1.41008e-006
ln_rec_devs(1,105)     0.124205 -1.42296e-006
ln_rec_devs(1,106)    -0.312086 1.29912e-006
ln_rec_devs(1,107)    -0.340402 -1.24368e-006
ln_rec_devs(1,108)     0.151137 8.65585e-007
ln_rec_devs(1,109)     0.373234 -1.92215e-006
ln_rec_devs(1,110)     0.331986 4.28094e-006
ln_rec_devs(1,111)     0.584508 5.08116e-006
ln_rec_devs(1,112)      0.35586 1.53024e-006
ln_rec_devs(1,113)     0.626249 6.42747e-006
ln_rec_devs(1,114)     0.487256 8.53534e-006
ln_rec_devs(1,115)     0.126426 7.29825e-007
ln_rec_devs(1,116)    0.0548293 3.43879e-006
ln_rec_devs(1,117)   -0.0229511 2.42559e-008
ln_rec_devs(1,118)    0.0735622 9.18536e-007
ln_rec_devs(1,119)     0.206491 4.99611e-006
ln_rec_devs(1,120)    -0.122388 -1.28593e-006
ln_rec_devs(1,121)    -0.135216 2.63655e-006
ln_rec_devs(1,122)    -0.220771 2.50812e-006
ln_rec_devs(1,123)     -0.39915 2.30375e-006
ln_rec_devs(1,124)    -0.464712 1.63058e-006
ln_rec_devs(1,125)    0.0406646 8.35542e-006
ln_rec_devs(1,126)    0.0271193 2.00132e-006
ln_rec_devs(1,127)     0.115969 8.00619e-006
ln_rec_devs(1,128)    -0.417138  1.5995e-006
ln_rec_devs(1,129)     0.126559 8.44587e-006
ln_rec_devs(1,130)   -0.0481752 -9.74599e-007
ln_rec_devs(1,131)   -0.0714631 -2.15075e-008
ln_rec_devs(1,132)     0.211624 -1.16589e-005
ln_rec_devs(1,133)     0.120733 -8.61435e-006
ln_rec_devs(1,134)     0.182649 -8.11467e-007
ln_rec_devs(1,135)     0.670861 -2.13828e-007
ln_rec_devs(1,136)     0.210554 -2.26259e-006
ln_rec_devs(1,137)     0.222789 -3.79181e-007
ln_rec_devs(1,138)   -0.0663787 -5.88838e-008
ln_rec_devs(1,139)     0.273342 4.22802e-008
ln_rec_devs(1,140)     0.459221 -3.52717e-006
ln_rec_devs(1,141)     0.502186 -6.93668e-006
ln_rec_devs(1,142)      0.61157 -6.85703e-006
ln_rec_devs(1,143)     0.506579 -1.74867e-006
ln_rec_devs(1,144)     0.545561 -2.49176e-006
ln_rec_devs(1,145)     0.128106 7.71332e-007
ln_rec_devs(1,146)    0.0436871 -1.04955e-007
ln_rec_devs(1,147)     0.331463 1.98394e-007
ln_rec_devs(1,148)    -0.205921 -4.42911e-007
ln_rec_devs(1,149)    -0.129957 -3.33896e-007
ln_rec_devs(1,150)   -0.0478596 1.59261e-007
ln_T_YR_AGE_ALT_FREQ(1,1)     -1.80035 -5.13563e-006
ln_T_YR_AGE_ALT_FREQ(2,1)     -0.98201 3.40672e-006
ln_T_YR_AGE_ALT_FREQ(3,1)     -2.07934 -6.51892e-006
ln_T_YR_AGE_ALT_FREQ(4,1)    -0.290312 3.40265e-006
ln_T_YR_AGE_ALT_FREQ(5,1)     -1.22905 -2.13776e-006
ln_T_YR_AGE_ALT_FREQ(6,1)     -1.68498 2.59051e-006
ln_T_YR_AGE_ALT_FREQ(7,1)      -2.0627 -4.73635e-006
ln_T_YR_AGE_ALT_FREQ(8,1)     -0.61811 1.02849e-005
ln_T_YR_AGE_ALT_FREQ(9,1)     -1.08772 -9.10432e-007
ln_T_YR_AGE_ALT_FREQ(10,1)     -1.77537 -2.45048e-006
ln_T_YR_AGE_ALT_FREQ(11,1)     -2.29101 2.88786e-007
ln_T_YR_AGE_ALT_FREQ(12,1)    -0.699091 -5.71399e-006
ln_T_YR_AGE_ALT_FREQ(13,1)     -1.05024 1.46244e-006
ln_T_YR_AGE_ALT_FREQ(14,1)      -1.7257 -1.98101e-006
ln_T_YR_AGE_ALT_FREQ(15,1)     -2.61393 8.57297e-007
ln_T_YR_AGE_ALT_FREQ(16,1)     -1.18364 3.82784e-007
ln_T_YR_AGE_ALT_FREQ(17,1)     -1.35473 -2.0933e-007
ln_T_YR_AGE_ALT_FREQ(18,1)     -1.64345 -1.80928e-006
ln_T_YR_AGE_ALT_FREQ(19,1)     -2.53036 3.39324e-006
ln_T_YR_AGE_ALT_FREQ(20,1)     -1.00956 -1.55596e-006
ln_T_YR_AGE_ALT_FREQ(21,1)     -1.42768 9.14338e-007
ln_T_YR_AGE_ALT_FREQ(22,1)     -1.52445 4.45348e-007
ln_T_YR_AGE_ALT_FREQ(23,1)     -2.24088  3.0385e-006
ln_T_YR_AGE_ALT_FREQ(24,1)     -1.31401 -7.00851e-006
ln_T_YR_AGE_ALT_FREQ(25,1)     -1.18654 1.47945e-006
ln_T_YR_AGE_ALT_FREQ(26,1)     -1.75659 -2.73423e-006
ln_T_YR_AGE_ALT_FREQ(27,1)     -2.13275 3.33523e-006
ln_T_YR_AGE_ALT_FREQ(28,1)    -0.793971 -6.96597e-006
ln_T_YR_AGE_ALT_FREQ(29,1)      -1.8083 -9.70961e-007
ln_T_YR_AGE_ALT_FREQ(30,1)    -0.985203 -2.22435e-006
ln_T_YR_AGE_ALT_FREQ(31,1)     -1.77426 3.79715e-006
ln_T_YR_AGE_ALT_FREQ(32,1)    -0.776684 -7.08038e-006
ln_T_YR_AGE_ALT_FREQ(33,1)     -1.72271 -6.20629e-006
ln_T_YR_AGE_ALT_FREQ(34,1)     -1.31004 -1.67456e-007
ln_T_YR_AGE_ALT_FREQ(35,1)      -1.7998 -8.0142e-006
ln_T_YR_AGE_ALT_FREQ(36,1)     -1.01126 3.58841e-006
ln_T_YR_AGE_ALT_FREQ(37,1)     -1.07496 -1.66565e-006
ln_T_YR_AGE_ALT_FREQ(38,1)     -1.74752 9.24869e-007
ln_T_YR_AGE_ALT_FREQ(39,1)     -2.14972 1.92465e-006
ln_T_YR_AGE_ALT_FREQ(40,1)    -0.791334 -4.27075e-006
ln_T_YR_AGE_ALT_FREQ(41,1)     -1.81534 2.26743e-006
ln_T_YR_AGE_ALT_FREQ(42,1)     -1.14288  3.9456e-006
ln_T_YR_AGE_ALT_FREQ(43,1)     -2.13828 1.98973e-006
ln_T_YR_AGE_ALT_FREQ(44,1)     -1.07565 7.59505e-006
ln_T_YR_AGE_ALT_FREQ(45,1)      -1.6209 -1.03921e-006
ln_T_YR_AGE_ALT_FREQ(46,1)     -1.45592 3.33203e-007
ln_T_YR_AGE_ALT_FREQ(47,1)      -2.0055 1.27203e-006
ln_T_YR_AGE_ALT_FREQ(48,1)    -0.878236 -3.62871e-007
ln_T_YR_AGE_ALT_FREQ(49,1)     -1.80244 -7.17792e-007
ln_T_YR_AGE_ALT_FREQ(50,1)     -1.16699  4.6243e-007
ln_T_YR_AGE_ALT_FREQ(51,1)     -1.97989 1.42703e-006
ln_T_YR_AGE_ALT_FREQ(52,1)    -0.970046 -1.46806e-006
ln_T_YR_AGE_ALT_FREQ(53,1)     -1.53296  -5.344e-007
ln_T_YR_AGE_ALT_FREQ(54,1)     -1.53324 -4.62191e-008
ln_T_YR_AGE_ALT_FREQ(55,1)     -1.92092 -3.02133e-007
ln_T_YR_AGE_ALT_FREQ(56,1)    -0.975975 8.13467e-007
ln_T_YR_AGE_ALT_FREQ(57,1)    -0.439204 5.75132e-006
ln_T_YR_AGE_ALT_FREQ(58,1)      -2.1211 -1.03488e-006
ln_T_YR_AGE_ALT_FREQ(59,1)     -1.96575 2.47264e-006
ln_T_YR_AGE_ALT_FREQ(60,1)    -0.668522 -1.41124e-006
ln_T_YR_AGE_ALT_FREQ(61,1)     -1.35171 3.58233e-006
ln_T_YR_AGE_ALT_FREQ(62,1)     -1.74259 -2.65555e-006
ln_T_YR_AGE_ALT_FREQ(63,1)     -2.26983 1.37992e-008
ln_T_YR_AGE_ALT_FREQ(64,1)     -1.28473 8.60384e-007
ln_T_YR_AGE_ALT_FREQ(65,1)     -1.45992  4.5703e-006
ln_T_YR_AGE_ALT_FREQ(66,1)      -1.5905 -2.9771e-006
ln_T_YR_AGE_ALT_FREQ(67,1)     -2.40156 -9.8949e-009
ln_T_YR_AGE_ALT_FREQ(68,1)     -1.09393 -5.89009e-007
ln_T_YR_AGE_ALT_FREQ(69,1)     -0.64562 7.27713e-006
ln_T_YR_AGE_ALT_FREQ(70,1)     -2.10269 -4.23923e-006
ln_T_YR_AGE_ALT_FREQ(71,1)     -2.19183   1.946e-006
ln_T_YR_AGE_ALT_FREQ(72,1)    -0.490015 -3.88744e-006
ln_T_YR_AGE_ALT_FREQ(73,1)     -1.07766 2.97356e-006
ln_T_YR_AGE_ALT_FREQ(74,1)     -1.94885 -3.86216e-006
ln_T_YR_AGE_ALT_FREQ(75,1)     -2.23471 1.05036e-006
ln_T_YR_AGE_ALT_FREQ(76,1)     -1.36744 -1.9877e-006
ln_T_YR_AGE_ALT_FREQ(77,1)     -1.55394 2.33651e-006
ln_T_YR_AGE_ALT_FREQ(78,1)    -0.755218 -2.88535e-006
ln_T_YR_AGE_ALT_FREQ(79,1)     -2.10844 1.13217e-006
ln_T_YR_AGE_ALT_FREQ(80,1)     -1.42029 -3.01551e-007
ln_T_YR_AGE_ALT_FREQ(81,1)    -0.255161 -4.05146e-006
ln_T_YR_AGE_ALT_FREQ(82,1)     -2.31726 7.91698e-007
ln_T_YR_AGE_ALT_FREQ(83,1)     -1.64046 -3.0107e-006
ln_T_YR_AGE_ALT_FREQ(84,1)    -0.423548 3.89254e-006
ln_T_YR_AGE_ALT_FREQ(85,1)      -1.7534 -1.19376e-006
ln_T_YR_AGE_ALT_FREQ(86,1)      -1.5193   3.815e-006
ln_T_YR_AGE_ALT_FREQ(87,1)     -2.33118 -6.60755e-007
ln_T_YR_AGE_ALT_FREQ(88,1)     -1.59112 6.91496e-006
ln_T_YR_AGE_ALT_FREQ(89,1)     -1.38748 -6.64289e-007
ln_T_YR_AGE_ALT_FREQ(90,1)     -1.59093 1.05045e-006
ln_T_YR_AGE_ALT_FREQ(91,1)     -2.33487 -1.96414e-006
ln_T_YR_AGE_ALT_FREQ(92,1)     -1.21712 2.79956e-006
ln_T_YR_AGE_ALT_FREQ(93,1)     -1.43627 -2.99506e-006
ln_T_YR_AGE_ALT_FREQ(94,1)     -1.30852 1.14821e-006
ln_T_YR_AGE_ALT_FREQ(95,1)     -1.97094 -5.22845e-007
ln_T_YR_AGE_ALT_FREQ(96,1)      -1.0151 2.52782e-006
ln_T_YR_AGE_ALT_FREQ(97,1)    -0.811455 -6.60309e-006
ln_T_YR_AGE_ALT_FREQ(98,1)     -2.06716 2.21728e-007
ln_T_YR_AGE_ALT_FREQ(99,1)     -2.26263 -9.74321e-007
ln_T_YR_AGE_ALT_FREQ(100,1)     -1.17755 -4.41182e-007
ln_T_YR_AGE_ALT_FREQ(101,1)     -1.88404  2.7106e-006
ln_T_YR_AGE_ALT_FREQ(102,1)     -1.95939 -3.22758e-006
ln_T_YR_AGE_ALT_FREQ(103,1)     -1.84546  1.2005e-006
ln_T_YR_AGE_ALT_FREQ(104,1)    -0.835108 -3.96734e-006
ln_T_YR_AGE_ALT_FREQ(105,1)     -2.15863 3.64751e-006
ln_T_YR_AGE_ALT_FREQ(106,1)     -2.14974 -4.16191e-006
ln_T_YR_AGE_ALT_FREQ(107,1)     -2.02734 3.46844e-006
ln_T_YR_AGE_ALT_FREQ(108,1)     -1.35035 -2.1355e-006
ln_T_YR_AGE_ALT_FREQ(109,1)     -1.87114 3.12523e-006
ln_T_YR_AGE_ALT_FREQ(110,1)     -1.65145 -2.38002e-006
ln_T_YR_AGE_ALT_FREQ(111,1)      -2.0481 7.02798e-007
ln_T_YR_AGE_ALT_FREQ(112,1)    -0.967689 -5.5423e-007
ln_T_YR_AGE_ALT_FREQ(113,1)     -1.62382  2.4849e-006
ln_T_YR_AGE_ALT_FREQ(114,1)     -1.66924 -1.55714e-006
ln_T_YR_AGE_ALT_FREQ(115,1)     -2.17971 5.15162e-009
ln_T_YR_AGE_ALT_FREQ(116,1)     -1.09402 1.85341e-006
ln_T_YR_AGE_ALT_FREQ(117,1)     -1.78631 2.51557e-006
ln_T_YR_AGE_ALT_FREQ(118,1)     -1.41823 -5.74784e-007
ln_T_YR_AGE_ALT_FREQ(119,1)     -1.90495 2.46343e-007
ln_T_YR_AGE_ALT_FREQ(120,1)      -1.1295 -6.22267e-007
ln_T_YR_AGE_ALT_FREQ(121,1)      -1.9041 1.35507e-006
ln_T_YR_AGE_ALT_FREQ(122,1)     -1.81021 -1.79582e-006
ln_T_YR_AGE_ALT_FREQ(123,1)      -1.9935 1.30712e-006
ln_T_YR_AGE_ALT_FREQ(124,1)     -1.37341 -9.54202e-007
ln_T_YR_AGE_ALT_FREQ(125,1)      -1.7106 -1.36601e-007
ln_T_YR_AGE_ALT_FREQ(126,1)     -2.10528 -4.13254e-007
ln_T_YR_AGE_ALT_FREQ(127,1)     -2.13633 -9.19021e-007
ln_T_YR_AGE_ALT_FREQ(128,1)    -0.772152 8.98157e-007
ln_T_YR_AGE_ALT_FREQ(129,1)     -2.25221 -3.33971e-007
ln_T_YR_AGE_ALT_FREQ(130,1)     -1.53144 -6.95228e-007
ln_T_YR_AGE_ALT_FREQ(131,1)     -2.28594 -5.63098e-008
ln_T_YR_AGE_ALT_FREQ(132,1)     -1.12019 -8.01596e-007
ln_T_YR_AGE_ALT_FREQ(133,1)     -2.21989 -1.30954e-006
ln_T_YR_AGE_ALT_FREQ(134,1)      -1.2366 2.14282e-006
ln_T_YR_AGE_ALT_FREQ(135,1)     -2.45605 -9.64459e-007
ln_T_YR_AGE_ALT_FREQ(136,1)     -1.32546 2.89467e-006
ln_T_YR_AGE_ALT_FREQ(137,1)     -1.52749 5.81189e-006
ln_T_YR_AGE_ALT_FREQ(138,1)      -1.4549 -8.45274e-007
ln_T_YR_AGE_ALT_FREQ(139,1)     -2.11876 1.12102e-006
ln_T_YR_AGE_ALT_FREQ(140,1)    -0.777572 -1.06107e-006
ln_T_YR_AGE_ALT_FREQ(141,1)     -1.51793 -2.99812e-006
ln_T_YR_AGE_ALT_FREQ(142,1)     -1.46114 3.06474e-007
ln_T_YR_AGE_ALT_FREQ(143,1)     -2.25449 2.43747e-007
ln_T_YR_AGE_ALT_FREQ(144,1)    -0.576372 8.87065e-007
ln_T_YR_AGE_ALT_FREQ(145,1)     -2.05507 1.28593e-006
ln_T_YR_AGE_ALT_FREQ(146,1)     -1.38101 -3.11649e-007
ln_T_YR_AGE_ALT_FREQ(147,1)     -2.15208  2.2434e-007
ln_T_YR_AGE_ALT_FREQ(148,1)     -1.35136 6.46545e-007
ln_T_YR_AGE_ALT_FREQ(149,1)     -1.42198 -2.64356e-006
ln_T_YR_AGE_ALT_FREQ(150,1)     -1.78571 1.69928e-006
ln_T_YR_AGE_ALT_FREQ(151,1)     -2.20737 -9.94448e-007
ln_T_YR_AGE_ALT_FREQ(152,1)    -0.846124 1.75229e-006
ln_T_YR_AGE_ALT_FREQ(153,1)      -1.3423 -7.89515e-006
ln_T_YR_AGE_ALT_FREQ(154,1)     -1.51043 4.14076e-006
ln_T_YR_AGE_ALT_FREQ(155,1)     -2.10103 -1.03315e-006
ln_T_YR_AGE_ALT_FREQ(156,1)    -0.818118 2.98163e-006
ln_T_YR_AGE_ALT_FREQ(157,1)     -1.76045 2.08035e-006
ln_T_YR_AGE_ALT_FREQ(158,1)     -1.37781 6.43484e-007
ln_T_YR_AGE_ALT_FREQ(159,1)     -2.31012 -6.11088e-007
ln_T_YR_AGE_ALT_FREQ(160,1)     -1.24392  2.1376e-006
ln_T_YR_AGE_ALT_FREQ(161,1)     -1.36022 -5.46848e-007
ln_T_YR_AGE_ALT_FREQ(162,1)     -1.88451 -1.92742e-007
ln_T_YR_AGE_ALT_FREQ(163,1)     -2.18503 8.57036e-007
ln_T_YR_AGE_ALT_FREQ(164,1)    -0.523622 -3.42704e-007
ln_T_YR_AGE_ALT_FREQ(165,1)     -2.15593 3.07634e-011
ln_T_YR_AGE_ALT_FREQ(166,1)    -0.549749 1.76063e-006
ln_T_YR_AGE_ALT_FREQ(167,1)     -2.45214 6.26497e-008
ln_T_YR_AGE_ALT_FREQ(168,1)     -1.64173 -8.67508e-007
ln_T_YR_AGE_ALT_FREQ(169,1)     -1.57585 1.77473e-006
ln_T_YR_AGE_ALT_FREQ(170,1)     -1.38138 3.79408e-007
ln_T_YR_AGE_ALT_FREQ(171,1)     -2.17242 -1.36335e-006
ln_T_YR_AGE_ALT_FREQ(172,1)    -0.811628 1.98324e-006
ln_T_YR_AGE_ALT_FREQ(173,1)     -1.39105 5.23728e-006
ln_T_YR_AGE_ALT_FREQ(174,1)     -1.29662 -3.07422e-006
ln_T_YR_AGE_ALT_FREQ(175,1)     -1.97985 7.82708e-007
ln_T_YR_AGE_ALT_FREQ(176,1)    -0.957855 -2.3615e-007
ln_T_YR_AGE_ALT_FREQ(177,1)     -1.12941 3.64755e-007
ln_T_YR_AGE_ALT_FREQ(178,1)     -1.63074 -2.48384e-006
ln_T_YR_AGE_ALT_FREQ(179,1)     -2.19166 1.11172e-006
ln_T_YR_AGE_ALT_FREQ(180,1)    -0.643454 -1.17206e-006
ln_T_YR_AGE_ALT_FREQ(181,1)     -2.09955 1.73638e-006
ln_T_YR_AGE_ALT_FREQ(182,1)    -0.896437 -1.22925e-006
ln_T_YR_AGE_ALT_FREQ(183,1)      -2.3392 4.11908e-007
ln_T_YR_AGE_ALT_FREQ(184,1)     -1.56391 -4.15596e-007
ln_T_YR_AGE_ALT_FREQ(185,1)     -1.74767 1.97138e-006
ln_T_YR_AGE_ALT_FREQ(186,1)     -0.92438 -1.68639e-006
ln_T_YR_AGE_ALT_FREQ(187,1)     -2.12032 5.15381e-007
ln_T_YR_AGE_ALT_FREQ(188,1)    -0.921578 -1.41943e-006
ln_T_YR_AGE_ALT_FREQ(189,1)     -1.58283  3.5663e-006
ln_T_YR_AGE_ALT_FREQ(190,1)    -0.957554 -1.84154e-006
ln_T_YR_AGE_ALT_FREQ(191,1)     -1.96982 2.73431e-006
ln_T_YR_AGE_ALT_FREQ(192,1)     -1.19992 -1.67164e-006
ln_T_YR_AGE_ALT_FREQ(193,1)     -1.57143 -1.75304e-006
ln_T_YR_AGE_ALT_FREQ(194,1)     -1.36925 -1.65605e-006
ln_T_YR_AGE_ALT_FREQ(195,1)     -1.93992  1.9698e-006
ln_T_YR_AGE_ALT_FREQ(196,1)    -0.989711 -3.14364e-006
ln_T_YR_AGE_ALT_FREQ(197,1)     -1.97295 1.00839e-005
ln_T_YR_AGE_ALT_FREQ(198,1)     -1.17016 -3.9231e-006
ln_T_YR_AGE_ALT_FREQ(199,1)     -1.90858 5.04191e-006
ln_T_YR_AGE_ALT_FREQ(200,1)      -1.1202 -3.17283e-006
ln_T_YR_AGE_ALT_FREQ(201,1)     -2.22216 1.26335e-006
ln_T_YR_AGE_ALT_FREQ(202,1)    -0.403452 -4.69173e-006
ln_T_YR_AGE_ALT_FREQ(203,1)     -1.77259 7.26821e-006
ln_T_YR_AGE_ALT_FREQ(204,1)     -1.43429 -5.23932e-006
ln_T_YR_AGE_ALT_FREQ(205,1)    -0.515214 1.39809e-005
ln_T_YR_AGE_ALT_FREQ(206,1)     -1.83406 -4.23073e-006
ln_T_YR_AGE_ALT_FREQ(207,1)     -2.07354 5.61679e-006
ln_T_YR_AGE_ALT_FREQ(208,1)    -0.857617 9.05769e-006
ln_T_YR_AGE_ALT_FREQ(209,1)     -1.43065 5.75339e-006
ln_T_YR_AGE_ALT_FREQ(210,1)      -1.2259 -2.49116e-006
ln_T_YR_AGE_ALT_FREQ(211,1)     -2.00014 3.73044e-006
ln_T_YR_AGE_ALT_FREQ(212,1)     -1.32961 -6.24836e-007
ln_T_YR_AGE_ALT_FREQ(213,1)     -1.60054 -4.16759e-007
ln_T_YR_AGE_ALT_FREQ(214,1)     -1.41577 -1.64259e-006
ln_T_YR_AGE_ALT_FREQ(215,1)     -1.64391 1.07592e-006
ln_T_YR_AGE_ALT_FREQ(216,1)    -0.896821 -6.6249e-008
ln_T_YR_AGE_ALT_FREQ(217,1)     -1.32413 3.57129e-007
ln_T_YR_AGE_ALT_FREQ(218,1)     -1.31237 6.20141e-007
ln_T_YR_AGE_ALT_FREQ(219,1)    -0.168105 -1.56231e-007
ln_T_YR_AGE_ALT_FREQ(220,1)     0.988595 -1.03839e-006
ln_T_YR_AGE_ALT_FREQ(221,1)     -1.76398 -2.33351e-007
ln_T_YR_AGE_ALT_FREQ(222,1)     0.497196 -2.11653e-007
ln_T_YR_AGE_ALT_FREQ(223,1)     -1.69051 7.39907e-007
ln_T_YR_AGE_ALT_FREQ(224,1)     -1.33664 -1.79145e-006
ln_T_YR_AGE_ALT_FREQ(225,1)     -1.92093 -6.62611e-007
ln_T_YR_AGE_ALT_FREQ(226,1)    -0.170243 9.36463e-007
ln_T_YR_AGE_ALT_FREQ(227,1)     -1.15124 1.49843e-006
ln_T_YR_AGE_ALT_FREQ(228,1)    -0.249055 -1.5294e-006
ln_T_YR_AGE_ALT_FREQ(229,1)     -2.12122 -1.54225e-006
ln_T_YR_AGE_ALT_FREQ(230,1)    -0.328593 5.22219e-007
ln_T_YR_AGE_ALT_FREQ(231,1)     -1.52629 9.88502e-007
ln_T_YR_AGE_ALT_FREQ(232,1)    -0.984738 -1.5326e-006
ln_T_YR_AGE_ALT_FREQ(233,1)     -1.90107 2.33776e-006
ln_T_YR_AGE_ALT_FREQ(234,1)    -0.791929 -1.23413e-006
ln_T_YR_AGE_ALT_FREQ(235,1)     -1.43234 1.03043e-006
ln_T_YR_AGE_ALT_FREQ(236,1)     -1.06182 -1.18024e-006
ln_T_YR_AGE_ALT_FREQ(237,1)     -2.48639 -1.10899e-006
ln_T_YR_AGE_ALT_FREQ(238,1)    -0.472265 -8.00221e-007
ln_T_YR_AGE_ALT_FREQ(239,1)     -1.55332 1.37828e-006
ln_T_YR_AGE_ALT_FREQ(240,1)     -1.62196 -3.61651e-007
ln_T_YR_AGE_ALT_FREQ(241,1)     -2.37576 -8.7918e-009
ln_T_YR_AGE_ALT_FREQ(242,1)     -1.06462 3.36972e-007
ln_T_YR_AGE_ALT_FREQ(243,1)     -1.62994 1.33707e-006
ln_T_YR_AGE_ALT_FREQ(244,1)     -1.32575 -1.12711e-006
ln_T_YR_AGE_ALT_FREQ(245,1)     -1.91166 -2.15929e-006
ln_T_YR_AGE_ALT_FREQ(246,1)     -1.53138 3.60692e-006
ln_T_YR_AGE_ALT_FREQ(247,1)     -1.73813 3.55976e-007
ln_T_YR_AGE_ALT_FREQ(248,1)     -1.15067 1.89357e-006
ln_T_YR_AGE_ALT_FREQ(249,1)     -2.21493 -4.4382e-007
ln_T_YR_AGE_ALT_FREQ(250,1)    -0.803882 -8.11789e-007
ln_T_YR_AGE_ALT_FREQ(251,1)     -1.78559 1.40407e-006
ln_T_YR_AGE_ALT_FREQ(252,1)     -1.19289 -7.43527e-008
ln_T_YR_AGE_ALT_FREQ(253,1)     -2.01659 1.17987e-006
ln_T_YR_AGE_ALT_FREQ(254,1)     -1.12689 6.97647e-007
ln_T_YR_AGE_ALT_FREQ(255,1)     -1.91121 1.44498e-006
ln_T_YR_AGE_ALT_FREQ(256,1)     -1.04696 -8.75912e-007
ln_T_YR_AGE_ALT_FREQ(257,1)      -1.8634 2.69598e-006
ln_T_YR_AGE_ALT_FREQ(258,1)     -1.19985 -6.86866e-007
ln_T_YR_AGE_ALT_FREQ(259,1)     -1.72179 4.85516e-006
ln_T_YR_AGE_ALT_FREQ(260,1)     -1.29137 -4.01461e-006
ln_T_YR_AGE_ALT_FREQ(261,1)      -1.9936 -8.21538e-007
ln_T_YR_AGE_ALT_FREQ(262,1)    -0.705281 -9.26953e-007
ln_T_YR_AGE_ALT_FREQ(263,1)     -1.98354 2.83783e-006
ln_T_YR_AGE_ALT_FREQ(264,1)    -0.930448 -5.71143e-006
ln_T_YR_AGE_ALT_FREQ(265,1)     -2.23164 -1.47823e-006
ln_T_YR_AGE_ALT_FREQ(266,1)    -0.620537 -5.40442e-007
ln_T_YR_AGE_ALT_FREQ(267,1)     -1.67135 2.07507e-006
ln_T_YR_AGE_ALT_FREQ(268,1)     -1.45133 -2.42959e-006
ln_T_YR_AGE_ALT_FREQ(269,1)     -2.30873 -1.49546e-006
ln_T_YR_AGE_ALT_FREQ(270,1)    -0.699557 6.19216e-007
ln_T_YR_AGE_ALT_FREQ(271,1)     -1.89494   1.561e-006
ln_T_YR_AGE_ALT_FREQ(272,1)     -1.35123 -1.18465e-006
ln_T_YR_AGE_ALT_FREQ(273,1)     -1.49921 -4.74617e-006
ln_T_YR_AGE_ALT_FREQ(274,1)     -1.17911  3.4485e-006
ln_T_YR_AGE_ALT_FREQ(275,1)     -1.95064 -4.88262e-007
ln_T_YR_AGE_ALT_FREQ(276,1)    -0.785376 8.82893e-007
ln_T_YR_AGE_ALT_FREQ(277,1)     -2.14699 -8.1349e-006
ln_T_YR_AGE_ALT_FREQ(278,1)    -0.776907 2.05975e-006
ln_T_YR_AGE_ALT_FREQ(279,1)     -1.47207 5.00158e-007
ln_T_YR_AGE_ALT_FREQ(280,1)     -1.38645 -4.14674e-007
ln_T_YR_AGE_ALT_FREQ(281,1)     -2.54583 -7.98997e-006
ln_T_YR_AGE_ALT_FREQ(282,1)    -0.354398 6.50545e-006
ln_T_YR_AGE_ALT_FREQ(283,1)     -1.64032 -9.7358e-007
ln_T_YR_AGE_ALT_FREQ(284,1)      -1.4396 -3.11301e-007
ln_T_YR_AGE_ALT_FREQ(285,1)     -2.00426 -1.02016e-005
ln_T_YR_AGE_ALT_FREQ(286,1)     -1.00267 1.08067e-005
ln_T_YR_AGE_ALT_FREQ(287,1)       -1.511 -3.07948e-006
ln_T_YR_AGE_ALT_FREQ(288,1)     -1.29029 4.20636e-006
ln_T_YR_AGE_ALT_FREQ(289,1)     -1.89056 -8.16174e-006
ln_T_YR_AGE_ALT_FREQ(290,1)     -1.07359 4.82566e-006
ln_T_YR_AGE_ALT_FREQ(291,1)     -1.51347 -2.55484e-006
ln_T_YR_AGE_ALT_FREQ(292,1)     -1.31552  2.5308e-006
ln_T_YR_AGE_ALT_FREQ(293,1)     -2.51105 -3.77349e-006
ln_T_YR_AGE_ALT_FREQ(294,1)     -0.14906 5.84986e-006
ln_T_YR_AGE_ALT_FREQ(295,1)     -1.58834 -7.97579e-007
ln_T_YR_AGE_ALT_FREQ(296,1)     -1.44317 -1.06755e-006
ln_T_YR_AGE_ALT_FREQ(297,1)     -2.27979 -3.35369e-006
ln_T_YR_AGE_ALT_FREQ(298,1)     -1.24367 5.31842e-007
ln_T_YR_AGE_ALT_FREQ(299,1)     -1.62716 1.33821e-007
ln_T_YR_AGE_ALT_FREQ(300,1)     -1.30937 3.73941e-007
ln_T_YR_AGE_ALT_FREQ(301,1)     -2.10818 -4.04073e-007
ln_T_YR_AGE_ALT_FREQ(302,1)     -1.09872 2.80444e-007
ln_T_YR_AGE_ALT_FREQ(303,1)     -1.51851 3.83153e-007
ln_T_YR_AGE_ALT_FREQ(304,1)     -1.39558 -7.66385e-008
log_sel_beta1(1,1)     0.751968 -8.06942e-006
log_sel_beta1(1,2)     0.269958 1.14768e-006
log_sel_beta1(1,3)      0.32574 1.44346e-005
log_sel_beta1(1,4)     0.058464 -0.000112612
log_sel_beta1(2,1)     0.581209 -4.79119e-006
log_sel_beta1(2,2)    -0.284883 -1.37074e-005
log_sel_beta1(2,3)     0.193083 3.92786e-007
log_sel_beta1(2,4)     -1.64863 -6.45337e-008
log_sel_beta2(1,1)       2.0159 -4.67876e-006
log_sel_beta2(1,2)      1.96324 7.23436e-005
log_sel_beta2(1,3)      1.96397 2.16589e-005
log_sel_beta2(1,4)      1.92589  -0.00012801
log_sel_beta2(2,1)      2.00125  4.9276e-006
log_sel_beta2(2,2)      2.31574 2.18734e-005
log_sel_beta2(2,3)      1.87815 -3.47496e-005
log_sel_beta2(2,4)     -3.87384 -4.05622e-007
log_sel_beta3(1,1)     -1.27471 1.50736e-006
log_sel_beta3(1,2)     -1.65289 -6.4969e-008
log_sel_beta3(1,3)     -2.60707 -4.69787e-007
log_sel_beta3(1,4)    -0.616664 8.32621e-006
log_sel_beta3(2,1)      -1.9781 -4.42541e-006
log_sel_beta3(2,2)     -1.65289 -6.4969e-008
log_sel_beta3(2,3)     -2.31026 -6.35853e-006
log_sel_beta3(2,4)     -1.65289 -6.4969e-008
log_sel_beta4(1,1)     -4.99998 3.78609e-008
log_sel_beta4(1,2)     -1.72055 -7.19168e-008
log_sel_beta4(1,3)     -4.99995 -4.90565e-008
log_sel_beta4(1,4)     -4.99999 2.50508e-008
log_sel_beta4(2,1)     -4.99955 -1.17421e-008
log_sel_beta4(2,2)     -1.72055 -7.19168e-008
log_sel_beta4(2,3)     -4.99991 4.92057e-008
log_sel_beta4(2,4)     -1.72055 -7.19168e-008
ln_q(1,1)          -15 -1.59025e-006
ln_F(1,1)     -6.44788 -1.07661e-006
ln_F(1,2)     -7.74703 -8.37442e-007
ln_F(1,3)     -12.9058 2.36693e-006
ln_F(1,4)     -6.96704 1.09503e-006
ln_F(2,1)     -6.16686 -2.14512e-007
ln_F(2,2)       -8.792 2.46292e-007
ln_F(2,3)     -13.0026 3.90777e-006
ln_F(2,4)     -5.80279 -7.52573e-007
ln_F(3,1)     -5.99905 3.70824e-007
ln_F(3,2)     -7.08642 1.39272e-006
ln_F(3,3)     -12.9622 2.12727e-006
ln_F(3,4)     -7.00035 1.26918e-006
ln_F(4,1)      -5.8887  1.3217e-006
ln_F(4,2)      -7.5412 2.41257e-006
ln_F(4,3)     -6.92938 1.70006e-006
ln_F(4,4)     -6.40201 8.03838e-009
ln_F(5,1)     -6.13611 2.67524e-007
ln_F(5,2)     -7.79626 4.84087e-007
ln_F(5,3)      -6.4822 5.93375e-007
ln_F(5,4)     -6.40201 8.03838e-009
ln_F(6,1)     -5.74863  1.1008e-006
ln_F(6,2)     -8.15311 5.67029e-007
ln_F(6,3)      -5.4831 -9.45328e-007
ln_F(6,4)     -6.40201 8.03838e-009
ln_F(7,1)     -5.63138 2.91266e-007
ln_F(7,2)     -7.80644  4.1877e-007
ln_F(7,3)     -7.22533 1.99899e-006
ln_F(7,4)     -6.40201 8.03838e-009
ln_F(8,1)     -5.48041 1.55854e-006
ln_F(8,2)     -7.88085 7.65868e-007
ln_F(8,3)      -6.2289 1.40714e-007
ln_F(8,4)     -6.40201 8.03838e-009
ln_F(9,1)     -5.82282   -2.01e-007
ln_F(9,2)     -8.20652 6.64329e-007
ln_F(9,3)     -6.52058 3.55422e-007
ln_F(9,4)     -6.40201 8.03838e-009
ln_F(10,1)     -5.40217 1.33462e-006
ln_F(10,2)     -8.57914 6.23212e-007
ln_F(10,3)     -5.11496 8.70909e-007
ln_F(10,4)     -6.40201 8.03838e-009
ln_F(11,1)     -5.21893 6.00851e-007
ln_F(11,2)     -7.68921 -1.01792e-007
ln_F(11,3)      -7.5968 1.00153e-007
ln_F(11,4)     -6.40201 8.03838e-009
ln_F(12,1)     -5.12635 5.21557e-007
ln_F(12,2)     -7.59965 -7.16136e-007
ln_F(12,3)     -5.79805 -3.81918e-007
ln_F(12,4)      -8.7347 5.31534e-007
ln_F(13,1)     -5.47346 -7.20006e-007
ln_F(13,2)     -7.39322 -1.42771e-006
ln_F(13,3)     -5.88068 5.30832e-007
ln_F(13,4)     -8.77299 -9.66587e-007
ln_F(14,1)     -5.16398 5.40372e-007
ln_F(14,2)     -7.45593 -1.52673e-006
ln_F(14,3)     -5.02959 1.88434e-007
ln_F(14,4)      -8.8062 -3.91798e-007
ln_F(15,1)     -5.37868 -1.2617e-006
ln_F(15,2)     -7.18468 -1.77856e-006
ln_F(15,3)     -6.74578 -1.83839e-006
ln_F(15,4)     -9.07396 -1.03612e-006
ln_F(16,1)     -6.08529 -5.72492e-007
ln_F(16,2)     -7.14662  -7.801e-007
ln_F(16,3)     -6.07224 3.87624e-007
ln_F(16,4)     -10.5943 3.48679e-007
ln_F(17,1)     -6.17223 -5.84265e-007
ln_F(17,2)     -6.80802 4.30173e-007
ln_F(17,3)     -6.83235 3.63681e-007
ln_F(17,4)     -10.5919 -2.30912e-007
ln_F(18,1)     -6.04498 1.01232e-006
ln_F(18,2)     -7.17294 -2.44162e-007
ln_F(18,3)     -4.86557 6.61129e-007
ln_F(18,4)     -10.5102 1.01777e-007
ln_F(19,1)     -5.79141 -9.78884e-007
ln_F(19,2)      -6.5417 9.54674e-007
ln_F(19,3)     -6.00731 7.01566e-007
ln_F(19,4)     -10.3371 1.00178e-006
ln_F(20,1)     -6.28676 -4.30316e-007
ln_F(20,2)     -7.33707  3.8937e-007
ln_F(20,3)     -5.10872 7.74268e-007
ln_F(20,4)     -6.40201 8.03838e-009
ln_F(21,1)      -6.3314 -2.3198e-007
ln_F(21,2)     -7.04046 -2.28198e-007
ln_F(21,3)     -4.42906 4.87893e-007
ln_F(21,4)     -6.40201 8.03838e-009
ln_F(22,1)     -6.17289 6.67426e-007
ln_F(22,2)     -7.25148 -1.48836e-007
ln_F(22,3)     -4.39294 8.19493e-007
ln_F(22,4)     -6.40201 8.03838e-009
ln_F(23,1)     -6.09495 3.95094e-007
ln_F(23,2)     -7.04375 -5.52944e-007
ln_F(23,3)     -5.08463 1.61827e-006
ln_F(23,4)     -6.40201 8.03838e-009
ln_F(24,1)     -6.02667 -7.1766e-007
ln_F(24,2)     -7.21734 -1.05296e-006
ln_F(24,3)     -4.38529 7.79043e-008
ln_F(24,4)     -6.40201 8.03838e-009
ln_F(25,1)     -5.99322 1.32701e-006
ln_F(25,2)     -7.30661 -1.49778e-006
ln_F(25,3)     -4.21555 4.51415e-007
ln_F(25,4)     -6.40201 8.03838e-009
ln_F(26,1)     -5.77497 9.85824e-007
ln_F(26,2)     -7.95725 -1.18194e-006
ln_F(26,3)     -4.16844   1.574e-006
ln_F(26,4)     -6.40201 8.03838e-009
ln_F(27,1)     -5.59227 1.39977e-006
ln_F(27,2)     -7.53894 -4.86457e-007
ln_F(27,3)     -3.44552 5.78391e-007
ln_F(27,4)     -6.40201 8.03838e-009
ln_F(28,1)     -5.88307 9.57987e-007
ln_F(28,2)     -7.28764 1.29165e-008
ln_F(28,3)     -4.36831 1.32252e-006
ln_F(28,4)     -6.40201 8.03838e-009
ln_F(29,1)     -5.82024 5.22853e-007
ln_F(29,2)     -7.26614 -9.54156e-007
ln_F(29,3)     -4.76189  7.7842e-007
ln_F(29,4)     -6.40201 8.03838e-009
ln_F(30,1)      -5.5251 5.13682e-007
ln_F(30,2)     -7.25788 -2.21102e-006
ln_F(30,3)     -3.92926 2.13697e-006
ln_F(30,4)     -6.40201 8.03838e-009
ln_F(31,1)       -5.418 6.27583e-008
ln_F(31,2)      -6.5062 -1.15146e-006
ln_F(31,3)      -3.4299 1.75314e-006
ln_F(31,4)     -6.40201 8.03838e-009
ln_F(32,1)     -5.52432 -5.42495e-007
ln_F(32,2)     -6.27457 -5.31639e-007
ln_F(32,3)     -4.07747 2.03557e-006
ln_F(32,4)     -6.40201 8.03838e-009
ln_F(33,1)     -5.77691 -1.30554e-006
ln_F(33,2)     -6.28817 -1.09422e-006
ln_F(33,3)     -4.71799 2.32617e-007
ln_F(33,4)     -6.40201 8.03838e-009
ln_F(34,1)     -5.71325 -8.2375e-007
ln_F(34,2)      -7.1478 -1.77305e-006
ln_F(34,3)     -4.78156 3.77224e-007
ln_F(34,4)     -6.40201 8.03838e-009
ln_F(35,1)     -5.45248 -2.40045e-006
ln_F(35,2)      -6.1828 -9.03478e-007
ln_F(35,3)     -4.51452 4.75645e-007
ln_F(35,4)     -6.40201 8.03838e-009
ln_F(36,1)     -5.11832 -1.35719e-006
ln_F(36,2)     -6.30112 -2.00959e-006
ln_F(36,3)     -4.40094 -3.0693e-008
ln_F(36,4)     -6.40201 8.03838e-009
ln_F(37,1)     -5.18073 -1.49608e-006
ln_F(37,2)     -6.81757 -1.51809e-006
ln_F(37,3)     -4.47114 6.44638e-007
ln_F(37,4)     -6.40201 8.03838e-009
ln_F(38,1)     -4.97015 -7.8929e-007
ln_F(38,2)     -6.84699 -1.5755e-006
ln_F(38,3)     -3.93158 -1.1105e-007
ln_F(38,4)     -6.40201 8.03838e-009
ln_F(39,1)     -5.12579 -5.72685e-007
ln_F(39,2)     -5.72464 -1.75119e-006
ln_F(39,3)     -4.38286 -5.5962e-007
ln_F(39,4)     -6.40201 8.03838e-009
ln_F(40,1)     -4.97298 1.32156e-007
ln_F(40,2)     -6.20542 -2.17118e-006
ln_F(40,3)     -4.02327 9.10325e-007
ln_F(40,4)     -6.40201 8.03838e-009
ln_F(41,1)     -5.25535 1.08666e-006
ln_F(41,2)     -6.14487 -1.48087e-006
ln_F(41,3)     -4.32169 7.06251e-007
ln_F(41,4)     -6.40201 8.03838e-009
ln_F(42,1)     -4.73933 1.71413e-006
ln_F(42,2)     -6.44678 -2.62979e-007
ln_F(42,3)     -3.54834  8.1633e-007
ln_F(42,4)     -6.40201 8.03838e-009
ln_F(43,1)     -4.54595 1.47819e-006
ln_F(43,2)     -5.85276 2.17488e-007
ln_F(43,3)     -3.24246 -5.85412e-008
ln_F(43,4)     -6.40201 8.03838e-009
ln_F(44,1)     -4.56051 2.10787e-006
ln_F(44,2)     -6.84366  2.9509e-007
ln_F(44,3)     -3.50364 -3.5686e-007
ln_F(44,4)     -6.40201 8.03838e-009
ln_F(45,1)     -4.81182 1.51368e-006
ln_F(45,2)     -6.77031  1.1809e-006
ln_F(45,3)     -3.89012 4.58987e-007
ln_F(45,4)     -6.40201 8.03838e-009
ln_F(46,1)     -4.42455 7.92667e-007
ln_F(46,2)     -6.90312 3.78326e-007
ln_F(46,3)     -3.74747 4.69047e-007
ln_F(46,4)     -6.40201 8.03838e-009
ln_F(47,1)     -4.36576 1.53253e-006
ln_F(47,2)     -5.51286  1.2658e-006
ln_F(47,3)     -3.88822 1.05984e-006
ln_F(47,4)     -6.40201 8.03838e-009
ln_F(48,1)     -4.80056 4.22715e-007
ln_F(48,2)     -5.12217 3.97647e-007
ln_F(48,3)     -3.47208 1.10498e-006
ln_F(48,4)     -6.32985 2.42727e-009
ln_F(49,1)      -4.9645 9.72341e-007
ln_F(49,2)     -6.00582 -4.38629e-007
ln_F(49,3)     -4.17583 1.72795e-006
ln_F(49,4)     -7.20657 -3.24681e-007
ln_F(50,1)     -5.00515  4.2988e-007
ln_F(50,2)     -6.62914 -2.01433e-006
ln_F(50,3)     -3.60964 2.10169e-006
ln_F(50,4)     -5.37137 -1.87713e-007
ln_F(51,1)     -4.36114 7.62985e-007
ln_F(51,2)     -6.54843 1.08119e-007
ln_F(51,3)     -3.76777 3.73107e-007
ln_F(51,4)     -5.08761 1.81357e-008
ln_F(52,1)     -4.62776 -1.53668e-007
ln_F(52,2)     -5.98389 -1.77156e-006
ln_F(52,3)      -4.4213 1.04466e-006
ln_F(52,4)     -5.47732 4.07403e-007
ln_F(53,1)     -4.92707 -2.80539e-007
ln_F(53,2)     -6.08639 -1.5936e-006
ln_F(53,3)     -4.73383  1.1985e-006
ln_F(53,4)     -6.96082   9.924e-008
ln_F(54,1)     -5.15355 -1.11336e-006
ln_F(54,2)     -6.51043 -1.31722e-006
ln_F(54,3)     -4.08319 1.17091e-006
ln_F(54,4)     -4.27149 -8.22224e-008
ln_F(55,1)     -4.90318 -1.23275e-006
ln_F(55,2)     -7.00795 -1.48666e-006
ln_F(55,3)     -4.28813 3.25259e-007
ln_F(55,4)     -5.48818 -6.9071e-007
ln_F(56,1)      -5.1271 -7.64811e-007
ln_F(56,2)     -5.50274 -1.28867e-006
ln_F(56,3)     -4.45063  -8.466e-008
ln_F(56,4)     -5.37739 5.48695e-007
ln_F(57,1)     -4.53789 -3.31819e-007
ln_F(57,2)      -5.3765 -9.24036e-007
ln_F(57,3)     -4.36943 7.00193e-007
ln_F(57,4)     -6.67389 7.21601e-007
ln_F(58,1)     -4.96935 1.68614e-007
ln_F(58,2)     -5.53607 -5.65194e-007
ln_F(58,3)     -4.27638 5.17321e-007
ln_F(58,4)     -4.96216 1.31409e-006
ln_F(59,1)     -4.37811 1.86759e-007
ln_F(59,2)     -5.65333 -3.59201e-007
ln_F(59,3)     -4.31853 -2.87507e-007
ln_F(59,4)     -5.19612 9.38533e-007
ln_F(60,1)     -4.65416 2.47741e-007
ln_F(60,2)     -4.67696 -5.25766e-007
ln_F(60,3)     -4.03249 2.92086e-007
ln_F(60,4)     -5.82299 1.38977e-006
ln_F(61,1)     -4.61444 1.59543e-007
ln_F(61,2)     -3.98049 -1.9082e-006
ln_F(61,3)     -4.79926 4.70846e-007
ln_F(61,4)     -5.69562 1.48115e-007
ln_F(62,1)     -5.06369 -1.21815e-006
ln_F(62,2)     -4.40354 -4.68229e-007
ln_F(62,3)      -4.0081 -6.76834e-007
ln_F(62,4)     -4.56727 4.19858e-007
ln_F(63,1)     -4.32444 3.17194e-007
ln_F(63,2)     -4.98633 -8.88703e-007
ln_F(63,3)     -4.22921 -1.14294e-008
ln_F(63,4)     -4.27108 3.99587e-007
ln_F(64,1)     -4.52712 2.76082e-007
ln_F(64,2)     -5.64969 -1.29744e-006
ln_F(64,3)     -3.83017 -6.19252e-007
ln_F(64,4)     -3.81137 -4.27877e-007
ln_F(65,1)     -4.07005 -1.2183e-007
ln_F(65,2)     -5.15811 -1.22467e-006
ln_F(65,3)     -4.41702 -8.69542e-007
ln_F(65,4)     -3.78835 9.54629e-007
ln_F(66,1)     -4.23298 -9.99634e-007
ln_F(66,2)     -6.10676 -4.10163e-007
ln_F(66,3)     -3.75995 -1.04261e-006
ln_F(66,4)     -3.69663 3.46221e-007
ln_F(67,1)     -3.90755 -5.90916e-007
ln_F(67,2)     -6.49215 7.44007e-007
ln_F(67,3)     -3.90763 -2.1414e-007
ln_F(67,4)     -4.55113 1.28074e-006
ln_F(68,1)     -4.20496 4.23407e-007
ln_F(68,2)     -6.35954 1.11896e-006
ln_F(68,3)      -3.4533 -5.48888e-007
ln_F(68,4)     -3.87676 1.90783e-007
ln_F(69,1)     -3.62587 -1.25187e-007
ln_F(69,2)     -5.33997 -5.3003e-007
ln_F(69,3)      -3.4782 -9.89419e-007
ln_F(69,4)     -4.38055 3.97652e-007
ln_F(70,1)     -3.97488 3.53502e-007
ln_F(70,2)     -6.59603 4.52094e-007
ln_F(70,3)     -3.46995 -9.75716e-007
ln_F(70,4)     -4.07444 4.59999e-007
ln_F(71,1)     -3.88318 -1.58838e-007
ln_F(71,2)     -5.84319 -3.81167e-007
ln_F(71,3)     -3.79045 -4.9321e-007
ln_F(71,4)     -4.07836 8.55052e-007
ln_F(72,1)     -4.37546 1.40246e-006
ln_F(72,2)     -5.57434 -5.27633e-007
ln_F(72,3)     -4.18254 3.65537e-007
ln_F(72,4)     -4.27531 1.38429e-006
ln_F(73,1)     -3.86527 7.65236e-008
ln_F(73,2)     -5.04228 -6.51823e-007
ln_F(73,3)     -4.24038 4.57997e-007
ln_F(73,4)     -4.56755  1.8834e-007
ln_F(74,1)     -4.35917 9.02217e-008
ln_F(74,2)     -6.63604 -4.66805e-007
ln_F(74,3)     -3.01432 -4.10752e-007
ln_F(74,4)     -4.58268 5.72897e-007
ln_F(75,1)     -3.85065 -3.83768e-007
ln_F(75,2)     -6.16896 -1.09577e-006
ln_F(75,3)     -2.79648 -1.43096e-006
ln_F(75,4)     -4.73046 -3.5751e-007
ln_F(76,1)     -4.34753 1.08453e-006
ln_F(76,2)     -5.86947 -3.14957e-007
ln_F(76,3)     -3.22371 -6.32118e-007
ln_F(76,4)     -5.00621 1.94518e-007
ln_F(77,1)     -4.14999 1.07101e-006
ln_F(77,2)      -6.0864 2.42606e-007
ln_F(77,3)     -3.59337 -2.06513e-007
ln_F(77,4)     -5.16251 1.81405e-006
ln_F(78,1)     -4.65207 5.21156e-007
ln_F(78,2)      -6.7995 1.14068e-006
ln_F(78,3)     -3.13777 -4.91162e-007
ln_F(78,4)     -4.54182 1.59037e-006
ln_F(79,1)     -3.82115 -2.6778e-007
ln_F(79,2)     -5.72371 -5.28405e-007
ln_F(79,3)     -2.96582 -1.86806e-006
ln_F(79,4)     -4.70206 5.93646e-007
ln_F(80,1)     -4.64826  1.3824e-006
ln_F(80,2)     -5.64137 -1.26504e-006
ln_F(80,3)     -4.37848 8.55461e-008
ln_F(80,4)     -4.38403 2.85278e-007
ln_F(81,1)        -4.06 -5.54646e-007
ln_F(81,2)     -5.98454 -8.6601e-007
ln_F(81,3)     -3.97755 4.39679e-007
ln_F(81,4)      -4.6375  5.4612e-007
ln_F(82,1)     -4.91474 -3.00071e-007
ln_F(82,2)     -6.57467 -8.00802e-007
ln_F(82,3)     -3.88638 -1.85468e-007
ln_F(82,4)     -4.43715 9.21741e-007
ln_F(83,1)     -4.39566 9.93075e-007
ln_F(83,2)      -5.9605 -6.74559e-007
ln_F(83,3)     -4.15731 -6.52044e-007
ln_F(83,4)     -4.10319 -1.56646e-007
ln_F(84,1)     -4.33857 4.47609e-007
ln_F(84,2)     -5.94199 -8.70585e-008
ln_F(84,3)     -3.62413 5.96896e-007
ln_F(84,4)       -5.019 1.36879e-006
ln_F(85,1)      -3.9655 1.03729e-006
ln_F(85,2)     -6.33548 -2.98149e-007
ln_F(85,3)      -3.3495 -1.12152e-006
ln_F(85,4)     -5.50021 1.74042e-006
ln_F(86,1)     -4.48563 9.35881e-007
ln_F(86,2)     -6.37234 -5.66786e-007
ln_F(86,3)     -2.89396 -2.25656e-006
ln_F(86,4)     -5.28252 1.04556e-006
ln_F(87,1)     -4.10981 7.65031e-008
ln_F(87,2)     -6.13662 -1.35985e-006
ln_F(87,3)      -2.9322 1.44309e-007
ln_F(87,4)     -5.69663 1.07885e-007
ln_F(88,1)     -4.52004 -1.12381e-006
ln_F(88,2)     -5.94066 -1.20109e-006
ln_F(88,3)     -3.91473 -1.94178e-007
ln_F(88,4)     -5.77252 7.10747e-008
ln_F(89,1)     -4.20083 -4.69572e-007
ln_F(89,2)     -6.10055 2.07185e-007
ln_F(89,3)     -3.68222 -1.21414e-006
ln_F(89,4)     -4.62671 -5.72893e-008
ln_F(90,1)     -4.18186 5.61585e-007
ln_F(90,2)     -6.26541 -1.29649e-007
ln_F(90,3)     -2.93644 -2.33314e-006
ln_F(90,4)     -3.91727 -3.14068e-007
ln_F(91,1)     -3.68663 -5.45533e-007
ln_F(91,2)     -6.40318 -6.54739e-007
ln_F(91,3)     -3.44296 -5.35042e-007
ln_F(91,4)     -5.16354 4.41041e-007
ln_F(92,1)     -4.37897 4.84177e-007
ln_F(92,2)     -5.92583 -3.57074e-007
ln_F(92,3)     -3.69579 -7.69749e-007
ln_F(92,4)     -4.98043 3.80292e-007
ln_F(93,1)     -4.05005 -1.23352e-007
ln_F(93,2)     -6.25201 6.03637e-007
ln_F(93,3)     -3.85231 -3.87737e-007
ln_F(93,4)     -5.36006 1.07409e-006
ln_F(94,1)     -4.94173 8.92903e-007
ln_F(94,2)     -6.62117 -2.79602e-007
ln_F(94,3)     -3.47086 -1.11573e-007
ln_F(94,4)     -4.37794 3.48829e-007
ln_F(95,1)     -3.90931 -4.86696e-007
ln_F(95,2)     -6.10241 -5.06448e-008
ln_F(95,3)     -3.46178 -8.53166e-007
ln_F(95,4)     -4.68647 -1.28874e-007
ln_F(96,1)     -3.47831 -1.40584e-006
ln_F(96,2)     -5.61577 -9.31778e-007
ln_F(96,3)     -3.78099 -1.50737e-006
ln_F(96,4)     -5.12224  1.0206e-007
ln_F(97,1)      -3.6038  1.7233e-007
ln_F(97,2)     -5.81547 -2.17309e-007
ln_F(97,3)     -3.73734 3.46157e-007
ln_F(97,4)     -4.47944 1.52065e-006
ln_F(98,1)     -4.21739 -1.66544e-007
ln_F(98,2)     -6.72219 -1.65826e-006
ln_F(98,3)     -2.92295 1.12343e-006
ln_F(98,4)     -3.86362 7.55729e-007
ln_F(99,1)     -3.42361 -1.10791e-006
ln_F(99,2)     -6.62648 -1.12205e-006
ln_F(99,3)     -2.76862 1.24358e-006
ln_F(99,4)     -4.89921 4.21884e-007
ln_F(100,1)       -3.878 -1.49056e-006
ln_F(100,2)     -5.81513 -2.17332e-006
ln_F(100,3)     -3.06457 -7.0923e-007
ln_F(100,4)     -5.08223 -9.2412e-007
ln_F(101,1)     -3.68934 -4.66366e-007
ln_F(101,2)     -5.55943 -1.41179e-006
ln_F(101,3)     -3.69273 -1.43081e-006
ln_F(101,4)     -5.61656 8.81511e-007
ln_F(102,1)     -4.23899 2.85683e-007
ln_F(102,2)     -6.29251 -4.87509e-007
ln_F(102,3)     -3.18501 -1.1203e-006
ln_F(102,4)     -4.22682 -4.2399e-008
ln_F(103,1)     -3.07959 -3.2349e-007
ln_F(103,2)     -5.70669 -1.2408e-006
ln_F(103,3)     -2.80629 -3.98426e-007
ln_F(103,4)     -4.20882 1.58742e-006
ln_F(104,1)     -2.93877 -1.27712e-006
ln_F(104,2)      -4.5338 -1.5227e-006
ln_F(104,3)     -3.25604 -4.28857e-007
ln_F(104,4)     -4.24754 -4.66989e-008
ln_F(105,1)     -3.45298 -9.36756e-007
ln_F(105,2)     -3.84243 -1.16859e-006
ln_F(105,3)     -3.16693  3.3626e-007
ln_F(105,4)     -4.39947 -9.88163e-007
ln_F(106,1)     -3.26791 5.33737e-007
ln_F(106,2)     -5.41286 -7.8917e-007
ln_F(106,3)     -2.73988 3.79234e-007
ln_F(106,4)     -4.05216 -7.85541e-007
ln_F(107,1)     -2.93476 7.44656e-008
ln_F(107,2)     -4.42903 -1.23207e-007
ln_F(107,3)     -2.49219 -4.99841e-007
ln_F(107,4)     -3.94173 9.59631e-007
ln_F(108,1)     -3.39291 -1.26155e-006
ln_F(108,2)     -4.51362 -1.31065e-006
ln_F(108,3)     -3.01705 -2.79106e-007
ln_F(108,4)      -4.0533 1.56867e-006
ln_F(109,1)     -3.47214 2.47325e-007
ln_F(109,2)     -4.28592 -9.16306e-007
ln_F(109,3)      -3.4317 9.30728e-007
ln_F(109,4)     -4.24828 1.06873e-006
ln_F(110,1)     -3.90298 7.67481e-007
ln_F(110,2)     -5.76928  1.1656e-007
ln_F(110,3)     -2.73274 4.56452e-007
ln_F(110,4)     -3.73136 9.04106e-007
ln_F(111,1)     -4.13035 -6.66846e-007
ln_F(111,2)     -5.21312 -2.26509e-006
ln_F(111,3)     -3.07726 -5.90247e-007
ln_F(111,4)     -4.22274 1.44721e-006
ln_F(112,1)     -3.12487 -3.97954e-007
ln_F(112,2)     -4.76143 -6.40034e-007
ln_F(112,3)     -3.19024 -5.73437e-007
ln_F(112,4)     -4.62342  8.9416e-007
ln_F(113,1)     -3.72792 2.66817e-007
ln_F(113,2)     -5.00856 -5.75924e-007
ln_F(113,3)     -3.60629 -4.62579e-007
ln_F(113,4)     -4.40822 6.45346e-007
ln_F(114,1)     -3.89338 -3.70569e-007
ln_F(114,2)      -5.6835 -8.62293e-007
ln_F(114,3)     -3.01954 1.41382e-008
ln_F(114,4)     -4.50386 -1.41773e-007
ln_F(115,1)     -3.58305 -2.48022e-007
ln_F(115,2)     -5.39907 -1.36074e-006
ln_F(115,3)     -2.98186 1.77354e-006
ln_F(115,4)     -4.65213 1.49395e-006
ln_F(116,1)     -3.91864 3.15377e-007
ln_F(116,2)     -5.45404 -1.99878e-006
ln_F(116,3)     -4.06308 -7.03037e-007
ln_F(116,4)     -4.57385 8.15464e-007
ln_F(117,1)     -3.96277 -3.54439e-009
ln_F(117,2)     -5.53229 -1.77481e-006
ln_F(117,3)     -4.46873 -8.67402e-007
ln_F(117,4)     -4.65963 2.07257e-007
ln_F(118,1)     -4.28389 -1.52414e-006
ln_F(118,2)     -7.32243 -1.44193e-006
ln_F(118,3)     -3.72685 -2.00358e-007
ln_F(118,4)     -4.62722 -7.57042e-007
ln_F(119,1)     -4.27073 2.10553e-007
ln_F(119,2)     -6.72957 -1.31112e-007
ln_F(119,3)     -3.89103 -9.55803e-007
ln_F(119,4)      -4.2713 7.27587e-007
ln_F(120,1)     -4.42838 -2.07437e-007
ln_F(120,2)     -6.04725 -1.05958e-006
ln_F(120,3)     -4.37483 8.27928e-007
ln_F(120,4)     -4.68584 8.66552e-007
ln_F(121,1)     -4.79563 -7.7832e-008
ln_F(121,2)     -6.77665 -7.93512e-007
ln_F(121,3)     -4.33356 -5.64002e-007
ln_F(121,4)     -4.32227 1.92867e-007
ln_F(122,1)     -4.88988 -2.13622e-007
ln_F(122,2)     -7.93084 1.34928e-007
ln_F(122,3)     -3.27047 -8.43707e-007
ln_F(122,4)     -3.82948 -2.02859e-007
ln_F(123,1)     -4.82052 5.32576e-007
ln_F(123,2)     -7.28634 -5.65642e-007
ln_F(123,3)      -3.4575 9.45187e-007
ln_F(123,4)     -4.15296 9.68991e-008
ln_F(124,1)     -4.60611 1.53578e-006
ln_F(124,2)     -6.94096  6.1983e-007
ln_F(124,3)     -3.71756 -3.86838e-007
ln_F(124,4)     -4.41704 1.48727e-006
ln_F(125,1)     -3.78777 1.39989e-007
ln_F(125,2)     -6.79356 5.55768e-007
ln_F(125,3)     -4.24878 8.35485e-007
ln_F(125,4)     -3.93763 6.27687e-007
ln_F(126,1)      -4.5835 -5.3944e-008
ln_F(126,2)     -7.49047 1.13283e-006
ln_F(126,3)     -3.22251 -4.34024e-007
ln_F(126,4)     -3.89922 3.00379e-007
ln_F(127,1)     -4.03796 -1.16958e-006
ln_F(127,2)     -7.06538 -5.53405e-007
ln_F(127,3)     -3.50826 -9.22425e-007
ln_F(127,4)     -4.29217  2.3178e-007
ln_F(128,1)     -3.51939 -4.17322e-007
ln_F(128,2)     -7.06194 -1.10562e-006
ln_F(128,3)      -3.1738 -1.1822e-006
ln_F(128,4)     -4.20716   1.194e-006
ln_F(129,1)     -3.70121 1.35649e-007
ln_F(129,2)     -7.52455 -1.65694e-006
ln_F(129,3)     -3.55012 -3.91776e-007
ln_F(129,4)     -4.00335  4.5904e-007
ln_F(130,1)     -3.84216 -1.14488e-006
ln_F(130,2)     -7.19121 -2.56559e-006
ln_F(130,3)     -2.70896 -7.26074e-007
ln_F(130,4)     -4.32194 9.21405e-007
ln_F(131,1)     -3.81427 -4.11843e-007
ln_F(131,2)     -6.32927 -1.14289e-006
ln_F(131,3)     -2.92426 -3.74638e-007
ln_F(131,4)     -4.13175 1.36193e-006
ln_F(132,1)     -3.97516 -1.25142e-006
ln_F(132,2)     -7.20847 -1.74293e-006
ln_F(132,3)     -3.19364 -2.53436e-007
ln_F(132,4)     -4.93119 1.00371e-006
ln_F(133,1)     -3.53332 -1.13391e-007
ln_F(133,2)     -7.07655 -7.19141e-007
ln_F(133,3)     -3.77633 -2.21649e-007
ln_F(133,4)     -4.69968 1.04436e-006
ln_F(134,1)     -3.87757 2.72341e-007
ln_F(134,2)     -6.76353 -3.93325e-007
ln_F(134,3)     -2.84521 -1.98339e-007
ln_F(134,4)     -3.97295 1.27061e-006
ln_F(135,1)     -3.51985 -9.74874e-007
ln_F(135,2)     -6.00246 -5.5977e-007
ln_F(135,3)     -2.62703 -2.96834e-007
ln_F(135,4)     -4.64346 6.43874e-007
ln_F(136,1)      -3.2317 2.79796e-007
ln_F(136,2)     -6.42042 2.22068e-008
ln_F(136,3)      -2.8016 1.28648e-006
ln_F(136,4)     -2.93381 -3.76638e-007
ln_F(137,1)     -3.60564 1.21198e-006
ln_F(137,2)     -6.37938 1.05137e-006
ln_F(137,3)     -3.62137 5.46676e-008
ln_F(137,4)     -4.14302 1.06716e-006
ln_F(138,1)       -3.438 1.00912e-006
ln_F(138,2)     -7.50264 1.04416e-006
ln_F(138,3)     -3.04552 7.41671e-009
ln_F(138,4)     -4.07481 3.83579e-007
ln_F(139,1)     -3.35734 5.66911e-007
ln_F(139,2)     -6.48529 -6.22854e-007
ln_F(139,3)      -2.9231 1.53981e-006
ln_F(139,4)     -3.65875 8.15874e-007
ln_F(140,1)     -3.29291 4.83347e-007
ln_F(140,2)     -6.33224 -9.21794e-007
ln_F(140,3)     -2.47892 5.33722e-007
ln_F(140,4)     -3.54372 6.23569e-007
ln_F(141,1)     -3.77424  1.1147e-006
ln_F(141,2)     -6.85889 -3.50105e-008
ln_F(141,3)     -3.36686 2.32418e-007
ln_F(141,4)     -4.29354 1.13104e-006
ln_F(142,1)     -3.62172 -2.59845e-007
ln_F(142,2)     -8.25798 -1.60306e-007
ln_F(142,3)     -2.57528 -2.91218e-007
ln_F(142,4)     -3.85533 7.97599e-008
ln_F(143,1)     -2.69942 1.38589e-007
ln_F(143,2)     -6.45121 1.13709e-006
ln_F(143,3)     -2.73349 -4.44215e-007
ln_F(143,4)     -3.45615 1.67982e-006
ln_F(144,1)     -2.80403 2.20305e-006
ln_F(144,2)     -6.23867 2.28004e-006
ln_F(144,3)     -2.63755 1.11506e-007
ln_F(144,4)       -4.009   2.122e-006
ln_F(145,1)     -2.68306 9.92998e-007
ln_F(145,2)     -6.72046 1.84599e-006
ln_F(145,3)     -3.27045 4.26218e-007
ln_F(145,4)     -3.77346 1.62654e-006
ln_F(146,1)     -2.72399 1.33719e-006
ln_F(146,2)     -8.27768  1.0977e-006
ln_F(146,3)     -2.66841  1.4182e-006
ln_F(146,4)     -4.09407 1.30036e-006
ln_F(147,1)     -2.43181 6.12942e-007
ln_F(147,2)     -6.42552 -4.05877e-007
ln_F(147,3)     -2.87824 4.66977e-007
ln_F(147,4)     -4.11363 9.47051e-007
ln_F(148,1)     -2.23756 -2.03782e-007
ln_F(148,2)     -6.29192 -1.36696e-006
ln_F(148,3)      -2.8955 8.34887e-007
ln_F(148,4)     -4.49712 1.07099e-006
ln_F(149,1)     -3.59335  1.9833e-007
ln_F(149,2)     -6.93942 -1.01414e-006
ln_F(149,3)     -3.51548 2.85152e-007
ln_F(149,4)      -4.6987 5.06882e-007
ln_F(150,1)     -3.51153 -2.9191e-007
ln_F(150,2)     -7.97939 -2.29058e-007
ln_F(150,3)      -3.0334 5.59218e-008
ln_F(150,4)     -4.67015 1.30011e-006
ln_F(151,1)     -3.37692 -1.48166e-007
ln_F(151,2)     -6.55365 -7.29481e-007
ln_F(151,3)      -2.8441 5.80955e-007
ln_F(151,4)     -3.74156 1.53455e-006
ln_F(152,1)     -5.91806 -1.05426e-006
ln_F(152,2)     -7.13665 9.31079e-007
ln_F(152,3)     -8.06962 3.39797e-007
ln_F(152,4)     -6.40201 8.03838e-009
ln_F(153,1)     -5.40292 -1.39671e-006
ln_F(153,2)     -6.43875 1.14317e-006
ln_F(153,3)     -7.59742 1.06105e-006
ln_F(153,4)     -6.40201 8.03838e-009
ln_F(154,1)     -6.17294 -1.04497e-006
ln_F(154,2)     -7.64304 -9.85003e-007
ln_F(154,3)     -7.33268 -1.06138e-006
ln_F(154,4)     -6.40201 8.03838e-009
ln_F(155,1)     -5.58305 -2.6044e-006
ln_F(155,2)     -7.35393 -2.78919e-006
ln_F(155,3)     -7.78161 -8.04518e-007
ln_F(155,4)     -6.40201 8.03838e-009
ln_F(156,1)     -6.20134 -1.60371e-006
ln_F(156,2)     -6.93869 -2.11904e-007
ln_F(156,3)     -8.04945 1.52406e-007
ln_F(156,4)     -6.40201 8.03838e-009
ln_F(157,1)     -5.45573 -2.2183e-007
ln_F(157,2)     -6.23032 7.21221e-007
ln_F(157,3)     -7.72702 3.68795e-007
ln_F(157,4)     -6.40201 8.03838e-009
ln_F(158,1)     -5.76673 8.96847e-007
ln_F(158,2)     -7.15589 1.17207e-007
ln_F(158,3)     -7.54205 -1.29578e-007
ln_F(158,4)     -6.40201 8.03838e-009
ln_F(159,1)     -5.50164 -6.78381e-009
ln_F(159,2)     -6.86063  6.6577e-007
ln_F(159,3)     -7.51615 1.25161e-006
ln_F(159,4)     -6.40201 8.03838e-009
ln_F(160,1)     -5.30433 7.99322e-010
ln_F(160,2)     -6.57575 -6.45093e-007
ln_F(160,3)     -7.61247 7.75038e-007
ln_F(160,4)     -6.40201 8.03838e-009
ln_F(161,1)     -4.64292  -6.784e-007
ln_F(161,2)     -6.38251 1.70375e-007
ln_F(161,3)     -7.28429 2.59966e-006
ln_F(161,4)     -6.40201 8.03838e-009
ln_F(162,1)     -5.58461 5.55664e-007
ln_F(162,2)      -7.4637 6.19428e-007
ln_F(162,3)     -7.18702 1.38256e-006
ln_F(162,4)     -6.40201 8.03838e-009
ln_F(163,1)     -5.51647 2.87859e-007
ln_F(163,2)     -7.00258 1.57575e-006
ln_F(163,3)     -7.31168 2.20756e-006
ln_F(163,4)     -6.40201 8.03838e-009
ln_F(164,1)     -4.81615 1.08961e-006
ln_F(164,2)     -7.12919  1.0247e-006
ln_F(164,3)      -7.5916 9.78592e-007
ln_F(164,4)     -6.40201 8.03838e-009
ln_F(165,1)     -4.82168 6.97416e-007
ln_F(165,2)     -6.81977 1.14906e-006
ln_F(165,3)      -7.4335 7.43793e-007
ln_F(165,4)     -6.40201 8.03838e-009
ln_F(166,1)     -5.57939 1.25998e-006
ln_F(166,2)     -7.28291 1.80137e-006
ln_F(166,3)     -7.31425 2.40994e-006
ln_F(166,4)     -6.40201 8.03838e-009
ln_F(167,1)     -5.68597 1.31342e-006
ln_F(167,2)     -7.14939  2.8729e-006
ln_F(167,3)     -6.90128  1.3884e-007
ln_F(167,4)     -6.40201 8.03838e-009
ln_F(168,1)     -5.07823 1.15587e-006
ln_F(168,2)     -7.35945 3.35798e-007
ln_F(168,3)     -7.38801 -6.1815e-007
ln_F(168,4)     -6.40201 8.03838e-009
ln_F(169,1)     -5.57089 -4.00898e-007
ln_F(169,2)     -7.19215 -5.54139e-007
ln_F(169,3)     -6.96898 -2.31262e-007
ln_F(169,4)     -6.40201 8.03838e-009
ln_F(170,1)     -5.73244 -1.03941e-006
ln_F(170,2)     -7.12719 -4.84169e-007
ln_F(170,3)     -6.92219 8.71754e-007
ln_F(170,4)     -6.40201 8.03838e-009
ln_F(171,1)     -6.09876 -4.97776e-007
ln_F(171,2)     -6.67367 2.59285e-007
ln_F(171,3)     -7.03438 -8.25625e-007
ln_F(171,4)     -6.40201 8.03838e-009
ln_F(172,1)     -5.82801 -4.61025e-007
ln_F(172,2)     -7.48971 -8.66318e-007
ln_F(172,3)     -7.47963 -1.79962e-006
ln_F(172,4)     -6.40201 8.03838e-009
ln_F(173,1)     -5.13814 -2.02683e-006
ln_F(173,2)     -7.01762 -1.13936e-006
ln_F(173,3)     -6.87969 -8.60113e-007
ln_F(173,4)     -6.40201 8.03838e-009
ln_F(174,1)     -5.70301 -4.54336e-007
ln_F(174,2)     -7.20853 -6.14583e-007
ln_F(174,3)     -6.85221 -5.5182e-008
ln_F(174,4)     -6.40201 8.03838e-009
ln_F(175,1)     -5.58987 3.23155e-007
ln_F(175,2)     -6.80464 -1.73221e-007
ln_F(175,3)     -6.84849 4.49898e-007
ln_F(175,4)     -6.40201 8.03838e-009
ln_F(176,1)     -4.93683 -4.93052e-007
ln_F(176,2)     -7.33859 -9.31051e-008
ln_F(176,3)     -7.22725 2.38899e-007
ln_F(176,4)     -6.40201 8.03838e-009
ln_F(177,1)     -5.04883 5.31297e-008
ln_F(177,2)     -7.09958 -4.17148e-007
ln_F(177,3)     -6.58894 1.42935e-006
ln_F(177,4)     -6.40201 8.03838e-009
ln_F(178,1)      -5.6647  3.1477e-007
ln_F(178,2)     -7.04266 -6.99404e-007
ln_F(178,3)     -6.60494 -3.64391e-007
ln_F(178,4)     -6.40201 8.03838e-009
ln_F(179,1)     -5.65211 -9.13886e-007
ln_F(179,2)     -6.48034 3.12691e-007
ln_F(179,3)     -6.49202 -7.56256e-007
ln_F(179,4)     -6.40201 8.03838e-009
ln_F(180,1)     -5.50396 9.84858e-007
ln_F(180,2)     -6.89623 -5.00292e-007
ln_F(180,3)     -7.26882 -2.71286e-007
ln_F(180,4)     -6.40201 8.03838e-009
ln_F(181,1)     -4.44214 1.22795e-006
ln_F(181,2)     -6.62544 4.49639e-007
ln_F(181,3)     -7.21648 1.62863e-006
ln_F(181,4)     -6.40201 8.03838e-009
ln_F(182,1)     -5.32527 6.29768e-007
ln_F(182,2)      -7.4049 6.86845e-007
ln_F(182,3)      -7.1497  6.8694e-007
ln_F(182,4)     -6.40201 8.03838e-009
ln_F(183,1)     -5.72449 -1.25863e-008
ln_F(183,2)     -6.37751 -8.62643e-007
ln_F(183,3)     -8.16902 5.28622e-007
ln_F(183,4)     -6.40201 8.03838e-009
ln_F(184,1)     -5.49993 4.01184e-007
ln_F(184,2)     -7.53726 -7.51413e-007
ln_F(184,3)     -7.76839 -1.38773e-007
ln_F(184,4)     -6.40201 8.03838e-009
ln_F(185,1)     -4.71123 -1.02125e-006
ln_F(185,2)      -6.8757 -1.05077e-006
ln_F(185,3)     -7.09045 -2.90445e-007
ln_F(185,4)     -6.40201 8.03838e-009
ln_F(186,1)     -5.66318 7.36453e-007
ln_F(186,2)     -7.01321 -2.83768e-008
ln_F(186,3)     -7.11433 -4.89143e-007
ln_F(186,4)     -6.40201 8.03838e-009
ln_F(187,1)     -4.91549 -2.27023e-007
ln_F(187,2)     -6.25202 6.95931e-007
ln_F(187,3)     -7.01977 4.50884e-007
ln_F(187,4)     -6.40201 8.03838e-009
ln_F(188,1)     -4.80734 9.42265e-007
ln_F(188,2)     -6.97002  1.5407e-006
ln_F(188,3)     -7.59447   6.598e-007
ln_F(188,4)     -6.40201 8.03838e-009
ln_F(189,1)     -4.64942 9.75956e-007
ln_F(189,2)     -7.14294 6.08207e-008
ln_F(189,3)     -7.24872 2.13345e-006
ln_F(189,4)     -6.40201 8.03838e-009
ln_F(190,1)     -5.07407 1.24659e-006
ln_F(190,2)      -7.0185 9.34871e-007
ln_F(190,3)     -7.19749 1.79995e-006
ln_F(190,4)     -6.40201 8.03838e-009
ln_F(191,1)     -4.98806 2.16465e-006
ln_F(191,2)     -5.91431 3.46102e-007
ln_F(191,3)     -6.98999 2.66273e-006
ln_F(191,4)     -6.40201 8.03838e-009
ln_F(192,1)     -5.00521 2.58423e-007
ln_F(192,2)     -6.65392 -1.5139e-006
ln_F(192,3)     -7.68314 1.07393e-006
ln_F(192,4)     -6.40201 8.03838e-009
ln_F(193,1)      -4.8959 -6.18393e-007
ln_F(193,2)      -6.6731 2.50554e-007
ln_F(193,3)     -7.12852 3.89954e-007
ln_F(193,4)     -6.40201 8.03838e-009
ln_F(194,1)     -5.19214 -1.7959e-007
ln_F(194,2)     -6.62724 -1.62337e-006
ln_F(194,3)     -6.95342 -3.7477e-007
ln_F(194,4)     -6.40201 8.03838e-009
ln_F(195,1)     -5.13862 -9.46042e-008
ln_F(195,2)     -5.27081 -5.23642e-007
ln_F(195,3)     -6.08403 -1.18198e-006
ln_F(195,4)     -6.40201 8.03838e-009
ln_F(196,1)     -5.47776 -1.38546e-007
ln_F(196,2)     -5.90688 -1.35614e-006
ln_F(196,3)     -7.11577 2.25918e-007
ln_F(196,4)     -6.40201 8.03838e-009
ln_F(197,1)     -4.99493 -1.36631e-006
ln_F(197,2)     -6.07002 -1.41842e-006
ln_F(197,3)     -7.03599 -3.06041e-009
ln_F(197,4)     -6.40201 8.03838e-009
ln_F(198,1)     -4.16721 -5.74082e-007
ln_F(198,2)     -4.93442 -1.39168e-006
ln_F(198,3)     -6.62768 5.21434e-007
ln_F(198,4)     -6.40201 8.03838e-009
ln_F(199,1)     -4.76109 6.18531e-007
ln_F(199,2)     -4.75606 -9.53722e-007
ln_F(199,3)     -6.61518 6.60362e-008
ln_F(199,4)     -6.40201 8.03838e-009
ln_F(200,1)     -5.36154 2.11226e-007
ln_F(200,2)     -6.83676 7.15623e-009
ln_F(200,3)     -7.12893 -4.57091e-007
ln_F(200,4)     -6.40201 8.03838e-009
ln_F(201,1)     -4.85377 -7.64335e-007
ln_F(201,2)     -4.99936 -4.93726e-007
ln_F(201,3)     -7.00415 -9.33476e-007
ln_F(201,4)     -6.40201 8.03838e-009
ln_F(202,1)     -5.26269 -4.1071e-007
ln_F(202,2)     -5.86899 -4.26825e-007
ln_F(202,3)     -6.87131 -8.84011e-007
ln_F(202,4)     -6.40201 8.03838e-009
ln_F(203,1)     -5.35025 -5.94722e-007
ln_F(203,2)     -4.82695  6.6707e-007
ln_F(203,3)      -6.7322 7.56137e-007
ln_F(203,4)     -6.40201 8.03838e-009
ln_F(204,1)     -5.23364 3.03722e-007
ln_F(204,2)     -6.39645 4.01231e-007
ln_F(204,3)     -7.17074 5.63547e-007
ln_F(204,4)     -6.40201 8.03838e-009
ln_F(205,1)     -4.80821 3.96137e-008
ln_F(205,2)     -5.44454 -3.70446e-007
ln_F(205,3)     -6.48167 -2.98983e-007
ln_F(205,4)     -6.40201 8.03838e-009
ln_F(206,1)     -4.98716 -4.89445e-007
ln_F(206,2)     -6.28308 2.65308e-007
ln_F(206,3)      -6.1988 -3.17793e-007
ln_F(206,4)     -6.40201 8.03838e-009
ln_F(207,1)     -4.88397 3.11108e-007
ln_F(207,2)     -6.02545 -1.91539e-007
ln_F(207,3)     -6.60149 1.82017e-006
ln_F(207,4)     -6.40201 8.03838e-009
ln_F(208,1)     -4.85427 3.61578e-007
ln_F(208,2)     -5.05169 -3.79138e-007
ln_F(208,3)     -6.92128  1.5128e-006
ln_F(208,4)     -6.40201 8.03838e-009
ln_F(209,1)     -4.68425 5.21862e-007
ln_F(209,2)     -4.94448 -8.25024e-007
ln_F(209,3)     -6.38256 1.57518e-006
ln_F(209,4)     -6.40201 8.03838e-009
ln_F(210,1)     -4.90823 1.03473e-006
ln_F(210,2)     -4.56407 -7.77887e-007
ln_F(210,3)     -6.34272 5.83494e-007
ln_F(210,4)     -6.40201 8.03838e-009
ln_F(211,1)     -4.62502  1.0995e-007
ln_F(211,2)     -5.21268 -9.03758e-007
ln_F(211,3)     -6.19168 -2.48341e-007
ln_F(211,4)     -6.40201 8.03838e-009
ln_F(212,1)     -4.58656 6.31801e-007
ln_F(212,2)     -5.32015 -1.31719e-006
ln_F(212,3)      -6.4729 4.99953e-007
ln_F(212,4)     -6.40201 8.03838e-009
ln_F(213,1)     -4.35819 4.75672e-007
ln_F(213,2)     -5.34248 -9.05277e-008
ln_F(213,3)     -6.09092 2.03661e-008
ln_F(213,4)     -6.40201 8.03838e-009
ln_F(214,1)     -4.32486 -1.63184e-007
ln_F(214,2)     -4.62311 -5.84967e-007
ln_F(214,3)     -5.25744 -5.81511e-007
ln_F(214,4)     -6.40201 8.03838e-009
ln_F(215,1)     -4.17914 -4.9541e-007
ln_F(215,2)     -4.24336 -9.11408e-007
ln_F(215,3)     -5.10014 -1.98835e-007
ln_F(215,4)     -6.40201 8.03838e-009
ln_F(216,1)     -4.12854 -1.28371e-007
ln_F(216,2)     -4.97821 5.19914e-008
ln_F(216,3)     -5.57241 5.72134e-007
ln_F(216,4)     -6.40201 8.03838e-009
ln_F(217,1)     -3.85499 6.31807e-007
ln_F(217,2)      -4.6061 -1.25873e-007
ln_F(217,3)      -5.0888 6.17797e-007
ln_F(217,4)     -6.40201 8.03838e-009
ln_F(218,1)     -3.84194  1.8408e-007
ln_F(218,2)     -4.10603 -2.05736e-007
ln_F(218,3)     -4.78338 3.49038e-007
ln_F(218,4)     -6.40201 8.03838e-009
ln_F(219,1)     -3.82599 7.61122e-007
ln_F(219,2)     -4.53319 -1.44332e-006
ln_F(219,3)     -4.94867 1.68812e-008
ln_F(219,4)     -6.40201 8.03838e-009
ln_F(220,1)     -3.83727 7.20946e-007
ln_F(220,2)      -5.7062 -4.01214e-007
ln_F(220,3)     -4.96822 9.39744e-007
ln_F(220,4)     -6.40201 8.03838e-009
ln_F(221,1)     -3.68903 6.75009e-007
ln_F(221,2)     -4.86169 6.28094e-008
ln_F(221,3)     -5.00515 7.18094e-007
ln_F(221,4)     -6.40201 8.03838e-009
ln_F(222,1)     -4.00364 6.37494e-007
ln_F(222,2)     -3.98194 -5.2464e-007
ln_F(222,3)     -4.78266  1.1862e-006
ln_F(222,4)     -6.40201 8.03838e-009
ln_F(223,1)     -3.92906 8.00227e-007
ln_F(223,2)     -3.79064 3.18576e-007
ln_F(223,3)     -5.07073 -2.72815e-007
ln_F(223,4)     -6.40201 8.03838e-009
ln_F(224,1)     -4.01839  3.7587e-007
ln_F(224,2)     -6.58535 5.30304e-007
ln_F(224,3)     -5.57556  6.5414e-007
ln_F(224,4)     -6.40201 8.03838e-009
ln_F(225,1)      -3.8582 2.21408e-007
ln_F(225,2)      -4.9443 -5.0809e-007
ln_F(225,3)     -5.39149 9.91828e-007
ln_F(225,4)     -6.40201 8.03838e-009
ln_F(226,1)     -4.17688 -7.61659e-008
ln_F(226,2)     -4.18629 -3.31132e-007
ln_F(226,3)     -4.94926 1.80444e-007
ln_F(226,4)     -6.40201 8.03838e-009
ln_F(227,1)     -4.23888 -1.12615e-007
ln_F(227,2)     -4.38077 -1.30716e-006
ln_F(227,3)     -5.31583 3.98437e-007
ln_F(227,4)     -6.40201 8.03838e-009
ln_F(228,1)     -4.35901 -3.19885e-007
ln_F(228,2)     -6.59589 -1.22338e-006
ln_F(228,3)     -5.70292 -5.67469e-008
ln_F(228,4)     -6.40201 8.03838e-009
ln_F(229,1)     -4.28795 -8.82752e-007
ln_F(229,2)     -4.74085 -9.59657e-007
ln_F(229,3)     -5.79194 -6.07824e-007
ln_F(229,4)     -6.40201 8.03838e-009
ln_F(230,1)     -4.43652 -4.70352e-007
ln_F(230,2)     -4.15313 -1.2562e-006
ln_F(230,3)      -4.8692 -5.21183e-007
ln_F(230,4)     -6.40201 8.03838e-009
ln_F(231,1)     -4.56053 2.87197e-008
ln_F(231,2)     -4.24726 -5.75522e-007
ln_F(231,3)     -4.03797 -8.56953e-007
ln_F(231,4)     -6.40201 8.03838e-009
ln_F(232,1)     -4.66528 -3.65164e-007
ln_F(232,2)     -5.28319 6.84795e-007
ln_F(232,3)     -5.61094 2.89737e-007
ln_F(232,4)     -6.40201 8.03838e-009
ln_F(233,1)     -4.43291 2.36023e-008
ln_F(233,2)     -5.80879 3.60761e-007
ln_F(233,3)     -5.48824 1.79901e-006
ln_F(233,4)     -6.40201 8.03838e-009
ln_F(234,1)     -4.49902 8.26873e-007
ln_F(234,2)     -4.40879 -8.42808e-008
ln_F(234,3)     -4.46265 6.43224e-007
ln_F(234,4)     -6.40201 8.03838e-009
ln_F(235,1)     -4.21065 1.04955e-007
ln_F(235,2)     -4.27264 -2.94244e-007
ln_F(235,3)     -4.37461 -5.42364e-007
ln_F(235,4)     -6.40201 8.03838e-009
ln_F(236,1)     -4.19429 6.08408e-007
ln_F(236,2)     -5.10767 -5.22013e-007
ln_F(236,3)     -5.11275 1.27998e-007
ln_F(236,4)     -6.40201 8.03838e-009
ln_F(237,1)     -4.05128 -2.76377e-008
ln_F(237,2)     -5.10252 4.09519e-007
ln_F(237,3)     -5.10327 -8.9564e-007
ln_F(237,4)     -6.40201 8.03838e-009
ln_F(238,1)     -4.36215 1.00208e-006
ln_F(238,2)     -4.11544 -8.18354e-007
ln_F(238,3)     -5.07698 3.81195e-007
ln_F(238,4)     -6.40201 8.03838e-009
ln_F(239,1)     -4.50656 8.95639e-007
ln_F(239,2)     -4.40893 3.94204e-007
ln_F(239,3)     -5.03594 8.08101e-007
ln_F(239,4)     -6.40201 8.03838e-009
ln_F(240,1)     -4.70493 9.78865e-007
ln_F(240,2)       -4.709 7.65701e-007
ln_F(240,3)     -5.63408  1.3919e-006
ln_F(240,4)     -6.40201 8.03838e-009
ln_F(241,1)     -4.36164 4.64723e-007
ln_F(241,2)     -5.12205 7.55239e-007
ln_F(241,3)     -5.34112 1.00781e-006
ln_F(241,4)     -6.40201 8.03838e-009
ln_F(242,1)     -4.43041 6.36393e-007
ln_F(242,2)     -5.03408 1.67551e-008
ln_F(242,3)      -5.0702 7.19535e-007
ln_F(242,4)     -6.40201 8.03838e-009
ln_F(243,1)     -4.66907 4.26753e-007
ln_F(243,2)      -4.4884 -8.52433e-007
ln_F(243,3)      -5.2331 1.15524e-008
ln_F(243,4)     -6.40201 8.03838e-009
ln_F(244,1)     -4.69863 5.14553e-007
ln_F(244,2)     -5.37379 -6.9411e-008
ln_F(244,3)     -5.53338 3.94731e-007
ln_F(244,4)     -6.40201 8.03838e-009
ln_F(245,1)     -4.51775 -5.33749e-008
ln_F(245,2)     -5.31271 -1.45461e-006
ln_F(245,3)     -5.40746 1.36347e-007
ln_F(245,4)     -6.40201 8.03838e-009
ln_F(246,1)     -4.74077 7.39508e-007
ln_F(246,2)     -5.31116 9.16973e-007
ln_F(246,3)     -5.33008 8.97806e-007
ln_F(246,4)     -6.40201 8.03838e-009
ln_F(247,1)     -4.33338  5.2294e-008
ln_F(247,2)     -4.75137 1.25728e-008
ln_F(247,3)     -4.72215 1.13403e-006
ln_F(247,4)     -6.40201 8.03838e-009
ln_F(248,1)     -4.56539 -2.49794e-007
ln_F(248,2)       -5.526 8.39248e-007
ln_F(248,3)     -5.76956 -7.28508e-007
ln_F(248,4)     -6.40201 8.03838e-009
ln_F(249,1)     -4.28608 -4.7535e-007
ln_F(249,2)     -5.86033 4.30898e-007
ln_F(249,3)     -5.56047 -6.3784e-007
ln_F(249,4)     -6.40201 8.03838e-009
ln_F(250,1)     -4.45403 -2.2861e-007
ln_F(250,2)     -4.64552  4.3415e-007
ln_F(250,3)     -5.43969 1.40321e-006
ln_F(250,4)     -6.40201 8.03838e-009
ln_F(251,1)     -4.20669 1.48891e-006
ln_F(251,2)     -4.73297 3.87538e-007
ln_F(251,3)     -4.74147 1.71644e-006
ln_F(251,4)     -6.40201 8.03838e-009
ln_F(252,1)     -4.33501 1.02929e-006
ln_F(252,2)     -5.88636 1.13441e-007
ln_F(252,3)     -5.32912 1.52249e-006
ln_F(252,4)     -6.40201 8.03838e-009
ln_F(253,1)     -3.97679 1.35539e-006
ln_F(253,2)     -5.51374 5.01354e-007
ln_F(253,3)     -4.94964 9.87538e-007
ln_F(253,4)     -6.40201 8.03838e-009
ln_F(254,1)     -4.26557 1.48048e-006
ln_F(254,2)     -5.32432 1.90506e-006
ln_F(254,3)     -5.14291 1.24214e-006
ln_F(254,4)     -6.40201 8.03838e-009
ln_F(255,1)     -4.56255 1.04046e-006
ln_F(255,2)      -4.7912  1.4831e-006
ln_F(255,3)     -4.97696  2.3258e-006
ln_F(255,4)     -6.40201 8.03838e-009
ln_F(256,1)     -4.79059 8.14889e-007
ln_F(256,2)     -5.61733 1.28674e-006
ln_F(256,3)     -5.46354 9.97775e-007
ln_F(256,4)     -6.40201 8.03838e-009
ln_F(257,1)     -4.29874 1.02058e-006
ln_F(257,2)     -4.93958 -1.3171e-007
ln_F(257,3)     -5.49618 3.00661e-006
ln_F(257,4)     -6.40201 8.03838e-009
ln_F(258,1)     -3.95468 1.12439e-006
ln_F(258,2)     -4.96896 -3.50396e-007
ln_F(258,3)     -5.00601 9.40557e-007
ln_F(258,4)     -6.40201 8.03838e-009
ln_F(259,1)     -4.05529 1.17812e-006
ln_F(259,2)     -4.14183 -5.17485e-007
ln_F(259,3)     -4.97854  3.3622e-007
ln_F(259,4)     -6.40201 8.03838e-009
ln_F(260,1)     -4.04446 -4.39193e-007
ln_F(260,2)     -5.32149 -6.35213e-007
ln_F(260,3)     -4.86003 -6.16639e-007
ln_F(260,4)     -6.40201 8.03838e-009
ln_F(261,1)     -3.91402 -7.47329e-008
ln_F(261,2)     -4.76263 -1.31233e-006
ln_F(261,3)     -5.11757 2.09766e-007
ln_F(261,4)     -6.40201 8.03838e-009
ln_F(262,1)     -3.86372 4.08776e-007
ln_F(262,2)     -5.12872 -9.96109e-007
ln_F(262,3)     -4.61322 -3.6034e-007
ln_F(262,4)     -6.40201 8.03838e-009
ln_F(263,1)     -4.26146 -4.30462e-007
ln_F(263,2)     -4.81324 -4.96978e-007
ln_F(263,3)     -4.38897 4.61826e-007
ln_F(263,4)     -6.40201 8.03838e-009
ln_F(264,1)     -3.99944 3.92543e-007
ln_F(264,2)     -5.77948 -4.43714e-007
ln_F(264,3)      -4.0485 3.10944e-007
ln_F(264,4)     -6.40201 8.03838e-009
ln_F(265,1)      -4.1782 3.13019e-007
ln_F(265,2)     -4.96173 -7.36054e-007
ln_F(265,3)     -4.28819 1.25493e-006
ln_F(265,4)     -6.40201 8.03838e-009
ln_F(266,1)      -4.1443 -3.63729e-007
ln_F(266,2)     -4.47414 -5.15763e-008
ln_F(266,3)     -4.22275 -8.1578e-007
ln_F(266,4)     -6.40201 8.03838e-009
ln_F(267,1)     -3.77786 -1.42718e-006
ln_F(267,2)     -4.52727 -3.1654e-007
ln_F(267,3)      -4.4685 2.52231e-007
ln_F(267,4)     -6.40201 8.03838e-009
ln_F(268,1)     -4.05983 6.94245e-007
ln_F(268,2)     -6.17879 3.87805e-007
ln_F(268,3)     -4.71716 9.24916e-007
ln_F(268,4)     -6.40201 8.03838e-009
ln_F(269,1)      -4.2134 8.41982e-007
ln_F(269,2)     -5.67201 1.52364e-006
ln_F(269,3)     -4.95111 5.88104e-007
ln_F(269,4)     -6.40201 8.03838e-009
ln_F(270,1)      -4.2696 3.44381e-007
ln_F(270,2)     -4.77296 8.69163e-008
ln_F(270,3)      -4.7116 8.70614e-007
ln_F(270,4)     -6.40201 8.03838e-009
ln_F(271,1)      -4.3566 -4.33834e-007
ln_F(271,2)     -4.75737 -8.29257e-007
ln_F(271,3)     -4.76613 3.34058e-007
ln_F(271,4)     -6.40201 8.03838e-009
ln_F(272,1)      -5.4852 -2.71815e-007
ln_F(272,2)     -6.47586 3.66451e-008
ln_F(272,3)     -5.38395 2.11473e-007
ln_F(272,4)     -6.40201 8.03838e-009
ln_F(273,1)     -5.51898 -2.9027e-007
ln_F(273,2)     -6.86694 -6.00892e-008
ln_F(273,3)     -5.29245  7.7371e-007
ln_F(273,4)     -6.40201 8.03838e-009
ln_F(274,1)     -5.53966 2.73882e-007
ln_F(274,2)     -5.08209 -5.01102e-007
ln_F(274,3)     -5.06653 -6.72192e-007
ln_F(274,4)     -6.40201 8.03838e-009
ln_F(275,1)     -5.72709 -3.29213e-008
ln_F(275,2)     -5.35649 -1.51032e-006
ln_F(275,3)     -5.17493 -7.59777e-007
ln_F(275,4)     -6.40201 8.03838e-009
ln_F(276,1)     -5.29562 -1.19081e-006
ln_F(276,2)     -6.78775 -3.61534e-008
ln_F(276,3)     -4.82192 -6.02148e-007
ln_F(276,4)     -6.40201 8.03838e-009
ln_F(277,1)      -5.2806 1.10014e-007
ln_F(277,2)      -6.5094 -1.14923e-006
ln_F(277,3)      -4.8975 -3.27488e-007
ln_F(277,4)     -6.40201 8.03838e-009
ln_F(278,1)     -5.29982 -1.38257e-007
ln_F(278,2)     -5.23617 -3.82251e-007
ln_F(278,3)     -4.79976 1.25778e-007
ln_F(278,4)     -6.40201 8.03838e-009
ln_F(279,1)     -4.95516 3.08931e-007
ln_F(279,2)     -5.00277 -3.76112e-008
ln_F(279,3)     -4.56324 -2.9087e-007
ln_F(279,4)     -6.40201 8.03838e-009
ln_F(280,1)     -5.03343 -2.07764e-007
ln_F(280,2)     -6.59247  6.1038e-007
ln_F(280,3)     -4.78475 -4.39753e-009
ln_F(280,4)     -6.40201 8.03838e-009
ln_F(281,1)     -4.88984 8.70096e-007
ln_F(281,2)      -6.6827 1.28716e-006
ln_F(281,3)     -4.85992 -2.17784e-007
ln_F(281,4)     -6.40201 8.03838e-009
ln_F(282,1)     -4.76775 1.99481e-006
ln_F(282,2)     -4.99756 -2.91132e-007
ln_F(282,3)      -4.5193 9.76608e-007
ln_F(282,4)     -6.40201 8.03838e-009
ln_F(283,1)     -4.88733 9.71858e-007
ln_F(283,2)     -4.42071 4.64846e-007
ln_F(283,3)     -4.48878 1.12686e-006
ln_F(283,4)     -6.40201 8.03838e-009
ln_F(284,1)     -4.81808 1.41884e-006
ln_F(284,2)     -6.37791  1.2465e-006
ln_F(284,3)     -4.87561 1.60124e-007
ln_F(284,4)     -6.40201 8.03838e-009
ln_F(285,1)     -4.83464 1.40623e-006
ln_F(285,2)     -6.79585 1.12596e-006
ln_F(285,3)     -4.74717 -6.70579e-008
ln_F(285,4)     -6.40201 8.03838e-009
ln_F(286,1)     -4.76047 2.87978e-007
ln_F(286,2)         -5.9 1.02011e-006
ln_F(286,3)     -4.75208 7.34418e-007
ln_F(286,4)     -6.40201 8.03838e-009
ln_F(287,1)     -4.23727 1.86877e-006
ln_F(287,2)     -4.23037 1.72472e-007
ln_F(287,3)     -4.45992 1.53981e-006
ln_F(287,4)     -6.40201 8.03838e-009
ln_F(288,1)      -4.1457 1.16527e-006
ln_F(288,2)     -5.40923 -9.5481e-008
ln_F(288,3)     -4.60083 -2.21301e-007
ln_F(288,4)     -6.40201 8.03838e-009
ln_F(289,1)     -4.22998 -1.3048e-006
ln_F(289,2)     -6.01782 -1.01752e-006
ln_F(289,3)     -4.64248 -3.8084e-007
ln_F(289,4)     -6.40201 8.03838e-009
ln_F(290,1)      -4.3253 -1.71065e-006
ln_F(290,2)     -6.87618 7.42983e-007
ln_F(290,3)     -4.63316 -4.76968e-007
ln_F(290,4)     -6.40201 8.03838e-009
ln_F(291,1)     -4.50537 -8.13263e-007
ln_F(291,2)     -5.54233  5.7593e-007
ln_F(291,3)     -5.01868  1.7828e-007
ln_F(291,4)     -6.40201 8.03838e-009
ln_F(292,1)     -4.45465 -5.04877e-007
ln_F(292,2)     -5.56274 9.08748e-007
ln_F(292,3)      -5.0074 -1.83953e-006
ln_F(292,4)     -6.40201 8.03838e-009
ln_F(293,1)     -4.35443 3.12365e-007
ln_F(293,2)     -4.90264 3.64694e-007
ln_F(293,3)     -4.90096 -2.53687e-007
ln_F(293,4)     -6.40201 8.03838e-009
ln_F(294,1)      -3.2227 -5.54966e-007
ln_F(294,2)     -4.46012 -5.17892e-007
ln_F(294,3)     -4.43007 -2.36618e-006
ln_F(294,4)     -6.40201 8.03838e-009
ln_F(295,1)      -3.5575 -8.71072e-007
ln_F(295,2)      -4.8391 -1.76368e-006
ln_F(295,3)     -4.82249 -2.32215e-006
ln_F(295,4)     -6.40201 8.03838e-009
ln_F(296,1)     -3.67569 -1.09325e-006
ln_F(296,2)     -6.21589 -6.06445e-007
ln_F(296,3)     -4.90499 -2.15032e-006
ln_F(296,4)     -6.40201 8.03838e-009
ln_F(297,1)     -3.72031 -6.38569e-007
ln_F(297,2)     -4.99475 -1.38863e-006
ln_F(297,3)     -5.14475 -9.12466e-007
ln_F(297,4)     -6.40201 8.03838e-009
ln_F(298,1)       -3.509 -4.99319e-007
ln_F(298,2)      -4.8652 -3.58025e-007
ln_F(298,3)     -4.67487 -9.64349e-007
ln_F(298,4)     -6.40201 8.03838e-009
ln_F(299,1)      -4.3099 -1.39069e-006
ln_F(299,2)     -4.42995 -1.90016e-007
ln_F(299,3)     -4.97626 -1.70504e-006
ln_F(299,4)     -6.40201 8.03838e-009
ln_F(300,1)     -4.41044 -1.79776e-006
ln_F(300,2)     -5.44034 -1.99095e-007
ln_F(300,3)     -5.05828 -5.39769e-007
ln_F(300,4)     -6.40201 8.03838e-009
ln_F(301,1)     -4.46069 -9.23287e-007
ln_F(301,2)     -5.05265 -1.26884e-007
ln_F(301,3)     -5.22735 -2.00355e-006
ln_F(301,4)     -6.40201 8.03838e-009
ln_F(302,1)     -4.61088 -1.33528e-006
ln_F(302,2)     -6.05472 1.36127e-008
ln_F(302,3)       -5.113 -1.34588e-006
ln_F(302,4)     -6.40201 8.03838e-009
