ParName   Value   Gradient
ln_R_ave(1)      12.0461 -2.29388e-005
ln_rec_devs(1,1)     0.619919 1.13569e-007
ln_rec_devs(1,2)     0.458293 -1.11584e-006
ln_rec_devs(1,3)     0.393543 -3.52217e-006
ln_rec_devs(1,4)     0.630938 -2.57053e-006
ln_rec_devs(1,5)     0.855614 -2.73085e-006
ln_rec_devs(1,6)     0.765183 -2.47542e-006
ln_rec_devs(1,7)     0.822556  -7.211e-006
ln_rec_devs(1,8)       1.0101 -9.19223e-006
ln_rec_devs(1,9)      1.03732 -5.67602e-009
ln_rec_devs(1,10)     0.997295 -1.40403e-006
ln_rec_devs(1,11)     0.923343 9.71974e-006
ln_rec_devs(1,12)      0.73598 1.51082e-006
ln_rec_devs(1,13)     0.699406 7.95502e-007
ln_rec_devs(1,14)     0.716609 -7.93242e-009
ln_rec_devs(1,15)     0.685423 -8.07773e-007
ln_rec_devs(1,16)     0.689217 -2.09876e-006
ln_rec_devs(1,17)     0.754216 -1.68779e-006
ln_rec_devs(1,18)     0.734313 -2.20471e-006
ln_rec_devs(1,19)     0.725429 -2.09995e-006
ln_rec_devs(1,20)     0.851659 -2.82233e-006
ln_rec_devs(1,21)     0.886746 -2.97944e-006
ln_rec_devs(1,22)     0.804525 -3.21569e-006
ln_rec_devs(1,23)      0.77906 -3.11418e-006
ln_rec_devs(1,24)     0.726753  -3.018e-006
ln_rec_devs(1,25)     0.624629 -1.04638e-006
ln_rec_devs(1,26)     0.600405  -9.812e-007
ln_rec_devs(1,27)     0.548578 -1.6006e-007
ln_rec_devs(1,28)     0.442989 -3.97284e-007
ln_rec_devs(1,29)      0.49549 -4.73775e-007
ln_rec_devs(1,30)     0.603448 -1.16553e-006
ln_rec_devs(1,31)       0.7559 -4.60888e-007
ln_rec_devs(1,32)     0.868789 -1.58711e-007
ln_rec_devs(1,33)     0.834928 1.21477e-007
ln_rec_devs(1,34)     0.679871 1.56375e-007
ln_rec_devs(1,35)     0.512118 -3.9744e-007
ln_rec_devs(1,36)     0.565353 -1.76975e-007
ln_rec_devs(1,37)       0.5257 6.27081e-007
ln_rec_devs(1,38)     0.499036 -7.23607e-007
ln_rec_devs(1,39)      0.59826 -8.46323e-007
ln_rec_devs(1,40)     0.811962 -5.04674e-008
ln_rec_devs(1,41)     0.952595 6.37085e-008
ln_rec_devs(1,42)     0.972372 9.00217e-007
ln_rec_devs(1,43)     0.841569 2.18389e-006
ln_rec_devs(1,44)     0.698102 7.44446e-007
ln_rec_devs(1,45)     0.721108 2.17604e-006
ln_rec_devs(1,46)      0.72838 2.94008e-006
ln_rec_devs(1,47)     0.640677 1.65902e-006
ln_rec_devs(1,48)     0.523689 7.57386e-007
ln_rec_devs(1,49)     0.611898  2.3611e-006
ln_rec_devs(1,50)      0.85789 2.69719e-006
ln_rec_devs(1,51)     0.878108 1.95963e-006
ln_rec_devs(1,52)     0.689515 6.30422e-007
ln_rec_devs(1,53)     0.562621 1.38087e-006
ln_rec_devs(1,54)     0.534513 1.05597e-007
ln_rec_devs(1,55)     0.531736 1.29524e-006
ln_rec_devs(1,56)     0.473605 2.11951e-007
ln_rec_devs(1,57)     0.366825 4.86083e-007
ln_rec_devs(1,58)     0.259696 -5.19363e-007
ln_rec_devs(1,59)     0.288226 9.19544e-007
ln_rec_devs(1,60)      0.31781 8.35522e-007
ln_rec_devs(1,61)     0.379853 7.36061e-007
ln_rec_devs(1,62)     0.531656 7.87396e-007
ln_rec_devs(1,63)     0.605835 1.93794e-007
ln_rec_devs(1,64)     0.559299 3.07815e-007
ln_rec_devs(1,65)     0.522994 5.99847e-008
ln_rec_devs(1,66)     0.578905  9.9903e-007
ln_rec_devs(1,67)     0.705873 6.11562e-007
ln_rec_devs(1,68)     0.858816 1.72925e-006
ln_rec_devs(1,69)      0.97719 7.82132e-007
ln_rec_devs(1,70)      1.03459 -1.66627e-007
ln_rec_devs(1,71)     0.988584 -7.27116e-007
ln_rec_devs(1,72)      1.07065 -1.35532e-006
ln_rec_devs(1,73)     0.933078 -5.26836e-007
ln_rec_devs(1,74)     0.746184 -7.6587e-007
ln_rec_devs(1,75)     0.542533 -5.90174e-007
ln_rec_devs(1,76)     0.457245 3.47501e-007
ln_rec_devs(1,77)     0.516987 8.46688e-007
ln_rec_devs(1,78)     0.662053 -4.01939e-008
ln_rec_devs(1,79)     0.742514 -1.68307e-007
ln_rec_devs(1,80)     0.865517 1.42889e-006
ln_rec_devs(1,81)     0.963211  1.8435e-006
ln_rec_devs(1,82)     0.759866  1.4596e-006
ln_rec_devs(1,83)     0.567933 2.32862e-006
ln_rec_devs(1,84)     0.568085 1.14678e-006
ln_rec_devs(1,85)     0.629599  2.0084e-006
ln_rec_devs(1,86)     0.789492 1.59928e-006
ln_rec_devs(1,87)     0.812829 1.69125e-006
ln_rec_devs(1,88)     0.732333 2.37491e-007
ln_rec_devs(1,89)     0.732203 -5.84791e-007
ln_rec_devs(1,90)     0.859444 1.17706e-006
ln_rec_devs(1,91)     0.962992 2.70003e-006
ln_rec_devs(1,92)     0.986962 3.00539e-006
ln_rec_devs(1,93)     0.973286 3.48213e-006
ln_rec_devs(1,94)     0.871542 4.53916e-006
ln_rec_devs(1,95)     0.794197 2.49775e-006
ln_rec_devs(1,96)     0.754006 1.86158e-006
ln_rec_devs(1,97)     0.693525 1.35468e-006
ln_rec_devs(1,98)     0.557109 2.21652e-006
ln_rec_devs(1,99)     0.368854 1.43982e-006
ln_rec_devs(1,100)     0.261057 6.70404e-007
ln_rec_devs(1,101)     0.321286 2.19855e-007
ln_rec_devs(1,102)     0.498031 -5.78129e-006
ln_rec_devs(1,103)     0.444932 -2.01689e-006
ln_rec_devs(1,104)      0.31173 4.44753e-007
ln_rec_devs(1,105)     0.297181 2.76383e-006
ln_rec_devs(1,106)     0.309845 7.83189e-007
ln_rec_devs(1,107)     0.413289 3.76377e-007
ln_rec_devs(1,108)     0.712874 -3.98144e-007
ln_rec_devs(1,109)     0.943884  1.4389e-006
ln_rec_devs(1,110)      1.06961 1.60587e-006
ln_rec_devs(1,111)      1.12786 5.49982e-007
ln_rec_devs(1,112)      1.12076 1.22091e-006
ln_rec_devs(1,113)      1.14804 1.65809e-006
ln_rec_devs(1,114)      1.11014 1.56415e-006
ln_rec_devs(1,115)     0.961104 -1.0178e-006
ln_rec_devs(1,116)     0.777592 2.76514e-007
ln_rec_devs(1,117)     0.711446 7.95126e-007
ln_rec_devs(1,118)     0.731118  1.5415e-006
ln_rec_devs(1,119)     0.755192 7.34035e-007
ln_rec_devs(1,120)     0.668294 1.20687e-006
ln_rec_devs(1,121)     0.529174 1.95005e-007
ln_rec_devs(1,122)     0.368663 -5.19912e-007
ln_rec_devs(1,123)     0.286546  4.1511e-007
ln_rec_devs(1,124)     0.400525 -2.95687e-007
ln_rec_devs(1,125)     0.510634 1.45135e-006
ln_rec_devs(1,126)     0.599301 1.70752e-006
ln_rec_devs(1,127)     0.551087 -5.67378e-007
ln_rec_devs(1,128)      0.47109 -2.91669e-006
ln_rec_devs(1,129)     0.513689 -1.12168e-006
ln_rec_devs(1,130)     0.456782 -2.1394e-006
ln_rec_devs(1,131)     0.510419 -3.85509e-007
ln_rec_devs(1,132)     0.639073 -1.30357e-006
ln_rec_devs(1,133)     0.714877 -4.60587e-007
ln_rec_devs(1,134)      0.79215 -7.8864e-008
ln_rec_devs(1,135)     0.884985 -3.39705e-007
ln_rec_devs(1,136)     0.768636 -2.53009e-006
ln_rec_devs(1,137)     0.654508 -1.09105e-005
ln_rec_devs(1,138)     0.615248 2.98948e-006
ln_rec_devs(1,139)     0.661334 -1.00996e-006
ln_rec_devs(1,140)     0.805406 7.26756e-008
ln_rec_devs(1,141)     0.913261 3.50384e-007
ln_rec_devs(1,142)     0.879612 1.51688e-006
ln_rec_devs(1,143)     0.753287 1.31399e-006
ln_rec_devs(1,144)     0.584529 7.79964e-007
ln_rec_devs(1,145)     0.484598 -8.00044e-009
ln_rec_devs(1,146)     0.346615  3.1892e-007
ln_rec_devs(1,147)     0.191737 -5.26774e-007
ln_rec_devs(1,148)    -0.138068 1.11088e-006
ln_rec_devs(1,149)    -0.124012 6.43374e-009
ln_rec_devs(1,150)   -0.0403253 -1.03669e-006
ln_T_CNST(1,1)    -0.667608 5.13294e-005
ln_T_CNST(2,1)      1.50686 -1.29314e-005
log_sel_beta1(1,1)     0.305357 -1.3679e-006
log_sel_beta1(1,2)    -0.204557 5.96117e-006
log_sel_beta1(1,3)    0.0543958  2.0726e-005
log_sel_beta1(1,4)     0.247689 -1.33766e-005
log_sel_beta1(2,1)     0.397687 8.60109e-007
log_sel_beta1(2,2)    -0.201807 1.30393e-006
log_sel_beta1(2,3)    0.0480578 7.80971e-006
log_sel_beta1(2,4)     -1.03525 -3.46096e-009
log_sel_beta2(1,1)      1.96712 -7.05369e-006
log_sel_beta2(1,2)      2.06973 -1.84974e-006
log_sel_beta2(1,3)      1.89974 3.85688e-006
log_sel_beta2(1,4)      1.60804 -3.03936e-005
log_sel_beta2(2,1)      1.85002 1.43062e-005
log_sel_beta2(2,2)      2.17725 7.30897e-006
log_sel_beta2(2,3)      1.83081 -6.85119e-006
log_sel_beta2(2,4)     -1.22989 -2.26063e-008
log_sel_beta3(1,1)     -1.28166 1.56885e-006
log_sel_beta3(1,2)     -1.03552 -3.48753e-009
log_sel_beta3(1,3)     -2.84751 -4.0963e-006
log_sel_beta3(1,4)    -0.663622 -4.90681e-006
log_sel_beta3(2,1)     -1.98703 -2.26101e-006
log_sel_beta3(2,2)     -1.03552 -3.48753e-009
log_sel_beta3(2,3)    -0.748962 -1.53051e-006
log_sel_beta3(2,4)     -1.03552 -3.48753e-009
log_sel_beta4(1,1)     -4.99997 -1.29298e-008
log_sel_beta4(1,2)     -1.03991 -3.91802e-009
log_sel_beta4(1,3)     -4.99952 5.13357e-006
log_sel_beta4(1,4)      1.44111 -7.61638e-006
log_sel_beta4(2,1)     -4.99984 6.41083e-007
log_sel_beta4(2,2)     -1.03991 -3.91802e-009
log_sel_beta4(2,3)       2.9928 -4.64879e-007
log_sel_beta4(2,4)     -1.03991 -3.91802e-009
ln_q(1,1)          -15 -1.22705e-006
ln_F(1,1)     -7.02422 2.15831e-007
ln_F(1,2)     -7.97999 -3.92905e-007
ln_F(1,3)     -13.3991 -2.8918e-008
ln_F(1,4)     -7.56726 8.39084e-007
ln_F(2,1)     -6.59542 4.11794e-007
ln_F(2,2)      -8.8881 -5.20885e-007
ln_F(2,3)     -13.3474 -3.51813e-007
ln_F(2,4)     -6.25896 -3.47817e-007
ln_F(3,1)     -6.47192 7.57591e-007
ln_F(3,2)      -7.2228 -5.72484e-007
ln_F(3,3)     -13.3451 -2.49698e-007
ln_F(3,4)     -7.56055 -5.09873e-007
ln_F(4,1)     -6.38648 7.49865e-007
ln_F(4,2)     -7.70501 -9.08927e-008
ln_F(4,3)     -7.32627 -6.48587e-007
ln_F(4,4)     -4.75313 4.74976e-008
ln_F(5,1)     -6.65707 1.06598e-006
ln_F(5,2)     -7.97298 -7.4738e-007
ln_F(5,3)     -6.88411 -1.07893e-006
ln_F(5,4)     -4.75313 4.74976e-008
ln_F(6,1)     -6.28798 -3.48635e-007
ln_F(6,2)     -8.34146 -3.45246e-007
ln_F(6,3)     -5.88157 -2.69878e-007
ln_F(6,4)     -4.75313 4.74976e-008
ln_F(7,1)     -6.19943 7.91415e-007
ln_F(7,2)     -8.00861 -4.31223e-007
ln_F(7,3)     -7.64899 -1.12147e-006
ln_F(7,4)     -4.75313 4.74976e-008
ln_F(8,1)     -6.05537 -2.34521e-006
ln_F(8,2)     -8.09327 -8.04005e-007
ln_F(8,3)     -6.65592 2.97621e-006
ln_F(8,4)     -4.75313 4.74976e-008
ln_F(9,1)      -6.3551 1.52478e-006
ln_F(9,2)     -8.40268 6.31641e-007
ln_F(9,3)     -6.92855 -3.57852e-006
ln_F(9,4)     -4.75313 4.74976e-008
ln_F(10,1)     -5.94455 -3.72905e-007
ln_F(10,2)     -8.77192 -8.64906e-008
ln_F(10,3)     -5.51517 -2.48463e-008
ln_F(10,4)     -4.75313 4.74976e-008
ln_F(11,1)     -5.81513 6.92747e-007
ln_F(11,2)     -7.89448 -7.45335e-007
ln_F(11,3)     -8.03315 -3.01145e-007
ln_F(11,4)     -4.75313 4.74976e-008
ln_F(12,1)     -5.71874 -6.81957e-007
ln_F(12,2)     -7.80247 -6.59366e-007
ln_F(12,3)     -6.23419 -1.06849e-006
ln_F(12,4)     -9.29925 -3.39898e-007
ln_F(13,1)     -6.02845 2.09199e-007
ln_F(13,2)     -7.57317 3.07227e-007
ln_F(13,3)     -6.30829 -9.03436e-007
ln_F(13,4)     -9.35665 -5.61679e-007
ln_F(14,1)     -5.75565 -3.00589e-007
ln_F(14,2)     -7.63175 -1.41368e-007
ln_F(14,3)     -5.46051 -6.02815e-007
ln_F(14,4)     -9.39541 -1.98979e-007
ln_F(15,1)     -5.82666 -1.48616e-007
ln_F(15,2)     -7.27822 1.71145e-006
ln_F(15,3)     -7.08439 2.83673e-007
ln_F(15,4)      -9.4377 -2.56507e-007
ln_F(16,1)     -6.39104 -2.49325e-007
ln_F(16,2)     -7.16381 5.69776e-007
ln_F(16,3)     -6.31703 -6.93545e-007
ln_F(16,4)     -10.8291 -2.5397e-007
ln_F(17,1)     -6.41618 -1.21906e-006
ln_F(17,2)     -6.80171 -2.09092e-006
ln_F(17,3)     -7.04523 2.99882e-006
ln_F(17,4)     -10.8093 2.43866e-008
ln_F(18,1)     -6.26183 -1.01445e-006
ln_F(18,2)     -7.15991 6.58741e-007
ln_F(18,3)       -5.057 -6.35882e-007
ln_F(18,4)     -10.7468 -5.13863e-007
ln_F(19,1)     -6.03557 7.33087e-007
ln_F(19,2)     -6.53222 -1.20778e-006
ln_F(19,3)     -6.21337 -7.20836e-007
ln_F(19,4)     -10.7179 4.94739e-007
ln_F(20,1)     -6.60041  3.9885e-007
ln_F(20,2)     -7.34562 4.76382e-007
ln_F(20,3)     -5.33599 -1.00434e-006
ln_F(20,4)     -4.75313 4.74976e-008
ln_F(21,1)     -6.63967 5.79779e-007
ln_F(21,2)     -7.04508 -5.5151e-007
ln_F(21,3)     -4.64555 -9.11482e-007
ln_F(21,4)     -4.75313 4.74976e-008
ln_F(22,1)     -6.48173 1.59521e-006
ln_F(22,2)     -7.25482 -7.67059e-007
ln_F(22,3)     -4.61156 -6.67868e-007
ln_F(22,4)     -4.75313 4.74976e-008
ln_F(23,1)     -6.44236 3.48325e-007
ln_F(23,2)      -7.0565 -4.93631e-007
ln_F(23,3)     -5.32469 -6.21855e-007
ln_F(23,4)     -4.75313 4.74976e-008
ln_F(24,1)     -6.44038 1.79599e-007
ln_F(24,2)     -7.24974 3.73049e-007
ln_F(24,3)     -4.65285   1.586e-007
ln_F(24,4)     -4.75313 4.74976e-008
ln_F(25,1)     -6.41071 -6.51178e-007
ln_F(25,2)      -7.3448 1.60515e-006
ln_F(25,3)     -4.48646 -5.0685e-008
ln_F(25,4)     -4.75313 4.74976e-008
ln_F(26,1)     -6.18468 1.35236e-007
ln_F(26,2)     -7.99409 -1.05845e-006
ln_F(26,3)     -4.44634 -8.99935e-007
ln_F(26,4)     -4.75313 4.74976e-008
ln_F(27,1)     -6.05977 -8.52236e-007
ln_F(27,2)     -7.61043 -1.00077e-006
ln_F(27,3)     -3.76053 -5.89177e-007
ln_F(27,4)     -4.75313 4.74976e-008
ln_F(28,1)      -6.3295 6.45464e-008
ln_F(28,2)     -7.35019 -1.79677e-006
ln_F(28,3)     -4.67671 -2.53435e-007
ln_F(28,4)     -4.75313 4.74976e-008
ln_F(29,1)     -6.36898 -2.24237e-007
ln_F(29,2)     -7.39064 -6.98074e-007
ln_F(29,3)     -5.15188 3.46455e-009
ln_F(29,4)     -4.75313 4.74976e-008
ln_F(30,1)     -6.17093 -4.94473e-008
ln_F(30,2)     -7.44907 -1.05545e-007
ln_F(30,3)     -4.37811 2.53142e-007
ln_F(30,4)     -4.75313 4.74976e-008
ln_F(31,1)      -6.0416 2.46891e-007
ln_F(31,2)     -6.71154 -1.11047e-006
ln_F(31,3)     -3.87693    2.67e-007
ln_F(31,4)     -4.75313 4.74976e-008
ln_F(32,1)     -6.09968 -2.42705e-008
ln_F(32,2)     -6.45662 -1.86766e-007
ln_F(32,3)     -4.50654 -4.6008e-007
ln_F(32,4)     -4.75313 4.74976e-008
ln_F(33,1)     -6.25949 -3.04114e-006
ln_F(33,2)      -6.4045 1.58284e-006
ln_F(33,3)     -5.08129 7.73547e-008
ln_F(33,4)     -4.75313 4.74976e-008
ln_F(34,1)       -6.152 1.33657e-006
ln_F(34,2)     -7.23034 -2.3505e-006
ln_F(34,3)      -5.1019 -3.28614e-007
ln_F(34,4)     -4.75313 4.74976e-008
ln_F(35,1)     -5.93285 -4.31686e-007
ln_F(35,2)     -6.25473 1.02353e-007
ln_F(35,3)     -4.83598 -4.15573e-007
ln_F(35,4)     -4.75313 4.74976e-008
ln_F(36,1)     -5.66254 9.01933e-007
ln_F(36,2)     -6.38197 -9.46146e-007
ln_F(36,3)     -4.75233 -5.64136e-007
ln_F(36,4)     -4.75313 4.74976e-008
ln_F(37,1)     -5.83777 -7.7596e-007
ln_F(37,2)     -6.96332 8.81706e-007
ln_F(37,3)     -4.90144 3.97489e-007
ln_F(37,4)     -4.75313 4.74976e-008
ln_F(38,1)     -5.69979  3.0358e-007
ln_F(38,2)      -7.0454 5.20086e-007
ln_F(38,3)     -4.41756 -3.14098e-007
ln_F(38,4)     -4.75313 4.74976e-008
ln_F(39,1)     -5.65972 9.96935e-007
ln_F(39,2)     -5.84013 -9.32871e-007
ln_F(39,3)     -4.76876 5.13791e-007
ln_F(39,4)     -4.75313 4.74976e-008
ln_F(40,1)     -5.39001 -5.79151e-007
ln_F(40,2)     -6.27078 -9.27128e-008
ln_F(40,3)     -4.34241 1.46635e-007
ln_F(40,4)     -4.75313 4.74976e-008
ln_F(41,1)     -5.80087 2.00017e-006
ln_F(41,2)     -6.28425 -2.09378e-006
ln_F(41,3)      -4.7281 -6.48874e-008
ln_F(41,4)     -4.75313 4.74976e-008
ln_F(42,1)     -5.42596 -1.32134e-006
ln_F(42,2)     -6.67563 7.23852e-007
ln_F(42,3)      -4.0469 -5.19078e-007
ln_F(42,4)     -4.75313 4.74976e-008
ln_F(43,1)     -5.24917 -7.43105e-007
ln_F(43,2)     -6.11339 1.14704e-006
ln_F(43,3)     -3.74723 1.98331e-007
ln_F(43,4)     -4.75313 4.74976e-008
ln_F(44,1)     -5.24078 1.49106e-006
ln_F(44,2)     -7.09972  -1.075e-006
ln_F(44,3)     -3.99958 -5.93192e-007
ln_F(44,4)     -4.75313 4.74976e-008
ln_F(45,1)     -5.46392 1.58472e-007
ln_F(45,2)     -6.98272 -4.83996e-007
ln_F(45,3)     -4.35617 -6.35185e-007
ln_F(45,4)     -4.75313 4.74976e-008
ln_F(46,1)     -5.06966 1.54759e-007
ln_F(46,2)     -7.09724  8.8146e-008
ln_F(46,3)     -4.20649 -4.6588e-007
ln_F(46,4)     -4.75313 4.74976e-008
ln_F(47,1)     -4.96602 -1.9454e-007
ln_F(47,2)     -5.67281 1.73812e-007
ln_F(47,3)     -4.32248 2.03513e-007
ln_F(47,4)     -4.75313 4.74976e-008
ln_F(48,1)     -5.37064 -7.46036e-008
ln_F(48,2)     -5.25785 7.66877e-007
ln_F(48,3)     -3.87281 -5.7872e-007
ln_F(48,4)     -6.85143 -1.13386e-006
ln_F(49,1)     -5.58522  2.5345e-006
ln_F(49,2)     -6.18552 -2.34013e-006
ln_F(49,3)     -4.64036 -7.75928e-007
ln_F(49,4)     -7.87988 -2.63617e-007
ln_F(50,1)     -5.72954 -8.54241e-007
ln_F(50,2)     -6.88542 -7.01803e-008
ln_F(50,3)     -4.14772 -1.12567e-006
ln_F(50,4)     -6.19417 7.48751e-007
ln_F(51,1)     -4.99312 -4.43097e-007
ln_F(51,2)     -6.77684 4.86087e-007
ln_F(51,3)     -4.25629 -4.5542e-007
ln_F(51,4)      -5.8302 5.52365e-007
ln_F(52,1)     -5.21091 2.39893e-007
ln_F(52,2)     -6.17566 2.09627e-007
ln_F(52,3)     -4.87198 -4.7937e-007
ln_F(52,4)     -6.13299 -4.1846e-007
ln_F(53,1)     -5.50562 -5.90629e-007
ln_F(53,2)     -6.27535 5.95569e-007
ln_F(53,3)     -5.17796 2.97592e-007
ln_F(53,4)     -7.55843 5.98156e-007
ln_F(54,1)      -5.7356 -4.80046e-007
ln_F(54,2)     -6.71802 -2.30733e-007
ln_F(54,3)     -4.54109 -6.21118e-007
ln_F(54,4)     -4.83188 -3.35779e-008
ln_F(55,1)     -5.41108 1.04219e-007
ln_F(55,2)     -7.15353 -2.34912e-007
ln_F(55,3)     -4.68678 -2.68749e-007
ln_F(55,4)     -5.97682 2.22991e-007
ln_F(56,1)     -5.61329 3.68147e-007
ln_F(56,2)     -5.60398  2.0511e-007
ln_F(56,3)     -4.79249 2.41127e-007
ln_F(56,4)     -5.78771 -1.95716e-006
ln_F(57,1)     -5.01514 -1.58238e-006
ln_F(57,2)     -5.44741 -4.12714e-007
ln_F(57,3)      -4.6939  4.4428e-007
ln_F(57,4)       -7.036 1.36156e-006
ln_F(58,1)     -5.37455 6.74426e-007
ln_F(58,2)      -5.5836 -7.01356e-007
ln_F(58,3)     -4.57324 -6.41573e-007
ln_F(58,4)     -5.29971 -3.09189e-007
ln_F(59,1)     -4.70854 -6.15061e-007
ln_F(59,2)     -5.68948  1.3389e-006
ln_F(59,3)     -4.58456 4.47546e-008
ln_F(59,4)     -5.49977  -2.898e-007
ln_F(60,1)     -4.98592 -1.11374e-006
ln_F(60,2)     -4.71685 5.73201e-007
ln_F(60,3)     -4.30374 -3.14755e-007
ln_F(60,4)     -6.11556 1.01981e-006
ln_F(61,1)     -4.96177 1.37627e-006
ln_F(61,2)     -4.03971 -4.92228e-007
ln_F(61,3)     -5.07179 -4.65035e-007
ln_F(61,4)     -5.99366 -1.27434e-006
ln_F(62,1)     -5.40937 1.59862e-007
ln_F(62,2)     -4.45843 -1.12375e-006
ln_F(62,3)     -4.27966 2.36322e-007
ln_F(62,4)     -4.85489  6.8177e-007
ln_F(63,1)     -4.60993 -5.90292e-007
ln_F(63,2)     -4.98446 -2.49331e-007
ln_F(63,3)     -4.44265 3.55235e-007
ln_F(63,4)     -4.57678 -5.51583e-007
ln_F(64,1)     -4.79231 4.17419e-007
ln_F(64,2)     -5.63055 3.64119e-007
ln_F(64,3)      -4.0303 -6.91681e-007
ln_F(64,4)     -4.17949 -8.80185e-007
ln_F(65,1)     -4.32159 8.72879e-008
ln_F(65,2)     -5.12707 -3.6932e-007
ln_F(65,3)      -4.6026 -5.12333e-007
ln_F(65,4)     -4.15652 -3.42792e-007
ln_F(66,1)     -4.50496 5.40078e-007
ln_F(66,2)     -6.07186 1.60509e-007
ln_F(66,3)     -3.95061 -3.93103e-007
ln_F(66,4)      -4.0541 -4.26546e-007
ln_F(67,1)     -4.21683 4.57596e-007
ln_F(67,2)     -6.44837 8.54495e-007
ln_F(67,3)     -4.11288 -7.32539e-008
ln_F(67,4)     -4.88694 -3.52546e-008
ln_F(68,1)     -4.54207 -1.74439e-007
ln_F(68,2)     -6.30845 4.80588e-007
ln_F(68,3)     -3.65952 -2.56178e-007
ln_F(68,4)     -4.16551 4.26743e-007
ln_F(69,1)     -4.00826 1.45348e-007
ln_F(69,2)     -5.30021 6.82339e-008
ln_F(69,3)     -3.70633 -1.61428e-007
ln_F(69,4)     -4.70201 4.30189e-007
ln_F(70,1)     -4.35597  1.1084e-006
ln_F(70,2)     -6.57062 7.35374e-008
ln_F(70,3)     -3.72011 -6.0261e-008
ln_F(70,4)     -4.43496 -1.22176e-007
ln_F(71,1)     -4.27541 7.12328e-007
ln_F(71,2)     -5.82167 5.07791e-008
ln_F(71,3)     -4.05352 3.27977e-007
ln_F(71,4)     -4.47852 -6.03732e-008
ln_F(72,1)     -4.75907 3.89358e-007
ln_F(72,2)     -5.54851 -4.96187e-007
ln_F(72,3)     -4.44159 2.63985e-007
ln_F(72,4)     -4.69656 3.02197e-009
ln_F(73,1)     -4.28178 -5.90394e-008
ln_F(73,2)     -5.05502 -1.35796e-007
ln_F(73,3)     -4.54168 -2.86186e-007
ln_F(73,4)     -4.97185 -1.06883e-007
ln_F(74,1)     -4.84477 4.18244e-007
ln_F(74,2)     -6.68074 3.81972e-008
ln_F(74,3)     -3.36372 2.00409e-007
ln_F(74,4)     -4.94979 -2.73637e-007
ln_F(75,1)     -4.38257  8.3829e-007
ln_F(75,2)     -6.23946 -9.4909e-007
ln_F(75,3)     -3.17426 -6.70123e-007
ln_F(75,4)     -5.16592 2.54066e-007
ln_F(76,1)     -4.85766 -5.9569e-007
ln_F(76,2)     -5.93212  1.2755e-008
ln_F(76,3)     -3.58234 -4.23094e-007
ln_F(76,4)     -5.48122 1.22315e-006
ln_F(77,1)     -4.65403 1.20432e-006
ln_F(77,2)     -6.14958 4.73014e-007
ln_F(77,3)     -3.95859 -5.78711e-007
ln_F(77,4)     -5.63874 -4.35867e-007
ln_F(78,1)     -5.16623 -1.05279e-006
ln_F(78,2)     -6.86823 9.86742e-007
ln_F(78,3)     -3.49486 1.25805e-007
ln_F(78,4)     -5.00327 2.59993e-009
ln_F(79,1)     -4.27818 4.42056e-007
ln_F(79,2)     -5.77691 -2.6918e-007
ln_F(79,3)     -3.29272 -3.89408e-007
ln_F(79,4)     -5.08374 -2.69984e-009
ln_F(80,1)     -4.97604 4.90321e-007
ln_F(80,2)     -5.63278 -3.29834e-007
ln_F(80,3)     -4.62562 -7.66602e-007
ln_F(80,4)     -4.68536 -1.42341e-008
ln_F(81,1)      -4.3611 -1.30141e-006
ln_F(81,2)     -5.95997 -1.51704e-007
ln_F(81,3)     -4.20027 1.34315e-007
ln_F(81,4)     -5.00347 -4.02112e-007
ln_F(82,1)     -5.20847 -4.63792e-007
ln_F(82,2)     -6.53894 1.02681e-008
ln_F(82,3)     -4.09217 9.04587e-007
ln_F(82,4)      -4.8503 -2.59855e-007
ln_F(83,1)     -4.62766 -1.25378e-006
ln_F(83,2)     -5.90025 7.37559e-008
ln_F(83,3)     -4.31955 -3.76078e-007
ln_F(83,4)     -4.38224 3.04235e-008
ln_F(84,1)     -4.54575 -4.89416e-007
ln_F(84,2)     -5.85881 1.70094e-007
ln_F(84,3)     -3.76538 -5.43868e-007
ln_F(84,4)     -5.23161 4.18777e-007
ln_F(85,1)     -4.22003 -2.87953e-007
ln_F(85,2)     -6.24614 1.20827e-006
ln_F(85,3)     -3.50405 -4.28012e-007
ln_F(85,4)     -5.77499 -5.29365e-007
ln_F(86,1)     -4.79482 -8.79691e-007
ln_F(86,2)      -6.2937 1.64735e-007
ln_F(86,3)     -3.07806 6.88396e-009
ln_F(86,4)     -5.59942 -2.57663e-008
ln_F(87,1)     -4.48444 2.98392e-008
ln_F(87,2)     -6.10114 7.41675e-007
ln_F(87,3)     -3.16014 -1.85168e-007
ln_F(87,4)     -6.05144 -3.84621e-007
ln_F(88,1)     -4.86751 6.59675e-007
ln_F(88,2)     -5.90585 1.19259e-007
ln_F(88,3)     -4.14573 -4.21534e-007
ln_F(88,4)     -6.13261 7.77945e-007
ln_F(89,1)     -4.56709 6.04048e-007
ln_F(89,2)     -6.09316 2.27553e-007
ln_F(89,3)     -3.93201 -7.50735e-007
ln_F(89,4)     -5.09586 -3.38164e-007
ln_F(90,1)     -4.63552 -9.40787e-007
ln_F(90,2)     -6.31963  1.9504e-007
ln_F(90,3)     -3.23953 -6.53012e-007
ln_F(90,4)     -4.48435 2.39221e-007
ln_F(91,1)     -4.10291 -5.68871e-007
ln_F(91,2)     -6.44266 -1.18592e-006
ln_F(91,3)     -3.73532 -3.77414e-007
ln_F(91,4)     -5.60236 5.09476e-008
ln_F(92,1)     -4.74887 -5.97424e-007
ln_F(92,2)     -5.92914 4.90625e-007
ln_F(92,3)     -3.94842 -5.31575e-007
ln_F(92,4)     -5.31668 4.18016e-007
ln_F(93,1)     -4.35111 -1.82569e-006
ln_F(93,2)     -6.21137 2.00813e-006
ln_F(93,3)     -4.06031 5.08119e-007
ln_F(93,4)     -5.67578 -3.86732e-008
ln_F(94,1)     -5.23846 2.42738e-007
ln_F(94,2)     -6.57512 3.47207e-007
ln_F(94,3)     -3.67963 -3.00206e-007
ln_F(94,4)     -4.70393 3.50789e-007
ln_F(95,1)     -4.26608 -3.11902e-008
ln_F(95,2)     -6.11112 -3.42169e-007
ln_F(95,3)     -3.71685 -2.82865e-007
ln_F(95,4)     -5.07824  3.0207e-007
ln_F(96,1)       -3.882 6.04583e-008
ln_F(96,2)     -5.66481 4.26162e-007
ln_F(96,3)     -4.08479 4.28537e-007
ln_F(96,4)     -5.55162 -1.94141e-007
ln_F(97,1)     -4.07967 -1.82533e-006
ln_F(97,2)     -5.89389 1.17778e-006
ln_F(97,3)     -4.07885 8.06855e-007
ln_F(97,4)     -4.94704 9.55995e-007
ln_F(98,1)     -4.74287 2.04661e-008
ln_F(98,2)     -6.84116 2.68763e-007
ln_F(98,3)     -3.27049 7.68908e-008
ln_F(98,4)     -4.36111 4.09026e-007
ln_F(99,1)     -3.94794 -8.3473e-007
ln_F(99,2)     -6.76626 3.94775e-008
ln_F(99,3)     -3.15743 -2.49256e-007
ln_F(99,4)     -5.35636 8.94092e-007
ln_F(100,1)     -4.36886 -4.15252e-007
ln_F(100,2)     -5.93189 -1.13891e-007
ln_F(100,3)      -3.4242 -2.25193e-007
ln_F(100,4)     -5.46879 2.02078e-010
ln_F(101,1)     -4.06986 2.08908e-007
ln_F(101,2)     -5.62061 -1.03264e-006
ln_F(101,3)     -3.99569 -3.77309e-007
ln_F(101,4)     -5.85088  1.3097e-007
ln_F(102,1)     -4.53916 4.36339e-007
ln_F(102,2)     -6.32101 1.74868e-008
ln_F(102,3)     -3.41113 -4.64919e-007
ln_F(102,4)     -4.36759 -4.45425e-008
ln_F(103,1)     -3.55544 2.34978e-007
ln_F(103,2)     -5.88244 -2.23136e-007
ln_F(103,3)     -3.17934 -8.7024e-007
ln_F(103,4)     -4.68349 -2.4053e-007
ln_F(104,1)     -3.50972 2.94529e-007
ln_F(104,2)     -4.78463 9.75838e-008
ln_F(104,3)     -3.72128 -9.22451e-007
ln_F(104,4)     -4.95595 -6.89657e-009
ln_F(105,1)     -4.03933 6.79549e-007
ln_F(105,2)     -4.09642 3.66166e-007
ln_F(105,3)      -3.6417 -1.06504e-006
ln_F(105,4)     -5.01099 -7.07301e-007
ln_F(106,1)     -3.82082 2.77455e-007
ln_F(106,2)     -5.68687 9.91529e-008
ln_F(106,3)     -3.18906 -8.03378e-007
ln_F(106,4)     -4.59593 -5.67736e-007
ln_F(107,1)     -3.49694 5.91598e-007
ln_F(107,2)     -4.71175 -3.51837e-007
ln_F(107,3)     -2.97288 -5.92972e-007
ln_F(107,4)     -4.44871 -3.91975e-007
ln_F(108,1)     -3.89147 -1.07576e-006
ln_F(108,2)     -4.71815 7.08129e-007
ln_F(108,3)     -3.40495 -3.30389e-007
ln_F(108,4)     -4.48003  2.4688e-007
ln_F(109,1)     -4.02164 -1.79223e-007
ln_F(109,2)     -4.57708 -2.56536e-007
ln_F(109,3)     -4.00245 -5.20451e-007
ln_F(109,4)     -4.72046 -1.01378e-006
ln_F(110,1)     -4.33039 1.03442e-007
ln_F(110,2)     -5.89973 1.96283e-008
ln_F(110,3)     -3.36983 -1.88617e-006
ln_F(110,4)     -2.98651 -3.91655e-006
ln_F(111,1)      -4.1958 -4.8872e-007
ln_F(111,2)     -5.18114 8.02096e-007
ln_F(111,3)     -3.31325  1.1363e-006
ln_F(111,4)     -4.20547 1.29315e-007
ln_F(112,1)      -3.3345 -5.78533e-007
ln_F(112,2)     -4.48495 -1.15966e-006
ln_F(112,3)     -3.00024 -1.81987e-006
ln_F(112,4)      -4.6463 3.91416e-007
ln_F(113,1)     -3.94202 7.57583e-007
ln_F(113,2)     -4.46262 -1.62521e-006
ln_F(113,3)     -2.86032 -5.50563e-006
ln_F(113,4)     -4.48681 1.84189e-006
ln_F(114,1)     -4.37794 7.74412e-007
ln_F(114,2)     -5.67274 2.24322e-007
ln_F(114,3)     -3.65466 -2.26437e-006
ln_F(114,4)     -4.78683 -5.51062e-007
ln_F(115,1)     -4.26528 1.42668e-006
ln_F(115,2)      -5.5598 -2.66365e-007
ln_F(115,3)     -3.84542 -9.37343e-007
ln_F(115,4)     -4.97458 4.87739e-007
ln_F(116,1)     -4.38104 3.29505e-006
ln_F(116,2)     -5.60952 -5.65858e-008
ln_F(116,3)     -4.67788 -5.74195e-006
ln_F(116,4)     -4.79002 -5.5067e-007
ln_F(117,1)     -4.47245 5.12318e-007
ln_F(117,2)     -5.73699 -2.65183e-008
ln_F(117,3)     -5.06308 -2.94737e-006
ln_F(117,4)     -4.83987 -1.35912e-006
ln_F(118,1)     -4.92707 -2.78435e-006
ln_F(118,2)     -7.41521 1.28622e-006
ln_F(118,3)     -4.67125 -8.77341e-006
ln_F(118,4)     -5.00308 -1.39744e-006
ln_F(119,1)     -4.39899 2.98321e-007
ln_F(119,2)     -6.67377  1.9262e-006
ln_F(119,3)     -3.88765 -1.92084e-006
ln_F(119,4)     -4.30111 7.28521e-007
ln_F(120,1)     -4.93162  8.3999e-007
ln_F(120,2)     -6.21315 1.71619e-006
ln_F(120,3)     -5.03612 -8.69735e-007
ln_F(120,4)     -4.92418  4.1336e-007
ln_F(121,1)     -5.18865  2.3522e-007
ln_F(121,2)     -6.85317 2.11875e-006
ln_F(121,3)       -4.918 6.50068e-007
ln_F(121,4)     -4.62284 1.16306e-008
ln_F(122,1)     -4.94147 -8.86361e-007
ln_F(122,2)     -7.94057 -3.43986e-007
ln_F(122,3)     -3.38881 -6.31148e-008
ln_F(122,4)     -3.57941 5.46833e-007
ln_F(123,1)     -5.32833 -6.06892e-008
ln_F(123,2)     -7.47597 6.55598e-007
ln_F(123,3)     -4.31616 -1.69794e-006
ln_F(123,4)     -4.61194 -2.95152e-007
ln_F(124,1)     -5.14525 -5.00071e-007
ln_F(124,2)     -7.15774 7.26528e-007
ln_F(124,3)     -4.45905 -1.70936e-006
ln_F(124,4)     -4.89062 9.25912e-008
ln_F(125,1)     -4.34286 2.77548e-007
ln_F(125,2)     -6.99714 -4.24701e-008
ln_F(125,3)     -4.82312 -1.23155e-006
ln_F(125,4)     -4.36065 -8.34819e-007
ln_F(126,1)      -5.0972 -6.04649e-007
ln_F(126,2)      -7.7126 -3.59836e-007
ln_F(126,3)     -3.96624 -2.10243e-006
ln_F(126,4)     -4.30303 1.96368e-007
ln_F(127,1)      -4.4966 -1.68394e-007
ln_F(127,2)     -7.26138 -2.49451e-007
ln_F(127,3)     -4.09256 -8.53657e-007
ln_F(127,4)     -4.67472 6.19466e-007
ln_F(128,1)     -4.03721 1.06373e-007
ln_F(128,2)     -7.29802 1.11964e-006
ln_F(128,3)     -3.82735 -9.88801e-007
ln_F(128,4)     -4.62171 -3.19501e-007
ln_F(129,1)     -4.20746 -1.83234e-007
ln_F(129,2)     -7.78333 6.93063e-008
ln_F(129,3)     -4.10403 -7.72698e-007
ln_F(129,4)     -4.44706 4.34912e-007
ln_F(130,1)     -4.45697 -2.72364e-007
ln_F(130,2)     -7.55288 1.10219e-006
ln_F(130,3)     -3.41665 -1.3614e-006
ln_F(130,4)     -4.84945 3.02507e-007
ln_F(131,1)     -4.39437 -4.80775e-007
ln_F(131,2)     -6.62394 -1.96906e-007
ln_F(131,3)     -3.51485 -1.18988e-006
ln_F(131,4)     -4.57083 -7.34513e-008
ln_F(132,1)     -4.47864 8.62706e-008
ln_F(132,2)     -7.41182 -5.66448e-007
ln_F(132,3)     -3.63853 -8.02627e-007
ln_F(132,4)     -5.28225 -6.43614e-007
ln_F(133,1)     -3.95879 -7.1793e-007
ln_F(133,2)     -7.25941 -1.95351e-007
ln_F(133,3)     -4.16944 -1.5777e-007
ln_F(133,4)      -4.9665 -5.54232e-007
ln_F(134,1)     -4.29619 -2.92974e-008
ln_F(134,2)      -6.9664 -3.24441e-007
ln_F(134,3)     -3.25863 -6.5849e-007
ln_F(134,4)       -4.227 4.11996e-007
ln_F(135,1)      -3.9121 -3.8809e-007
ln_F(135,2)     -6.18455 4.45136e-007
ln_F(135,3)     -2.98524 -4.05569e-008
ln_F(135,4)     -4.88096 1.51003e-007
ln_F(136,1)      -3.6085 -7.92188e-007
ln_F(136,2)      -6.6042 4.35409e-007
ln_F(136,3)     -3.13008 3.42518e-007
ln_F(136,4)     -3.14061 4.99122e-007
ln_F(137,1)     -3.99101 -4.94731e-007
ln_F(137,2)     -6.51661 1.07901e-006
ln_F(137,3)     -3.95124  4.9889e-007
ln_F(137,4)      -4.4421 -9.28616e-007
ln_F(138,1)     -3.87807 1.98446e-007
ln_F(138,2)     -7.66264 -1.4981e-007
ln_F(138,3)      -3.4006 -7.84803e-007
ln_F(138,4)     -4.45592 -8.55319e-007
ln_F(139,1)     -3.81895 -6.41444e-007
ln_F(139,2)     -6.68228 1.47091e-007
ln_F(139,3)     -3.30104 -7.49589e-007
ln_F(139,4)     -3.99292  1.5836e-007
ln_F(140,1)     -3.81253 -1.60393e-007
ln_F(140,2)     -6.55738 2.84317e-007
ln_F(140,3)     -2.91737 -5.63921e-007
ln_F(140,4)     -3.82681 -2.05142e-007
ln_F(141,1)     -4.13434 -2.42392e-008
ln_F(141,2)     -6.94036 -2.84818e-007
ln_F(141,3)     -3.66705 -5.56581e-007
ln_F(141,4)     -4.42595 -6.85088e-008
ln_F(142,1)     -3.89249 -1.22695e-007
ln_F(142,2)     -8.27238 3.11242e-007
ln_F(142,3)     -2.79342 4.02558e-007
ln_F(142,4)     -3.91225 -1.1801e-006
ln_F(143,1)     -2.94391 -3.32218e-007
ln_F(143,2)     -6.51173 5.36809e-007
ln_F(143,3)     -2.97418 2.67197e-007
ln_F(143,4)      -3.5756 -5.49007e-007
ln_F(144,1)     -3.06907 -2.45108e-007
ln_F(144,2)     -6.32756 -8.19979e-007
ln_F(144,3)      -2.9026 -1.78423e-007
ln_F(144,4)     -4.18974 9.17293e-008
ln_F(145,1)     -2.99229 -3.27568e-007
ln_F(145,2)     -6.84566 -1.51373e-007
ln_F(145,3)     -3.58214 3.82805e-007
ln_F(145,4)     -3.99104 -2.73288e-007
ln_F(146,1)     -3.14705 -4.40762e-007
ln_F(146,2)      -8.4268 5.40801e-007
ln_F(146,3)      -3.0211 -3.99749e-007
ln_F(146,4)     -4.31099 1.99084e-007
ln_F(147,1)     -2.71836 -5.81422e-007
ln_F(147,2)     -6.44984 1.74595e-007
ln_F(147,3)     -3.11381 2.87392e-008
ln_F(147,4)     -4.14412 -7.61754e-007
ln_F(148,1)     -2.40301 -7.30009e-007
ln_F(148,2)     -6.19821 3.51352e-007
ln_F(148,3)     -3.03431 2.22698e-007
ln_F(148,4)     -4.37879 -8.32841e-007
ln_F(149,1)     -3.68093 3.19959e-007
ln_F(149,2)     -6.76474 -1.09877e-007
ln_F(149,3)     -3.56539 -8.18065e-007
ln_F(149,4)     -4.54943 1.52018e-008
ln_F(150,1)     -3.52598 -3.16186e-007
ln_F(150,2)     -7.74821  3.5215e-007
ln_F(150,3)     -3.03397 -1.80756e-007
ln_F(150,4)     -4.47602 6.02014e-007
ln_F(151,1)     -3.32088 -1.5067e-007
ln_F(151,2)     -6.30412 3.91147e-007
ln_F(151,3)     -2.78645 -1.66444e-006
ln_F(151,4)      -3.5276 -7.08883e-007
ln_F(152,1)     -5.91288 -1.35965e-006
ln_F(152,2)     -7.22669  1.6228e-006
ln_F(152,3)     -7.92792 -3.55521e-008
ln_F(152,4)     -4.75313 4.74976e-008
ln_F(153,1)     -5.65378 9.54126e-007
ln_F(153,2)     -6.86289 -6.22207e-007
ln_F(153,3)     -7.73373 -4.13099e-007
ln_F(153,4)     -4.75313 4.74976e-008
ln_F(154,1)     -6.29067 -5.64794e-007
ln_F(154,2)     -8.02149 -1.5979e-007
ln_F(154,3)     -7.35584 9.09116e-007
ln_F(154,4)     -4.75313 4.74976e-008
ln_F(155,1)     -5.63144 1.19008e-006
ln_F(155,2)     -7.70772 -1.86169e-006
ln_F(155,3)     -7.76604 1.14138e-007
ln_F(155,4)     -4.75313 4.74976e-008
ln_F(156,1)     -6.22003 1.04762e-006
ln_F(156,2)     -7.29265 -1.25489e-006
ln_F(156,3)     -8.01612 9.37507e-008
ln_F(156,4)     -4.75313 4.74976e-008
ln_F(157,1)     -5.45457 -1.5936e-006
ln_F(157,2)     -6.57829 8.05318e-007
ln_F(157,3)     -7.68557 1.07907e-006
ln_F(157,4)     -4.75313 4.74976e-008
ln_F(158,1)     -5.71371 1.49673e-007
ln_F(158,2)     -7.46242 1.55525e-007
ln_F(158,3)     -7.46971 -4.29442e-007
ln_F(158,4)     -4.75313 4.74976e-008
ln_F(159,1)     -5.39838 -3.56332e-007
ln_F(159,2)     -7.13401 -4.95795e-007
ln_F(159,3)     -7.42593 6.01656e-007
ln_F(159,4)     -4.75313 4.74976e-008
ln_F(160,1)     -5.20498  5.3295e-007
ln_F(160,2)     -6.85062 -1.62778e-006
ln_F(160,3)      -7.5587 -1.01794e-006
ln_F(160,4)     -4.75313 4.74976e-008
ln_F(161,1)     -4.59458 -4.72001e-007
ln_F(161,2)     -6.66037 1.79199e-006
ln_F(161,3)      -7.2553 -1.30134e-006
ln_F(161,4)     -4.75313 4.74976e-008
ln_F(162,1)     -5.55518 1.68992e-006
ln_F(162,2)     -7.65366 -1.1324e-006
ln_F(162,3)     -7.10828 -3.39775e-007
ln_F(162,4)     -4.75313 4.74976e-008
ln_F(163,1)     -5.44933 -2.04814e-006
ln_F(163,2)     -7.13837 -7.02584e-007
ln_F(163,3)     -7.17061  2.9376e-006
ln_F(163,4)     -4.75313 4.74976e-008
ln_F(164,1)     -4.68308  1.5073e-007
ln_F(164,2)     -7.27833 -9.41992e-007
ln_F(164,3)     -7.37642 1.07884e-006
ln_F(164,4)     -4.75313 4.74976e-008
ln_F(165,1)     -4.65638 -5.43316e-009
ln_F(165,2)     -6.95515 -1.97454e-006
ln_F(165,3)     -7.13423 8.47967e-007
ln_F(165,4)     -4.75313 4.74976e-008
ln_F(166,1)     -5.47312 1.79136e-006
ln_F(166,2)     -7.39246 -7.18848e-007
ln_F(166,3)     -7.07161 -1.19879e-006
ln_F(166,4)     -4.75313 4.74976e-008
ln_F(167,1)     -5.59448 1.03848e-006
ln_F(167,2)     -7.25048 -5.96897e-007
ln_F(167,3)     -6.69806 1.91114e-007
ln_F(167,4)     -4.75313 4.74976e-008
ln_F(168,1)     -4.92733 8.80097e-007
ln_F(168,2)     -7.40507 8.04146e-007
ln_F(168,3)      -7.1506 1.17631e-007
ln_F(168,4)     -4.75313 4.74976e-008
ln_F(169,1)     -5.38174 1.16537e-006
ln_F(169,2)     -7.20098 1.22393e-007
ln_F(169,3)     -6.73001 5.40576e-007
ln_F(169,4)     -4.75313 4.74976e-008
ln_F(170,1)     -5.49511 -1.44476e-007
ln_F(170,2)     -7.16494 6.98287e-007
ln_F(170,3)     -6.64238 -2.63224e-007
ln_F(170,4)     -4.75313 4.74976e-008
ln_F(171,1)     -5.85756 1.68511e-007
ln_F(171,2)     -6.71646 1.17046e-006
ln_F(171,3)     -6.73901 -6.21338e-007
ln_F(171,4)     -4.75313 4.74976e-008
ln_F(172,1)     -5.64667 -1.86685e-007
ln_F(172,2)     -7.51522 4.18841e-007
ln_F(172,3)      -7.2661 1.41129e-006
ln_F(172,4)     -4.75313 4.74976e-008
ln_F(173,1)     -5.02214 4.42215e-007
ln_F(173,2)     -7.03996 -7.03857e-007
ln_F(173,3)     -6.74113 8.72842e-007
ln_F(173,4)     -4.75313 4.74976e-008
ln_F(174,1)     -5.64247 -6.11211e-008
ln_F(174,2)     -7.24753 -8.04776e-008
ln_F(174,3)     -6.74934 5.14312e-008
ln_F(174,4)     -4.75313 4.74976e-008
ln_F(175,1)     -5.57733 -6.63641e-008
ln_F(175,2)      -6.8634 2.21069e-006
ln_F(175,3)     -6.76087 -2.19035e-006
ln_F(175,4)     -4.75313 4.74976e-008
ln_F(176,1)     -4.95778 4.79814e-007
ln_F(176,2)     -7.40539 -3.06918e-007
ln_F(176,3)     -7.16744 3.17124e-007
ln_F(176,4)     -4.75313 4.74976e-008
ln_F(177,1)     -5.09767 2.98318e-007
ln_F(177,2)     -7.18112 -3.97343e-007
ln_F(177,3)     -6.54511 3.15582e-007
ln_F(177,4)     -4.75313 4.74976e-008
ln_F(178,1)     -5.67256 6.53449e-007
ln_F(178,2)     -7.10823 1.12917e-007
ln_F(178,3)     -6.48793 -5.25096e-007
ln_F(178,4)     -4.75313 4.74976e-008
ln_F(179,1)     -5.59663 -1.35405e-007
ln_F(179,2)     -6.52509 3.20587e-008
ln_F(179,3)     -6.29874  2.5939e-007
ln_F(179,4)     -4.75313 4.74976e-008
ln_F(180,1)     -5.23963 5.90154e-007
ln_F(180,2)     -6.91802 -1.64904e-008
ln_F(180,3)     -6.84932 -1.60968e-007
ln_F(180,4)     -4.75313 4.74976e-008
ln_F(181,1)     -4.03318 6.68077e-007
ln_F(181,2)     -6.58478 1.71861e-006
ln_F(181,3)     -6.65554 -1.12197e-006
ln_F(181,4)     -4.75313 4.74976e-008
ln_F(182,1)     -4.87234 3.66142e-007
ln_F(182,2)     -7.31674 -1.69469e-006
ln_F(182,3)     -6.61661 5.26373e-007
ln_F(182,4)     -4.75313 4.74976e-008
ln_F(183,1)      -5.2725   8.505e-008
ln_F(183,2)     -6.24676 -3.49252e-007
ln_F(183,3)     -7.66013 3.61859e-007
ln_F(183,4)     -4.75313 4.74976e-008
ln_F(184,1)     -5.12419 6.01693e-007
ln_F(184,2)     -7.43795 -5.06697e-007
ln_F(184,3)     -7.34701   2.733e-007
ln_F(184,4)     -4.75313 4.74976e-008
ln_F(185,1)      -4.4025 2.16459e-007
ln_F(185,2)     -6.80401 -3.26085e-007
ln_F(185,3)     -6.73633 6.70963e-007
ln_F(185,4)     -4.75313 4.74976e-008
ln_F(186,1)     -5.39987 2.37907e-007
ln_F(186,2)     -7.03968 -6.14121e-007
ln_F(186,3)     -6.77269 7.20839e-007
ln_F(186,4)     -4.75313 4.74976e-008
ln_F(187,1)     -4.67764 1.77176e-007
ln_F(187,2)       -6.319 1.72635e-006
ln_F(187,3)     -6.64245 -1.0521e-007
ln_F(187,4)     -4.75313 4.74976e-008
ln_F(188,1)     -4.51097 2.60577e-007
ln_F(188,2)     -6.92663 -1.35069e-006
ln_F(188,3)     -7.13164 1.63851e-006
ln_F(188,4)     -4.75313 4.74976e-008
ln_F(189,1)      -4.2949 9.10676e-007
ln_F(189,2)     -7.02476 -3.17462e-006
ln_F(189,3)     -6.71867 3.08972e-006
ln_F(189,4)     -4.75313 4.74976e-008
ln_F(190,1)      -4.7948 2.83863e-007
ln_F(190,2)     -6.89801 2.00639e-006
ln_F(190,3)       -6.798 -7.9481e-007
ln_F(190,4)     -4.75313 4.74976e-008
ln_F(191,1)      -4.7771   8.038e-007
ln_F(191,2)     -5.80594 -1.32811e-006
ln_F(191,3)     -6.68547 1.33859e-006
ln_F(191,4)     -4.75313 4.74976e-008
ln_F(192,1)      -4.6439 5.23242e-007
ln_F(192,2)     -6.55822 -1.89721e-007
ln_F(192,3)      -7.2141 -1.88441e-007
ln_F(192,4)     -4.75313 4.74976e-008
ln_F(193,1)     -4.46523 1.11686e-007
ln_F(193,2)     -6.56202 -1.74976e-006
ln_F(193,3)     -6.60018 1.27171e-006
ln_F(193,4)     -4.75313 4.74976e-008
ln_F(194,1)     -4.79762 -5.18324e-007
ln_F(194,2)     -6.47307 -2.43263e-007
ln_F(194,3)       -6.491 4.60462e-007
ln_F(194,4)     -4.75313 4.74976e-008
ln_F(195,1)     -4.79684 -3.8039e-007
ln_F(195,2)     -5.08848 -7.78107e-007
ln_F(195,3)     -5.67485 1.23037e-006
ln_F(195,4)     -4.75313 4.74976e-008
ln_F(196,1)      -5.2331 -2.80555e-007
ln_F(196,2)     -5.77956 2.52157e-007
ln_F(196,3)     -6.76069 -1.6177e-007
ln_F(196,4)     -4.75313 4.74976e-008
ln_F(197,1)     -4.80494 9.32932e-007
ln_F(197,2)     -5.98526 -5.60276e-007
ln_F(197,3)     -6.69268 1.06495e-006
ln_F(197,4)     -4.75313 4.74976e-008
ln_F(198,1)     -4.01005 3.30163e-007
ln_F(198,2)     -4.87561 2.09828e-007
ln_F(198,3)     -6.28997  4.3719e-007
ln_F(198,4)     -4.75313 4.74976e-008
ln_F(199,1)     -4.61796 2.65477e-007
ln_F(199,2)     -4.73098 -1.09704e-007
ln_F(199,3)      -6.2911 4.06585e-007
ln_F(199,4)     -4.75313 4.74976e-008
ln_F(200,1)     -5.08394 4.35446e-007
ln_F(200,2)     -6.77841 -2.75922e-006
ln_F(200,3)     -6.68175 2.10881e-006
ln_F(200,4)     -4.75313 4.74976e-008
ln_F(201,1)     -4.47547 -4.0811e-007
ln_F(201,2)     -4.90192 6.41849e-007
ln_F(201,3)     -6.46652 -6.0467e-007
ln_F(201,4)     -4.75313 4.74976e-008
ln_F(202,1)     -4.91689 -2.02058e-007
ln_F(202,2)     -5.78264 1.50444e-006
ln_F(202,3)     -6.40922 -4.34205e-007
ln_F(202,4)     -4.75313 4.74976e-008
ln_F(203,1)     -5.04859 1.23166e-006
ln_F(203,2)     -4.75242 -4.01205e-007
ln_F(203,3)      -6.3198 6.17877e-007
ln_F(203,4)     -4.75313 4.74976e-008
ln_F(204,1)     -4.94605 2.34505e-008
ln_F(204,2)     -6.28489 -1.09242e-006
ln_F(204,3)     -6.79028  1.1733e-006
ln_F(204,4)     -4.75313 4.74976e-008
ln_F(205,1)      -4.5236 -1.18802e-006
ln_F(205,2)     -5.31285   2.957e-006
ln_F(205,3)     -6.12538 -9.88209e-007
ln_F(205,4)     -4.75313 4.74976e-008
ln_F(206,1)       -4.789 1.31171e-007
ln_F(206,2)      -6.2192 -2.17661e-007
ln_F(206,3)     -5.94016 2.81834e-007
ln_F(206,4)     -4.75313 4.74976e-008
ln_F(207,1)     -4.78575 8.11111e-007
ln_F(207,2)     -6.01432 -1.43078e-006
ln_F(207,3)     -6.39577 1.09472e-006
ln_F(207,4)     -4.75313 4.74976e-008
ln_F(208,1)     -4.77996 -1.12787e-006
ln_F(208,2)     -5.07134 1.03717e-006
ln_F(208,3)      -6.6902 5.83792e-007
ln_F(208,4)     -4.75313 4.74976e-008
ln_F(209,1)     -4.54321 6.58567e-007
ln_F(209,2)     -4.96969 -4.13018e-008
ln_F(209,3)     -6.10886 5.66818e-007
ln_F(209,4)     -4.75313 4.74976e-008
ln_F(210,1)     -4.71039 1.50673e-007
ln_F(210,2)      -4.5534  3.7288e-007
ln_F(210,3)     -6.05552 2.11461e-007
ln_F(210,4)     -4.75313 4.74976e-008
ln_F(211,1)     -4.41949 -4.10331e-007
ln_F(211,2)     -5.16822 7.77612e-007
ln_F(211,3)     -5.91338 7.51353e-007
ln_F(211,4)     -4.75313 4.74976e-008
ln_F(212,1)     -4.35087 8.03913e-007
ln_F(212,2)     -5.22206 -1.00008e-006
ln_F(212,3)      -6.1623 -1.20467e-007
ln_F(212,4)     -4.75313 4.74976e-008
ln_F(213,1)     -4.09477 -1.00324e-006
ln_F(213,2)     -5.19608 2.54283e-006
ln_F(213,3)     -5.74952 -1.22596e-006
ln_F(213,4)     -4.75313 4.74976e-008
ln_F(214,1)      -4.0713  7.9113e-007
ln_F(214,2)     -4.55699 -1.2274e-006
ln_F(214,3)     -4.93234 1.17736e-006
ln_F(214,4)     -4.75313 4.74976e-008
ln_F(215,1)     -3.90094 5.95794e-007
ln_F(215,2)     -4.21241  6.7419e-008
ln_F(215,3)     -4.77765 -5.21218e-007
ln_F(215,4)     -4.75313 4.74976e-008
ln_F(216,1)      -3.8984 1.94682e-008
ln_F(216,2)     -4.96255 1.43394e-006
ln_F(216,3)     -5.34443 -1.09552e-006
ln_F(216,4)     -4.75313 4.74976e-008
ln_F(217,1)     -3.72067 -2.33838e-007
ln_F(217,2)     -4.60349 1.13739e-007
ln_F(217,3)     -4.94944 -9.66528e-009
ln_F(217,4)     -4.75313 4.74976e-008
ln_F(218,1)     -3.83156 2.41455e-007
ln_F(218,2)     -4.13089 9.25703e-008
ln_F(218,3)     -4.73148 -1.90398e-007
ln_F(218,4)     -4.75313 4.74976e-008
ln_F(219,1)      -3.9125 -8.69277e-007
ln_F(219,2)     -4.60244 8.44284e-007
ln_F(219,3)     -4.96722 1.46834e-007
ln_F(219,4)     -4.75313 4.74976e-008
ln_F(220,1)     -3.93893 8.65499e-008
ln_F(220,2)     -5.81355 6.73093e-007
ln_F(220,3)     -4.92257 4.95478e-007
ln_F(220,4)     -4.75313 4.74976e-008
ln_F(221,1)     -3.71922  1.0945e-007
ln_F(221,2)     -4.98379 1.46441e-007
ln_F(221,3)     -4.87995 1.64281e-007
ln_F(221,4)     -4.75313 4.74976e-008
ln_F(222,1)     -4.00948 1.63854e-007
ln_F(222,2)     -4.16651 4.13615e-007
ln_F(222,3)     -4.62268 -1.11056e-007
ln_F(222,4)     -4.75313 4.74976e-008
ln_F(223,1)      -3.9317 1.21622e-007
ln_F(223,2)     -4.01484 8.26257e-007
ln_F(223,3)     -4.89308 -1.92539e-008
ln_F(223,4)     -4.75313 4.74976e-008
ln_F(224,1)     -4.01911 -5.80463e-007
ln_F(224,2)     -6.71431 -1.41732e-006
ln_F(224,3)     -5.40452 1.43235e-006
ln_F(224,4)     -4.75313 4.74976e-008
ln_F(225,1)     -3.88214 2.17355e-007
ln_F(225,2)      -5.0154 -1.25636e-007
ln_F(225,3)     -5.20802 1.31002e-006
ln_F(225,4)     -4.75313 4.74976e-008
ln_F(226,1)     -4.15051 -1.06859e-007
ln_F(226,2)       -4.263 6.11064e-007
ln_F(226,3)     -4.66253 6.77214e-007
ln_F(226,4)     -4.75313 4.74976e-008
ln_F(227,1)     -4.12268 4.12901e-007
ln_F(227,2)     -4.44708 5.28919e-007
ln_F(227,3)      -4.9435 1.34036e-006
ln_F(227,4)     -4.75313 4.74976e-008
ln_F(228,1)     -4.19448 -5.7795e-007
ln_F(228,2)     -6.63609 -3.78385e-007
ln_F(228,3)     -5.29584 7.58948e-007
ln_F(228,4)     -4.75313 4.74976e-008
ln_F(229,1)     -4.09681  7.0889e-007
ln_F(229,2)      -4.7653 -9.51781e-008
ln_F(229,3)     -5.34813 7.99871e-007
ln_F(229,4)     -4.75313 4.74976e-008
ln_F(230,1)     -4.20807 1.50819e-007
ln_F(230,2)     -4.13835 -2.50273e-007
ln_F(230,3)      -4.4349 6.53845e-007
ln_F(230,4)     -4.75313 4.74976e-008
ln_F(231,1)     -4.27653 3.70036e-007
ln_F(231,2)     -4.18364 -1.93029e-007
ln_F(231,3)     -3.62879 8.38534e-007
ln_F(231,4)     -4.75313 4.74976e-008
ln_F(232,1)     -4.39814 8.45518e-007
ln_F(232,2)     -5.32355 -1.15062e-006
ln_F(232,3)     -5.22946 3.89745e-007
ln_F(232,4)     -4.75313 4.74976e-008
ln_F(233,1)     -4.17767 -1.75508e-007
ln_F(233,2)     -5.87361 1.10217e-007
ln_F(233,3)     -5.13682 -2.03174e-007
ln_F(233,4)     -4.75313 4.74976e-008
ln_F(234,1)     -4.33466 1.07137e-006
ln_F(234,2)     -4.42815 -1.37848e-006
ln_F(234,3)      -4.2608 1.64795e-008
ln_F(234,4)     -4.75313 4.74976e-008
ln_F(235,1)     -4.17476 -2.90494e-007
ln_F(235,2)     -4.28136 5.33196e-008
ln_F(235,3)     -4.29916 1.42199e-007
ln_F(235,4)     -4.75313 4.74976e-008
ln_F(236,1)     -4.23703 -5.60944e-007
ln_F(236,2)      -5.1774 6.97974e-008
ln_F(236,3)     -5.04192 5.39731e-008
ln_F(236,4)     -4.75313 4.74976e-008
ln_F(237,1)     -4.09367 -5.14355e-007
ln_F(237,2)     -5.19684 -1.67367e-007
ln_F(237,3)     -4.98319 7.88609e-007
ln_F(237,4)     -4.75313 4.74976e-008
ln_F(238,1)      -4.3068  4.1371e-007
ln_F(238,2)     -4.14318 -7.3547e-007
ln_F(238,3)     -4.83281 3.61638e-007
ln_F(238,4)     -4.75313 4.74976e-008
ln_F(239,1)     -4.36233 4.81507e-007
ln_F(239,2)     -4.39652  6.1516e-007
ln_F(239,3)       -4.729 -1.27178e-007
ln_F(239,4)     -4.75313 4.74976e-008
ln_F(240,1)      -4.4877 4.30052e-007
ln_F(240,2)     -4.74946 -4.85086e-007
ln_F(240,3)      -5.2864 7.84876e-007
ln_F(240,4)     -4.75313 4.74976e-008
ln_F(241,1)     -4.12015 8.65208e-008
ln_F(241,2)     -5.16028 8.13215e-007
ln_F(241,3)     -4.97794 1.97789e-007
ln_F(241,4)     -4.75313 4.74976e-008
ln_F(242,1)     -4.26083 -3.94153e-007
ln_F(242,2)     -5.01156 -5.5033e-008
ln_F(242,3)     -4.79355 1.05695e-007
ln_F(242,4)     -4.75313 4.74976e-008
ln_F(243,1)     -4.58175 5.45557e-007
ln_F(243,2)     -4.45867 -1.17813e-006
ln_F(243,3)     -5.04411 9.32054e-007
ln_F(243,4)     -4.75313 4.74976e-008
ln_F(244,1)      -4.7102 -6.02478e-007
ln_F(244,2)     -5.41623 1.41179e-006
ln_F(244,3)     -5.43549 -3.0343e-007
ln_F(244,4)     -4.75313 4.74976e-008
ln_F(245,1)     -4.58271 -1.70977e-007
ln_F(245,2)     -5.40905 -1.34097e-006
ln_F(245,3)     -5.36911 3.05936e-007
ln_F(245,4)     -4.75313 4.74976e-008
ln_F(246,1)     -4.78563 -5.86789e-007
ln_F(246,2)     -5.36496 3.50431e-007
ln_F(246,3)     -5.26708 -6.4511e-007
ln_F(246,4)     -4.75313 4.74976e-008
ln_F(247,1)     -4.38691 2.52241e-007
ln_F(247,2)     -4.78216 -3.47381e-007
ln_F(247,3)     -4.64683 4.94538e-007
ln_F(247,4)     -4.75313 4.74976e-008
ln_F(248,1)     -4.63085 -4.59918e-007
ln_F(248,2)     -5.57745 -3.26997e-007
ln_F(248,3)     -5.65956 9.62513e-007
ln_F(248,4)     -4.75313 4.74976e-008
ln_F(249,1)     -4.32644 5.28554e-007
ln_F(249,2)     -5.91548 9.45879e-007
ln_F(249,3)     -5.41263 -6.33446e-008
ln_F(249,4)     -4.75313 4.74976e-008
ln_F(250,1)     -4.49685 2.20726e-007
ln_F(250,2)     -4.69583 -7.77493e-007
ln_F(250,3)     -5.30783 5.03899e-007
ln_F(250,4)     -4.75313 4.74976e-008
ln_F(251,1)     -4.25483 4.55214e-007
ln_F(251,2)     -4.78622 5.01765e-007
ln_F(251,3)     -4.63162 9.22758e-007
ln_F(251,4)     -4.75313 4.74976e-008
ln_F(252,1)     -4.45488 5.88562e-007
ln_F(252,2)     -5.93688 5.25794e-007
ln_F(252,3)     -5.33615 -2.24006e-007
ln_F(252,4)     -4.75313 4.74976e-008
ln_F(253,1)     -4.14738 -1.55916e-007
ln_F(253,2)     -5.56433 -7.69293e-008
ln_F(253,3)     -5.02991 8.46888e-007
ln_F(253,4)     -4.75313 4.74976e-008
ln_F(254,1)     -4.16429 -1.12748e-007
ln_F(254,2)     -5.35565 2.74994e-007
ln_F(254,3)     -4.88127 6.33202e-007
ln_F(254,4)     -4.75313 4.74976e-008
ln_F(255,1)     -4.25461  1.1297e-006
ln_F(255,2)      -4.7646 -2.63233e-006
ln_F(255,3)     -4.52786 1.61734e-006
ln_F(255,4)     -4.75313 4.74976e-008
ln_F(256,1)     -4.44541 -1.20627e-007
ln_F(256,2)     -5.52957  9.4668e-007
ln_F(256,3)     -5.03666 -4.52857e-007
ln_F(256,4)     -4.75313 4.74976e-008
ln_F(257,1)     -3.94581 -1.04054e-006
ln_F(257,2)     -4.79159 1.00146e-006
ln_F(257,3)     -5.07326 4.37246e-007
ln_F(257,4)     -4.75313 4.74976e-008
ln_F(258,1)     -3.63525 -2.15406e-007
ln_F(258,2)     -4.79576 -1.49919e-006
ln_F(258,3)     -4.61043  5.0309e-008
ln_F(258,4)     -4.75313 4.74976e-008
ln_F(259,1)     -3.76698 -6.97157e-007
ln_F(259,2)     -3.97205 -3.18164e-007
ln_F(259,3)     -4.57443 2.22799e-007
ln_F(259,4)     -4.75313 4.74976e-008
ln_F(260,1)     -3.22226 -6.39093e-007
ln_F(260,2)      -4.3673 -4.6452e-007
ln_F(260,3)     -1.42345 2.24972e-006
ln_F(260,4)     -4.75313 4.74976e-008
ln_F(261,1)     -3.63445 1.36284e-008
ln_F(261,2)     -4.63509 -4.82332e-007
ln_F(261,3)     -4.69585 1.17818e-006
ln_F(261,4)     -4.75313 4.74976e-008
ln_F(262,1)     -3.44574 1.06788e-007
ln_F(262,2)     -4.91796 -7.20881e-007
ln_F(262,3)     -4.32869 1.47525e-008
ln_F(262,4)     -4.75313 4.74976e-008
ln_F(263,1)     -3.44724 6.52564e-007
ln_F(263,2)     -4.46142 1.91026e-007
ln_F(263,3)     -3.80241 -5.63019e-007
ln_F(263,4)     -4.75313 4.74976e-008
ln_F(264,1)     -3.82614 -2.09925e-007
ln_F(264,2)     -5.21612 -6.79117e-007
ln_F(264,3)     -2.02394 8.07699e-007
ln_F(264,4)     -4.75313 4.74976e-008
ln_F(265,1)     -4.17744 5.62484e-007
ln_F(265,2)     -4.94901 1.38908e-007
ln_F(265,3)     -4.31993 8.29987e-008
ln_F(265,4)     -4.75313 4.74976e-008
ln_F(266,1)     -4.27565 1.79745e-007
ln_F(266,2)     -4.50574 2.07511e-007
ln_F(266,3)     -4.29841 -2.35249e-009
ln_F(266,4)     -4.75313 4.74976e-008
ln_F(267,1)     -3.99984 3.26853e-007
ln_F(267,2)     -4.65697 -9.10333e-007
ln_F(267,3)     -4.68838 -3.02651e-007
ln_F(267,4)     -4.75313 4.74976e-008
ln_F(268,1)     -4.24462 -1.56509e-007
ln_F(268,2)     -6.16572 -8.46336e-007
ln_F(268,3)     -4.66609 9.50208e-007
ln_F(268,4)     -4.75313 4.74976e-008
ln_F(269,1)     -4.21428 1.46343e-007
ln_F(269,2)     -5.76701 -6.38061e-007
ln_F(269,3)     -4.99394 6.92047e-007
ln_F(269,4)     -4.75313 4.74976e-008
ln_F(270,1)     -4.53409 4.18841e-007
ln_F(270,2)     -5.00625 -2.89393e-007
ln_F(270,3)     -4.94753  9.2234e-007
ln_F(270,4)     -4.75313 4.74976e-008
ln_F(271,1)     -4.81831 2.59383e-008
ln_F(271,2)     -5.02206 -2.94446e-007
ln_F(271,3)     -5.13458 3.63139e-007
ln_F(271,4)     -4.75313 4.74976e-008
ln_F(272,1)     -5.76279 -6.56885e-007
ln_F(272,2)     -6.59339 -2.82999e-007
ln_F(272,3)     -5.55376 5.09503e-007
ln_F(272,4)     -4.75313 4.74976e-008
ln_F(273,1)     -5.72944 -1.38119e-007
ln_F(273,2)     -6.97041 1.43284e-006
ln_F(273,3)     -5.40605 7.64495e-007
ln_F(273,4)     -4.75313 4.74976e-008
ln_F(274,1)     -5.72731 3.05299e-007
ln_F(274,2)     -5.24265 -2.88338e-007
ln_F(274,3)     -5.21987 5.42888e-007
ln_F(274,4)     -4.75313 4.74976e-008
ln_F(275,1)     -5.87131 3.73213e-007
ln_F(275,2)     -5.48494 3.85988e-007
ln_F(275,3)     -5.27302 8.67217e-007
ln_F(275,4)     -4.75313 4.74976e-008
ln_F(276,1)     -5.48394 -4.1196e-007
ln_F(276,2)     -6.89252 2.89512e-007
ln_F(276,3)     -4.97477 7.85664e-007
ln_F(276,4)     -4.75313 4.74976e-008
ln_F(277,1)      -5.4937 -5.03761e-007
ln_F(277,2)     -6.62289 4.88917e-007
ln_F(277,3)     -5.07583 7.06788e-007
ln_F(277,4)     -4.75313 4.74976e-008
ln_F(278,1)     -5.51232 6.39289e-007
ln_F(278,2)     -5.38195 1.36966e-007
ln_F(278,3)     -4.95471 -6.36689e-007
ln_F(278,4)     -4.75313 4.74976e-008
ln_F(279,1)      -5.1846 6.21541e-008
ln_F(279,2)     -5.21255 5.26819e-007
ln_F(279,3)     -4.77911 -2.61809e-007
ln_F(279,4)     -4.75313 4.74976e-008
ln_F(280,1)      -5.1766 4.36992e-007
ln_F(280,2)     -6.71159 3.72342e-007
ln_F(280,3)     -4.92094 4.35999e-007
ln_F(280,4)     -4.75313 4.74976e-008
ln_F(281,1)     -5.00303 2.50258e-007
ln_F(281,2)     -6.75856 -8.71536e-009
ln_F(281,3)     -4.96098 -1.88402e-007
ln_F(281,4)     -4.75313 4.74976e-008
ln_F(282,1)     -5.02319 1.22692e-006
ln_F(282,2)     -5.18035 -1.03438e-006
ln_F(282,3)     -4.72493 8.18744e-009
ln_F(282,4)     -4.75313 4.74976e-008
ln_F(283,1)      -5.2427 -1.41847e-007
ln_F(283,2)     -4.68056 -5.17725e-007
ln_F(283,3)       -4.743 -6.86065e-007
ln_F(283,4)     -4.75313 4.74976e-008
ln_F(284,1)     -5.12793 -1.58075e-006
ln_F(284,2)     -6.55162  1.0553e-006
ln_F(284,3)     -5.10326 5.61535e-007
ln_F(284,4)     -4.75313 4.74976e-008
ln_F(285,1)     -5.12862 1.91904e-006
ln_F(285,2)     -6.93568 -1.62532e-006
ln_F(285,3)     -4.97439 -6.69762e-007
ln_F(285,4)     -4.75313 4.74976e-008
ln_F(286,1)     -5.07932 -5.68184e-007
ln_F(286,2)     -6.06733 9.80437e-008
ln_F(286,3)     -5.00406 6.26154e-007
ln_F(286,4)     -4.75313 4.74976e-008
ln_F(287,1)     -4.58394 -9.54802e-008
ln_F(287,2)     -4.41403 3.50123e-008
ln_F(287,3)      -4.7201 -1.12701e-007
ln_F(287,4)     -4.75313 4.74976e-008
ln_F(288,1)     -4.40537 -2.48386e-007
ln_F(288,2)     -5.65294  9.1781e-008
ln_F(288,3)     -4.73174 4.62999e-007
ln_F(288,4)     -4.75313 4.74976e-008
ln_F(289,1)     -4.42821 7.59337e-007
ln_F(289,2)     -6.27809 -1.18397e-008
ln_F(289,3)     -4.67243 1.62628e-007
ln_F(289,4)     -4.75313 4.74976e-008
ln_F(290,1)     -4.46423 2.91009e-008
ln_F(290,2)     -6.97939 -6.86002e-007
ln_F(290,3)     -4.62726 8.16024e-007
ln_F(290,4)     -4.75313 4.74976e-008
ln_F(291,1)     -4.64292 -4.93044e-007
ln_F(291,2)     -5.57438 -9.38152e-008
ln_F(291,3)     -5.00292 -7.27101e-007
ln_F(291,4)     -4.75313 4.74976e-008
ln_F(292,1)     -4.69851 -1.1595e-009
ln_F(292,2)     -5.61402 -1.28669e-006
ln_F(292,3)     -5.10501 4.97145e-007
ln_F(292,4)     -4.75313 4.74976e-008
ln_F(293,1)     -4.66596 -8.66512e-007
ln_F(293,2)     -4.99526 4.83961e-007
ln_F(293,3)     -5.08272 3.63172e-007
ln_F(293,4)     -4.75313 4.74976e-008
ln_F(294,1)     -3.41528 -4.26176e-007
ln_F(294,2)     -4.51357 1.83668e-006
ln_F(294,3)     -4.49684 -1.15069e-006
ln_F(294,4)     -4.75313 4.74976e-008
ln_F(295,1)     -3.65404 4.30546e-007
ln_F(295,2)     -4.85277 -3.90387e-006
ln_F(295,3)      -4.8115 2.80953e-006
ln_F(295,4)     -4.75313 4.74976e-008
ln_F(296,1)     -3.71517  5.2709e-007
ln_F(296,2)     -6.16797 1.09166e-007
ln_F(296,3)     -4.81032 8.59039e-008
ln_F(296,4)     -4.75313 4.74976e-008
ln_F(297,1)     -3.74606 1.51073e-007
ln_F(297,2)     -4.90943 -2.58153e-007
ln_F(297,3)     -4.98342 5.89629e-007
ln_F(297,4)     -4.75313 4.74976e-008
ln_F(298,1)     -3.64538 -2.24561e-007
ln_F(298,2)     -4.80446 1.67455e-006
ln_F(298,3)     -4.65951 -9.45735e-007
ln_F(298,4)     -4.75313 4.74976e-008
ln_F(299,1)     -4.53796 1.05192e-006
ln_F(299,2)     -4.40209 -1.34258e-006
ln_F(299,3)     -5.05229 1.78095e-006
ln_F(299,4)     -4.75313 4.74976e-008
ln_F(300,1)     -4.54551 9.98497e-007
ln_F(300,2)     -5.39445 -1.67639e-007
ln_F(300,3)     -5.02258 6.12388e-007
ln_F(300,4)     -4.75313 4.74976e-008
ln_F(301,1)     -4.49078 -3.72936e-007
ln_F(301,2)     -4.99994 1.38997e-006
ln_F(301,3)     -5.10224 1.08133e-006
ln_F(301,4)     -4.75313 4.74976e-008
ln_F(302,1)     -4.47266 7.25359e-007
ln_F(302,2)     -5.90635 -1.61481e-006
ln_F(302,3)     -4.86542 1.07805e-006
ln_F(302,4)     -4.75313 4.74976e-008
