ParName   Value   Gradient
ln_R_ave(1)      12.0152     -242.398
ln_rec_devs(1,1)     0.725866     -3.93347
ln_rec_devs(1,2)     0.314611     -3.31115
ln_rec_devs(1,3)    -0.220639    -0.542299
ln_rec_devs(1,4)     0.396062     -1.07947
ln_rec_devs(1,5)      1.15879     -2.35255
ln_rec_devs(1,6)     0.395936     -1.63398
ln_rec_devs(1,7)     0.825375     -3.36959
ln_rec_devs(1,8)       1.1611     -1.38632
ln_rec_devs(1,9)      1.24084     -3.97555
ln_rec_devs(1,10)       1.0286     -2.00654
ln_rec_devs(1,11)       1.1487     -3.82768
ln_rec_devs(1,12)     0.331251     -1.31098
ln_rec_devs(1,13)     0.798185     -3.02922
ln_rec_devs(1,14)     0.626584    -0.148488
ln_rec_devs(1,15)     0.564041     -1.43632
ln_rec_devs(1,16)     0.198742     -3.99267
ln_rec_devs(1,17)     0.597405     -6.74044
ln_rec_devs(1,18)     0.634563     -2.04274
ln_rec_devs(1,19)     0.592523     -1.46062
ln_rec_devs(1,20)      0.77515     -3.27783
ln_rec_devs(1,21)      1.09199     -7.40426
ln_rec_devs(1,22)     0.862892     -4.95843
ln_rec_devs(1,23)        1.129      -2.4529
ln_rec_devs(1,24)     0.577985      -2.4169
ln_rec_devs(1,25)     0.639987      -2.0112
ln_rec_devs(1,26)     0.536752     -2.63798
ln_rec_devs(1,27)     0.630261    -0.256655
ln_rec_devs(1,28)     0.154304     -0.33102
ln_rec_devs(1,29)      0.29247        -2.43
ln_rec_devs(1,30)     0.529109     -1.11257
ln_rec_devs(1,31)     0.915532    -0.931563
ln_rec_devs(1,32)     0.844591    -0.241356
ln_rec_devs(1,33)     0.880473     -1.46991
ln_rec_devs(1,34)     0.791363      1.01756
ln_rec_devs(1,35)      0.23866     -1.76117
ln_rec_devs(1,36)     0.416969     -0.63764
ln_rec_devs(1,37)     0.384343     -2.02877
ln_rec_devs(1,38)     0.826317      6.30701
ln_rec_devs(1,39)     0.622603     -0.58516
ln_rec_devs(1,40)     0.659639    -0.982501
ln_rec_devs(1,41)      1.08504     0.311643
ln_rec_devs(1,42)     0.868072     -1.72518
ln_rec_devs(1,43)     0.927715     -2.00789
ln_rec_devs(1,44)     0.528391     -2.83793
ln_rec_devs(1,45)     0.722133     -1.37425
ln_rec_devs(1,46)     0.541204     -2.23664
ln_rec_devs(1,47)     0.721514   -0.0344973
ln_rec_devs(1,48)     0.147039     -1.37423
ln_rec_devs(1,49)     0.229486     -1.11805
ln_rec_devs(1,50)      1.16629     -1.43303
ln_rec_devs(1,51)      1.08734    -0.677252
ln_rec_devs(1,52)     0.701658    -0.846742
ln_rec_devs(1,53)     0.660736     -1.65882
ln_rec_devs(1,54)     0.570773     -1.19684
ln_rec_devs(1,55)     0.650664     -2.03651
ln_rec_devs(1,56)      0.64501     -1.18188
ln_rec_devs(1,57)     0.254248     -2.00509
ln_rec_devs(1,58)     0.253328     -1.52546
ln_rec_devs(1,59)      0.15616    -0.912079
ln_rec_devs(1,60)     0.173523    -0.771079
ln_rec_devs(1,61)    0.0465994     -1.64315
ln_rec_devs(1,62)     0.610266     -3.47887
ln_rec_devs(1,63)     0.551925     -2.28302
ln_rec_devs(1,64)     0.357448     -2.54755
ln_rec_devs(1,65)     0.469578     -2.56881
ln_rec_devs(1,66)     0.429605     -2.09814
ln_rec_devs(1,67)     0.355103     -2.85908
ln_rec_devs(1,68)     0.925427      -3.0569
ln_rec_devs(1,69)     0.830418     -3.37566
ln_rec_devs(1,70)     0.864161      -2.6873
ln_rec_devs(1,71)     0.838291     -1.92186
ln_rec_devs(1,72)       1.2982     -3.21031
ln_rec_devs(1,73)      1.01202     -2.25773
ln_rec_devs(1,74)     0.872143     -1.61807
ln_rec_devs(1,75)     0.635757     -2.46323
ln_rec_devs(1,76)     0.695362     0.107031
ln_rec_devs(1,77)     0.718736     -1.65809
ln_rec_devs(1,78)      1.00127     -2.97224
ln_rec_devs(1,79)     0.668528    -0.853347
ln_rec_devs(1,80)     0.846972     -2.06602
ln_rec_devs(1,81)       1.2705     -1.70804
ln_rec_devs(1,82)      0.88528     -1.17781
ln_rec_devs(1,83)     0.440233     -2.17383
ln_rec_devs(1,84)     0.478383     -2.39369
ln_rec_devs(1,85)     0.917764     -2.19675
ln_rec_devs(1,86)      1.01343     -1.93192
ln_rec_devs(1,87)     0.500441     -1.55423
ln_rec_devs(1,88)     0.714797     -2.15514
ln_rec_devs(1,89)     0.660827     -1.10794
ln_rec_devs(1,90)     0.855869     -1.09025
ln_rec_devs(1,91)     0.877164     -1.33811
ln_rec_devs(1,92)        0.886     -1.29763
ln_rec_devs(1,93)    -0.433752    -0.669382
ln_rec_devs(1,94)    0.0342367     -1.78924
ln_rec_devs(1,95)     0.936749     -1.71236
ln_rec_devs(1,96)     0.498945    -0.217045
ln_rec_devs(1,97)      1.00443    -0.925925
ln_rec_devs(1,98)     0.441772    -0.480249
ln_rec_devs(1,99)     0.444744     -1.95637
ln_rec_devs(1,100)      0.39622     -2.29708
ln_rec_devs(1,101)    0.0840579     -2.06945
ln_rec_devs(1,102)     0.718644     -1.39193
ln_rec_devs(1,103)      0.41566     -1.79381
ln_rec_devs(1,104)     0.450741     -1.19097
ln_rec_devs(1,105)     0.552829     -1.45963
ln_rec_devs(1,106)     0.134242    -0.806312
ln_rec_devs(1,107)     0.239598     -1.96588
ln_rec_devs(1,108)     0.747409      -1.5623
ln_rec_devs(1,109)      1.01521     -3.31345
ln_rec_devs(1,110)     0.974865     -2.61218
ln_rec_devs(1,111)      1.10038     -2.31606
ln_rec_devs(1,112)      1.06894      -2.8992
ln_rec_devs(1,113)       1.3787     -3.22507
ln_rec_devs(1,114)      1.20117     -1.96947
ln_rec_devs(1,115)     0.881385     -3.05589
ln_rec_devs(1,116)     0.898492     -2.29778
ln_rec_devs(1,117)     0.738806     -2.17438
ln_rec_devs(1,118)     0.789215     -1.68045
ln_rec_devs(1,119)     0.869312     -2.05657
ln_rec_devs(1,120)      0.37694    -0.808909
ln_rec_devs(1,121)     0.416521     -2.27219
ln_rec_devs(1,122)     0.263196     -2.52422
ln_rec_devs(1,123)     0.365032     -1.77071
ln_rec_devs(1,124)      0.02152     -2.31993
ln_rec_devs(1,125)     0.553391     -2.92188
ln_rec_devs(1,126)      0.49555     -3.55469
ln_rec_devs(1,127)     0.715979     -3.79052
ln_rec_devs(1,128)     0.144322     -2.52889
ln_rec_devs(1,129)     0.599676     -3.69677
ln_rec_devs(1,130)     0.563787     -2.26463
ln_rec_devs(1,131)     0.433482       -2.419
ln_rec_devs(1,132)     0.635754     -3.30903
ln_rec_devs(1,133)     0.600798     -1.54714
ln_rec_devs(1,134)     0.624091     -1.58095
ln_rec_devs(1,135)      1.15946      -1.8203
ln_rec_devs(1,136)     0.548034     -2.32698
ln_rec_devs(1,137)     0.770393     -1.86205
ln_rec_devs(1,138)      0.45912     -1.84823
ln_rec_devs(1,139)     0.668875      -2.3722
ln_rec_devs(1,140)     0.850823     -1.69564
ln_rec_devs(1,141)     0.933228     -0.95165
ln_rec_devs(1,142)     0.990709     -1.43413
ln_rec_devs(1,143)     0.737882     -2.08754
ln_rec_devs(1,144)     0.628684     -1.74253
ln_rec_devs(1,145)     0.279131    0.0503338
ln_rec_devs(1,146)    0.0443801     -5.58615
ln_rec_devs(1,147)     0.389673     -1.96894
ln_rec_devs(1,148)    -0.115926    -0.306285
ln_rec_devs(1,149)    -0.132277   -0.0234685
ln_rec_devs(1,150)    0.0101748   -0.0281169
ln_T_CNST(1,1)    -0.504212      30.6472
ln_T_CNST(2,1)        1.789     -31.0799
log_sel_beta1(1,1)      2.39667     0.817919
log_sel_beta1(1,2)     0.860125     -3.01363
log_sel_beta1(1,3)     0.100325      3.15195
log_sel_beta1(1,4)     0.194121     -2.89864
log_sel_beta1(1,5)    0.0659937      34.8086
log_sel_beta1(1,6)     0.183166    -0.997136
log_sel_beta1(1,7)      2.38777     -154.931
log_sel_beta1(2,1)      0.69886     -13.3456
log_sel_beta1(2,2)     -3.80091 -3.85167e-007
log_sel_beta1(2,3)   0.00673563     -11.8294
log_sel_beta1(2,4)     0.474466   -0.0692097
log_sel_beta1(2,5)     -3.80091 -3.85167e-007
log_sel_beta1(2,6)      2.96244     0.270615
log_sel_beta1(2,7)     -1.11941      27.7199
log_sel_beta2(1,1)      1.57697      -21.028
log_sel_beta2(1,2)      2.00582      2.94332
log_sel_beta2(1,3)      2.00946      9.81429
log_sel_beta2(1,4)      1.93142      4.73218
log_sel_beta2(1,5)      1.87625      65.1406
log_sel_beta2(1,6)      1.97603     -12.7853
log_sel_beta2(1,7)      1.29052      3772.16
log_sel_beta2(2,1)      1.98233     -243.731
log_sel_beta2(2,2)     -1.43118 -4.25788e-008
log_sel_beta2(2,3)      2.14235      5.77357
log_sel_beta2(2,4)      1.70068     -82.9758
log_sel_beta2(2,5)     -1.43118 -4.25788e-008
log_sel_beta2(2,6)      2.74549     -38.4569
log_sel_beta2(2,7)       2.5659     -149.367
log_sel_beta3(1,1)      2.52144    -0.111619
log_sel_beta3(1,2)    -0.986853      4.40562
log_sel_beta3(1,3)     -3.81684  -3.895e-007
log_sel_beta3(1,4)     -2.05436    -0.733916
log_sel_beta3(1,5)    -0.642155      -17.881
log_sel_beta3(1,6)     -2.31296     -1.38999
log_sel_beta3(1,7)       2.9783      29.9128
log_sel_beta3(2,1)     -1.50938     -1.56693
log_sel_beta3(2,2)     -3.81684  -3.895e-007
log_sel_beta3(2,3)     -3.81684  -3.895e-007
log_sel_beta3(2,4)     -2.41515    -0.939292
log_sel_beta3(2,5)     -3.81684  -3.895e-007
log_sel_beta3(2,6)      2.99573    0.0696083
log_sel_beta3(2,7)      2.38139      5.53063
log_sel_beta4(1,1)      2.40677     -21.0112
log_sel_beta4(1,2)     -4.40882   -0.0766602
log_sel_beta4(1,3)     0.134616 1.16162e-007
log_sel_beta4(1,4)     -1.56562     0.484847
log_sel_beta4(1,5)     -4.01601    -0.166869
log_sel_beta4(1,6)     -4.04115    0.0412224
log_sel_beta4(1,7)     -4.22333     -7.11316
log_sel_beta4(2,1)     -2.31623     0.207715
log_sel_beta4(2,2)     0.134616 1.16162e-007
log_sel_beta4(2,3)     0.134616 1.16162e-007
log_sel_beta4(2,4)      -4.9798 -0.000169077
log_sel_beta4(2,5)     0.134616 1.16162e-007
log_sel_beta4(2,6)     -4.99999  0.000236562
log_sel_beta4(2,7)     0.913398      5.05852
ln_q(1,1)     -14.9997     -12.5983
ln_F(1,1)     -8.19388    -0.222559
ln_F(1,2)      -9.4348    -0.223547
ln_F(1,3)     -8.01168   -0.0880274
ln_F(1,4)     -13.2408     0.135853
ln_F(1,5)     -7.39051     0.225717
ln_F(1,6)     -2.03405 1.32647e-007
ln_F(1,7)     -7.21848     0.721027
ln_F(2,1)     -7.49072     0.785153
ln_F(2,2)     -9.46423    -0.322878
ln_F(2,3)     -8.89315     0.343565
ln_F(2,4)     -13.1652     0.144489
ln_F(2,5)     -6.06948     -1.38138
ln_F(2,6)     -2.03405 1.32647e-007
ln_F(2,7)     -6.89819      1.16345
ln_F(3,1)       -7.523    -0.241589
ln_F(3,2)     -8.48733    -0.134653
ln_F(3,3)     -7.23626       1.2875
ln_F(3,4)     -13.1734     0.177129
ln_F(3,5)      -7.3816     -1.43019
ln_F(3,6)     -2.03405 1.32647e-007
ln_F(3,7)     -6.68103     -1.44136
ln_F(4,1)     -7.62329     0.384161
ln_F(4,2)     -9.39904   -0.0618285
ln_F(4,3)     -7.71942    -0.754118
ln_F(4,4)     -7.15019    -0.629571
ln_F(4,5)     -2.03405 1.32647e-007
ln_F(4,6)     -2.03405 1.32647e-007
ln_F(4,7)     -6.22757     -1.13174
ln_F(5,1)     -7.71887    -0.734452
ln_F(5,2)     -9.72442    -0.170039
ln_F(5,3)     -7.97726     0.701224
ln_F(5,4)     -6.69657   -0.0590925
ln_F(5,5)     -2.03405 1.32647e-007
ln_F(5,6)     -2.03405 1.32647e-007
ln_F(5,7)     -6.50065     -1.87602
ln_F(6,1)     -7.24346    -0.874518
ln_F(6,2)     -9.44217    -0.425373
ln_F(6,3)     -8.34508    -0.773401
ln_F(6,4)     -5.68231      1.13855
ln_F(6,5)     -2.03405 1.32647e-007
ln_F(6,6)     -2.03405 1.32647e-007
ln_F(6,7)     -5.91281     0.604975
ln_F(7,1)     -7.10635     0.191533
ln_F(7,2)     -9.08082   -0.0523379
ln_F(7,3)     -8.00519      0.36035
ln_F(7,4)     -7.43998    -0.202605
ln_F(7,5)     -2.03405 1.32647e-007
ln_F(7,6)     -2.03405 1.32647e-007
ln_F(7,7)     -6.11086     -1.46638
ln_F(8,1)     -7.51095    -0.135767
ln_F(8,2)      -8.8638     -0.43543
ln_F(8,3)     -8.09006    -0.910958
ln_F(8,4)     -6.42801      1.23646
ln_F(8,5)     -2.03405 1.32647e-007
ln_F(8,6)     -2.03405 1.32647e-007
ln_F(8,7)     -6.21168     -2.00652
ln_F(9,1)     -7.62148     0.442716
ln_F(9,2)     -9.07144    -0.218327
ln_F(9,3)     -8.38532    -0.160944
ln_F(9,4)     -6.67678    -0.326933
ln_F(9,5)     -2.03405 1.32647e-007
ln_F(9,6)     -2.03405 1.32647e-007
ln_F(9,7)     -6.64714     -1.70701
ln_F(10,1)     -7.05564     0.447666
ln_F(10,2)     -8.66106    -0.501599
ln_F(10,3)     -8.73653      0.11338
ln_F(10,4)     -5.22956   -0.0404098
ln_F(10,5)     -2.03405 1.32647e-007
ln_F(10,6)     -2.03405 1.32647e-007
ln_F(10,7)     -6.45838     -2.77426
ln_F(11,1)     -6.93476  -0.00309475
ln_F(11,2)     -8.22288    -0.427253
ln_F(11,3)     -7.84295      1.52255
ln_F(11,4)     -7.73112   0.00365282
ln_F(11,5)     -2.03405 1.32647e-007
ln_F(11,6)     -2.03405 1.32647e-007
ln_F(11,7)     -6.71096     -2.06136
ln_F(12,1)     -7.15428     0.414308
ln_F(12,2)     -8.15524      0.12292
ln_F(12,3)     -7.75586    -0.130085
ln_F(12,4)     -5.96256    -0.459652
ln_F(12,5)     -9.04698    0.0475547
ln_F(12,6)     -9.92506     0.531295
ln_F(12,7)     -6.50544      -1.3743
ln_F(13,1)     -7.46147      0.12344
ln_F(13,2)     -8.73774     0.157481
ln_F(13,3)     -7.52908     0.825446
ln_F(13,4)     -6.03555     -1.32609
ln_F(13,5)     -9.12851    0.0293432
ln_F(13,6)     -2.03405 1.32647e-007
ln_F(13,7)     -6.72354     -1.72756
ln_F(14,1)     -7.00444    -0.477999
ln_F(14,2)     -8.52228   0.00884849
ln_F(14,3)     -7.60378      -1.2916
ln_F(14,4)     -5.20449      0.27935
ln_F(14,5)     -9.20326  -0.00985922
ln_F(14,6)     -2.03405 1.32647e-007
ln_F(14,7)     -6.59597     -2.32288
ln_F(15,1)       -7.015    -0.188852
ln_F(15,2)      -8.4126    -0.332566
ln_F(15,3)     -7.26481   -0.0306472
ln_F(15,4)     -6.89416      1.58122
ln_F(15,5)     -9.29234   -0.0556572
ln_F(15,6)     -10.3609     0.445932
ln_F(15,7)     -6.34913    -0.671862
ln_F(16,1)     -7.85787      1.41768
ln_F(16,2)      -8.7782    -0.422545
ln_F(16,3)      -7.1691      1.55606
ln_F(16,4)     -6.21079     0.902563
ln_F(16,5)     -10.7092   -0.0143546
ln_F(16,6)     -8.75889     0.125035
ln_F(16,7)     -6.48107     -1.23318
ln_F(17,1)     -7.65448     0.651972
ln_F(17,2)     -9.33407    -0.274211
ln_F(17,3)     -6.83349     0.093962
ln_F(17,4)     -6.96325     -1.21708
ln_F(17,5)     -10.6886      0.10458
ln_F(17,6)     -9.63621     0.378456
ln_F(17,7)     -6.61848    -0.337271
ln_F(18,1)     -7.38674    -0.516416
ln_F(18,2)      -9.4232     0.163116
ln_F(18,3)     -7.20338    -0.613077
ln_F(18,4)     -4.91323    -0.351214
ln_F(18,5)     -10.5885     0.409109
ln_F(18,6)     -2.03405 1.32647e-007
ln_F(18,7)     -6.45917    -0.546128
ln_F(19,1)     -6.96546     0.197351
ln_F(19,2)     -9.26408     -0.19441
ln_F(19,3)     -6.57765     -1.19981
ln_F(19,4)     -6.19223     -1.00142
ln_F(19,5)     -10.5152     0.253377
ln_F(19,6)     -8.12044      1.23475
ln_F(19,7)     -6.28795    -0.945031
ln_F(20,1)       -9.302     0.310485
ln_F(20,2)      -8.8449     0.142054
ln_F(20,3)     -7.37281     0.562498
ln_F(20,4)     -5.57296    -0.308135
ln_F(20,5)     -2.03405 1.32647e-007
ln_F(20,6)     -6.20694     -1.16108
ln_F(20,7)     -6.14474     -2.23849
ln_F(21,1)     -8.53832    0.0375509
ln_F(21,2)     -8.95434     0.352845
ln_F(21,3)     -7.05349     0.723252
ln_F(21,4)     -4.52901    -0.330207
ln_F(21,5)     -2.03405 1.32647e-007
ln_F(21,6)     -6.80062    -0.636389
ln_F(21,7)     -6.56945     -1.54206
ln_F(22,1)     -8.25066     0.304598
ln_F(22,2)     -8.81067   0.00407521
ln_F(22,3)     -7.24751    -0.567301
ln_F(22,4)     -4.39842    -0.275454
ln_F(22,5)     -2.03405 1.32647e-007
ln_F(22,6)     -7.85828     0.477595
ln_F(22,7)     -6.48212      2.44501
ln_F(23,1)      -8.0512   -0.0806204
ln_F(23,2)     -8.64841    -0.215046
ln_F(23,3)     -7.02889     -1.33548
ln_F(23,4)     -5.39863    -0.139993
ln_F(23,5)     -2.03405 1.32647e-007
ln_F(23,6)     -6.23904   -0.0303725
ln_F(23,7)     -6.60554     -1.13492
ln_F(24,1)     -8.65008     0.213687
ln_F(24,2)     -7.94472     -2.39472
ln_F(24,3)     -7.18778     0.685225
ln_F(24,4)     -4.66593    -0.169537
ln_F(24,5)     -2.03405 1.32647e-007
ln_F(24,6)     -5.54909      1.53719
ln_F(24,7)     -6.79043     -1.96874
ln_F(25,1)     -8.15127    -0.248196
ln_F(25,2)     -8.22207    -0.158479
ln_F(25,3)     -7.26551     0.834943
ln_F(25,4)     -4.32948   -0.0914338
ln_F(25,5)     -2.03405 1.32647e-007
ln_F(25,6)     -5.99386    -0.386612
ln_F(25,7)     -6.85975     -1.40571
ln_F(26,1)     -7.56566    -0.948676
ln_F(26,2)     -8.10953    -0.596161
ln_F(26,3)     -7.90993    -0.500598
ln_F(26,4)     -4.58088    -0.285402
ln_F(26,5)     -2.03405 1.32647e-007
ln_F(26,6)     -5.05707     0.986035
ln_F(26,7)     -6.89313     0.176773
ln_F(27,1)     -7.38365    0.0817733
ln_F(27,2)     -7.73473    -0.182707
ln_F(27,3)     -7.51681    0.0749197
ln_F(27,4)     -4.59937    -0.649063
ln_F(27,5)     -2.03405 1.32647e-007
ln_F(27,6)     -3.75826     0.308331
ln_F(27,7)     -6.74161       -1.638
ln_F(28,1)     -8.78307    -0.168486
ln_F(28,2)     -7.75506    -0.193825
ln_F(28,3)      -7.2928    -0.617103
ln_F(28,4)     -5.89351     0.630432
ln_F(28,5)     -2.03405 1.32647e-007
ln_F(28,6)      -4.6472     0.146552
ln_F(28,7)     -6.30476     -1.01019
ln_F(29,1)     -8.29761     0.321253
ln_F(29,2)     -7.80957      1.74226
ln_F(29,3)     -7.36576     -1.44321
ln_F(29,4)     -6.02786     -1.34936
ln_F(29,5)     -2.03405 1.32647e-007
ln_F(29,6)     -5.32001    -0.446762
ln_F(29,7)     -6.44345     -1.21502
ln_F(30,1)     -7.95826    -0.704657
ln_F(30,2)     -7.79067    -0.466009
ln_F(30,3)     -7.44061     0.352003
ln_F(30,4)     -5.20907    -0.309724
ln_F(30,5)     -2.03405 1.32647e-007
ln_F(30,6)     -4.58106     0.329844
ln_F(30,7)     -6.31077     -1.80229
ln_F(31,1)     -7.73203    -0.899098
ln_F(31,2)     -7.90408    -0.301733
ln_F(31,3)     -6.71495     0.239451
ln_F(31,4)     -5.85553    -0.296441
ln_F(31,5)     -2.03405 1.32647e-007
ln_F(31,6)     -3.79402     0.488476
ln_F(31,7)     -6.03783   0.00864083
ln_F(32,1)     -8.66329     0.294598
ln_F(32,2)     -7.70563     0.319965
ln_F(32,3)     -6.47572     -1.05578
ln_F(32,4)     -5.33457     -0.50334
ln_F(32,5)     -2.03405 1.32647e-007
ln_F(32,6)     -4.74291     0.603509
ln_F(32,7)     -5.72612     -1.66202
ln_F(33,1)     -8.29952    -0.384349
ln_F(33,2)     -7.87784     0.823971
ln_F(33,3)     -6.41987    -0.258648
ln_F(33,4)     -6.80695    -0.196626
ln_F(33,5)     -2.03405 1.32647e-007
ln_F(33,6)     -5.04992     0.231937
ln_F(33,7)     -6.20168    -0.929679
ln_F(34,1)     -8.22933     0.275024
ln_F(34,2)     -7.80365     -0.11718
ln_F(34,3)     -7.23922    -0.621532
ln_F(34,4)     -6.88226     0.525974
ln_F(34,5)     -2.03405 1.32647e-007
ln_F(34,6)      -5.0511     0.564103
ln_F(34,7)     -6.43211      -2.5387
ln_F(35,1)     -7.71067     0.301647
ln_F(35,2)     -7.80087     0.639644
ln_F(35,3)     -6.24858    -0.655564
ln_F(35,4)     -5.99229   -0.0149287
ln_F(35,5)     -2.03405 1.32647e-007
ln_F(35,6)     -4.88744     0.153565
ln_F(35,7)     -6.42999     -1.39215
ln_F(36,1)      -8.3981      1.27296
ln_F(36,2)     -7.06082    -0.580081
ln_F(36,3)     -6.35972     0.522974
ln_F(36,4)     -5.45131    -0.745376
ln_F(36,5)     -2.03405 1.32647e-007
ln_F(36,6)     -4.97258      0.39468
ln_F(36,7)     -6.03275     -1.51163
ln_F(37,1)     -7.80522    -0.151807
ln_F(37,2)     -7.14608    -0.370305
ln_F(37,3)     -6.92916     0.700404
ln_F(37,4)     -5.88657    -0.326306
ln_F(37,5)     -2.03405 1.32647e-007
ln_F(37,6)     -4.96359     0.438169
ln_F(37,7)     -6.36968    -0.737131
ln_F(38,1)     -7.79102     0.386558
ln_F(38,2)     -7.14149    -0.789048
ln_F(38,3)     -7.01593     -0.52656
ln_F(38,4)     -5.41522     0.345924
ln_F(38,5)     -2.03405 1.32647e-007
ln_F(38,6)     -4.46958   -0.0512837
ln_F(38,7)     -5.84061    -0.647239
ln_F(39,1)     -7.39603     -0.49286
ln_F(39,2)     -7.45771      1.20966
ln_F(39,3)     -5.82432     0.340184
ln_F(39,4)     -6.19816     -1.15055
ln_F(39,5)     -2.03405 1.32647e-007
ln_F(39,6)     -4.73587    0.0121562
ln_F(39,7)     -5.63604     -1.18323
ln_F(40,1)     -7.75491    0.0618921
ln_F(40,2)     -6.72608      0.48125
ln_F(40,3)     -6.26947     -1.08209
ln_F(40,4)     -5.29135   -0.0215609
ln_F(40,5)     -2.03405 1.32647e-007
ln_F(40,6)     -4.45976     0.297114
ln_F(40,7)     -5.29633     -1.97041
ln_F(41,1)     -7.21838    -0.511916
ln_F(41,2)     -7.45578    -0.133707
ln_F(41,3)     -6.28282    -0.174515
ln_F(41,4)     -6.37018     0.269356
ln_F(41,5)     -2.03405 1.32647e-007
ln_F(41,6)     -4.67714     0.422012
ln_F(41,7)     -6.21973     -1.02125
ln_F(42,1)     -7.08534     0.127223
ln_F(42,2)     -7.59576    -0.256268
ln_F(42,3)     -6.65994     0.497005
ln_F(42,4)     -5.49623    -0.775454
ln_F(42,5)     -2.03405 1.32647e-007
ln_F(42,6)     -3.99412     0.290628
ln_F(42,7)     -5.73472    -0.943422
ln_F(43,1)     -7.01617     0.346805
ln_F(43,2)     -6.71427     0.282927
ln_F(43,3)     -6.08891     -1.90681
ln_F(43,4)     -6.01992      1.35326
ln_F(43,5)     -2.03405 1.32647e-007
ln_F(43,6)     -3.58447   -0.0417238
ln_F(43,7)     -5.64855    -0.921751
ln_F(44,1)     -7.51282    -0.431152
ln_F(44,2)     -6.72506    -0.655088
ln_F(44,3)     -7.06254      1.15462
ln_F(44,4)     -5.47937    -0.585185
ln_F(44,5)     -2.03405 1.32647e-007
ln_F(44,6)     -3.93461     0.100749
ln_F(44,7)     -5.75252    -0.567836
ln_F(45,1)     -6.71381    -0.254088
ln_F(45,2)     -7.28311   0.00257817
ln_F(45,3)     -6.94965     0.100078
ln_F(45,4)     -5.37058    0.0301014
ln_F(45,5)     -2.03405 1.32647e-007
ln_F(45,6)       -4.427  -0.00773646
ln_F(45,7)     -6.50555     0.210672
ln_F(46,1)     -6.36373     -1.46696
ln_F(46,2)      -7.3266     0.770944
ln_F(46,3)     -7.07555    -0.615469
ln_F(46,4)     -5.33276    -0.474252
ln_F(46,5)     -2.03405 1.32647e-007
ln_F(46,6)     -4.23448     0.395676
ln_F(46,7)     -6.00022     -2.24153
ln_F(47,1)     -6.31175     0.203419
ln_F(47,2)     -6.42585     -0.81192
ln_F(47,3)     -5.66303     -1.07658
ln_F(47,4)      -5.7639     0.635795
ln_F(47,5)     -2.03405 1.32647e-007
ln_F(47,6)     -4.27618     0.218194
ln_F(47,7)      -5.7828    -0.661303
ln_F(48,1)     -7.26126     0.089002
ln_F(48,2)     -6.03033    -0.193899
ln_F(48,3)      -5.2451    -0.709742
ln_F(48,4)     -7.56312     0.336785
ln_F(48,5)     -6.62766    0.0786637
ln_F(48,6)     -3.65921    -0.305768
ln_F(48,7)     -6.07109      -1.0842
ln_F(49,1)     -7.06578    -0.584137
ln_F(49,2)     -7.02387    -0.251357
ln_F(49,3)     -6.18975     0.180629
ln_F(49,4)     -8.05798     -1.08479
ln_F(49,5)     -7.66517     0.662818
ln_F(49,6)     -4.45627     0.244593
ln_F(49,7)     -5.98852     -1.05273
ln_F(50,1)     -6.89484    -0.319202
ln_F(50,2)     -8.78906    -0.057108
ln_F(50,3)     -6.88881      -1.2099
ln_F(50,4)      -7.3668        1.221
ln_F(50,5)     -5.96363    -0.726429
ln_F(50,6)      -3.9685   -0.0194623
ln_F(50,7)     -6.12834     -1.35129
ln_F(51,1)     -6.71834    -0.542537
ln_F(51,2)     -6.55935     0.821386
ln_F(51,3)     -6.77429      1.64943
ln_F(51,4)     -7.23604     -1.33106
ln_F(51,5)     -5.58849     -2.26172
ln_F(51,6)      -4.1001       0.5675
ln_F(51,7)     -4.99389    -0.582047
ln_F(52,1)     -7.27009     0.773345
ln_F(52,2)     -6.04784    -0.815649
ln_F(52,3)     -6.16741    -0.662298
ln_F(52,4)     -8.03369      1.50953
ln_F(52,5)     -5.87037     0.219155
ln_F(52,6)     -4.69431    -0.175717
ln_F(52,7)     -5.10656     -1.06176
ln_F(53,1)     -6.66553   -0.0332208
ln_F(53,2)     -7.68423      0.39723
ln_F(53,3)     -6.25565    -0.353082
ln_F(53,4)     -7.66135     -1.00455
ln_F(53,5)     -7.27872      1.47891
ln_F(53,6)     -5.01994     0.182443
ln_F(53,7)     -6.15544    -0.639552
ln_F(54,1)     -6.90946   -0.0793462
ln_F(54,2)     -8.85849     0.277724
ln_F(54,3)     -6.67842     -1.06268
ln_F(54,4)      -7.6752     0.838754
ln_F(54,5)     -4.53339    0.0059823
ln_F(54,6)     -4.32484   -0.0404405
ln_F(54,7)     -6.59001     -0.95986
ln_F(55,1)     -6.59615     -1.11896
ln_F(55,2)     -7.35574      1.03904
ln_F(55,3)     -7.10066      0.39411
ln_F(55,4)     -8.04702     0.447239
ln_F(55,5)     -5.69979     -2.77114
ln_F(55,6)     -4.44494     0.706208
ln_F(55,7)     -6.29857    -0.952639
ln_F(56,1)     -8.13093    -0.376175
ln_F(56,2)     -6.84972     0.681616
ln_F(56,3)     -5.55608    -0.278578
ln_F(56,4)     -7.13587    0.0103529
ln_F(56,5)      -5.5601    -0.930625
ln_F(56,6)     -4.61406     0.277862
ln_F(56,7)     -5.79879    -0.777826
ln_F(57,1)     -6.00091    0.0127843
ln_F(57,2)     -7.41965  -0.00445381
ln_F(57,3)     -5.40681     -0.56162
ln_F(57,4)     -6.85105     -1.47225
ln_F(57,5)     -6.87345      1.93571
ln_F(57,6)     -4.53152     0.453074
ln_F(57,7)     -5.93438     -1.68167
ln_F(58,1)     -7.11653    -0.380935
ln_F(58,2)     -7.97222     0.782479
ln_F(58,3)     -5.58152     -2.04234
ln_F(58,4)     -7.08772      1.27315
ln_F(58,5)     -5.18739     0.432953
ln_F(58,6)     -4.43826    0.0827234
ln_F(58,7)     -5.54294     -0.52528
ln_F(59,1)     -6.24892    -0.325475
ln_F(59,2)      -5.7455    -0.598084
ln_F(59,3)     -5.70542      1.54808
ln_F(59,4)     -7.11885     -1.52897
ln_F(59,5)     -5.39013     0.276383
ln_F(59,6)     -4.48357     0.272679
ln_F(59,7)     -5.39499      -1.8828
ln_F(60,1)     -8.37338     0.113399
ln_F(60,2)     -5.71388     -0.89834
ln_F(60,3)     -4.75093     0.329531
ln_F(60,4)     -7.00809     0.245057
ln_F(60,5)     -5.99787      0.37434
ln_F(60,6)     -4.21383   -0.0120348
ln_F(60,7)     -5.18196    -0.599093
ln_F(61,1)      -6.1636       1.3457
ln_F(61,2)     -6.98283    -0.123503
ln_F(61,3)     -4.07937    -0.262571
ln_F(61,4)     -7.01926      0.11874
ln_F(61,5)     -5.85919      1.78337
ln_F(61,6)     -5.06015     -0.95638
ln_F(61,7)     -5.38602     -1.71245
ln_F(62,1)     -7.08435     0.428446
ln_F(62,2)     -8.08344    -0.223291
ln_F(62,3)     -4.50637   -0.0570665
ln_F(62,4)     -6.70577     0.522193
ln_F(62,5)     -4.72564    -0.611034
ln_F(62,6)     -4.21828     0.500499
ln_F(62,7)     -5.36346    -0.476381
ln_F(63,1)     -6.17108     0.773285
ln_F(63,2)     -5.69388   -0.0591243
ln_F(63,3)     -5.03741    -0.476195
ln_F(63,4)     -6.90434   -0.0911528
ln_F(63,5)     -4.42775    -0.168081
ln_F(63,6)     -4.38506      0.65338
ln_F(63,7)     -5.03628     -1.01041
ln_F(64,1)     -7.50542     0.608144
ln_F(64,2)     -6.35748     0.334531
ln_F(64,3)     -5.67412     0.611144
ln_F(64,4)     -6.35887    -0.879262
ln_F(64,5)     -3.97156    0.0864103
ln_F(64,6)     -3.95105    0.0182142
ln_F(64,7)     -4.61365     -0.58765
ln_F(65,1)     -5.21115     0.343012
ln_F(65,2)     -6.87456     0.551965
ln_F(65,3)      -5.1628     -1.27904
ln_F(65,4)     -6.33669    -0.106677
ln_F(65,5)     -3.89741    -0.492661
ln_F(65,6)     -4.58201      1.49481
ln_F(65,7)        -5.48     -1.42547
ln_F(66,1)     -6.28557     0.602383
ln_F(66,2)     -6.45623   -0.0300762
ln_F(66,3)     -6.08824    -0.029488
ln_F(66,4)     -6.38312    -0.701455
ln_F(66,5)     -3.74704     0.913071
ln_F(66,6)     -3.82184    -0.200303
ln_F(66,7)     -5.05507     -1.30666
ln_F(67,1)     -5.25304     0.777353
ln_F(67,2)     -5.81159     0.490008
ln_F(67,3)     -6.44116   -0.0947727
ln_F(67,4)     -6.04959    -0.151705
ln_F(67,5)     -4.54566    -0.799086
ln_F(67,6)     -3.98282  -0.00228578
ln_F(67,7)     -5.40782    -0.382595
ln_F(68,1)     -6.78684     0.282398
ln_F(68,2)     -4.81853     -1.16808
ln_F(68,3)     -6.26417    0.0595485
ln_F(68,4)     -6.54489      1.08107
ln_F(68,5)      -3.8153     -0.22166
ln_F(68,6)     -3.42002     0.162193
ln_F(68,7)     -5.53173     -1.13881
ln_F(69,1)     -4.83794    -0.341695
ln_F(69,2)     -5.69389    -0.292348
ln_F(69,3)     -5.24691     0.216728
ln_F(69,4)     -6.59377    -0.133784
ln_F(69,5)      -4.3614     0.505858
ln_F(69,6)      -3.4573     0.231451
ln_F(69,7)     -5.53301     -1.53244
ln_F(70,1)     -5.89894     0.807662
ln_F(70,2)     -7.27997     0.543587
ln_F(70,3)     -6.51618    -0.175167
ln_F(70,4)     -6.63776    -0.328003
ln_F(70,5)     -4.11525    -0.979159
ln_F(70,6)     -3.47478   -0.0990959
ln_F(70,7)     -4.69476    -0.826097
ln_F(71,1)     -5.35597     0.597695
ln_F(71,2)     -6.16278    -0.258237
ln_F(71,3)     -5.75074    -0.399332
ln_F(71,4)     -6.79711     0.339935
ln_F(71,5)     -4.13393    0.0087331
ln_F(71,6)     -3.79164   -0.0709532
ln_F(71,7)     -5.32487     -1.66343
ln_F(72,1)     -7.10034     0.727114
ln_F(72,2)     -5.68947     -1.02253
ln_F(72,3)     -5.46661     0.643016
ln_F(72,4)     -6.86004     0.610215
ln_F(72,5)     -4.33094     0.148503
ln_F(72,6)     -4.19303     0.011301
ln_F(72,7)     -5.47381   -0.0929676
ln_F(73,1)     -5.07035     0.785466
ln_F(73,2)     -6.38118    -0.688289
ln_F(73,3)      -4.9535    -0.431589
ln_F(73,4)      -6.8758      1.27882
ln_F(73,5)     -4.59009    -0.624361
ln_F(73,6)     -4.25828     0.296199
ln_F(73,7)     -5.82109     -1.43774
ln_F(74,1)     -6.13652    -0.155843
ln_F(74,2)     -7.56643    -0.459094
ln_F(74,3)      -6.5359      1.10536
ln_F(74,4)     -6.69447     -1.15782
ln_F(74,5)     -4.56988     0.522767
ln_F(74,6)     -3.01673     0.140693
ln_F(74,7)     -5.67758    0.0968476
ln_F(75,1)     -5.43101     -0.24458
ln_F(75,2)      -5.5916     0.427176
ln_F(75,3)     -6.08542   -0.0376286
ln_F(75,4)     -6.66402     0.216065
ln_F(75,5)     -4.80282    -0.565319
ln_F(75,6)     -2.82655     0.253026
ln_F(75,7)     -5.97698     -1.63469
ln_F(76,1)     -7.59458   -0.0497814
ln_F(76,2)     -5.33719    -0.928123
ln_F(76,3)     -5.79092    0.0858669
ln_F(76,4)     -6.78725     0.928912
ln_F(76,5)     -5.14824     0.435048
ln_F(76,6)     -3.23573      0.46127
ln_F(76,7)     -5.79149     -1.34225
ln_F(77,1)     -5.69381      0.16406
ln_F(77,2)     -6.45909     0.940958
ln_F(77,3)     -6.02719     0.621364
ln_F(77,4)     -6.92859     -1.02235
ln_F(77,5)     -5.35985     -1.45199
ln_F(77,6)     -3.62985     0.546039
ln_F(77,7)     -5.71647     -2.01017
ln_F(78,1)     -6.83334     0.691304
ln_F(78,2)     -6.68659      -1.3991
ln_F(78,3)      -6.7567     0.803196
ln_F(78,4)     -6.70184     0.881029
ln_F(78,5)      -4.7837    -0.927294
ln_F(78,6)     -3.21244     0.292589
ln_F(78,7)     -5.55049     -1.15866
ln_F(79,1)     -5.48257     0.486629
ln_F(79,2)     -4.95889     0.448067
ln_F(79,3)     -5.68236    -0.440979
ln_F(79,4)     -6.43267     0.382504
ln_F(79,5)     -4.91826    -0.770285
ln_F(79,6)       -3.013    0.0995806
ln_F(79,7)     -5.45225     -1.04655
ln_F(80,1)     -6.85617    -0.113775
ln_F(80,2)     -5.95679     -1.03549
ln_F(80,3)     -5.59277     0.715921
ln_F(80,4)     -6.99487      0.88578
ln_F(80,5)      -4.5794    -0.186974
ln_F(80,6)     -4.47879     0.186218
ln_F(80,7)     -5.36393    -0.792455
ln_F(81,1)     -5.26083   -0.0965433
ln_F(81,2)     -6.60415    -0.291871
ln_F(81,3)     -5.95685     -1.78647
ln_F(81,4)     -7.03013      1.10984
ln_F(81,5)     -4.91243      1.89947
ln_F(81,6)     -4.07606    -0.172785
ln_F(81,7)     -5.52848     -1.55159
ln_F(82,1)      -6.5864    0.0983208
ln_F(82,2)     -7.77426     0.306509
ln_F(82,3)     -6.54217  -0.00551051
ln_F(82,4)     -7.08584    -0.245042
ln_F(82,5)     -4.76796    -0.188443
ln_F(82,6)     -3.95196     0.267962
ln_F(82,7)     -5.78048     -1.84417
ln_F(83,1)      -6.0869    -0.402792
ln_F(83,2)     -5.80911   -0.0293921
ln_F(83,3)     -5.92475      0.46762
ln_F(83,4)      -7.2412    0.0878934
ln_F(83,5)     -4.31744     -0.36108
ln_F(83,6)     -4.23907     0.297371
ln_F(83,7)     -5.65803    -0.899114
ln_F(84,1)     -6.85142     0.503297
ln_F(84,2)     -5.40825     -1.38122
ln_F(84,3)     -5.89995     0.271584
ln_F(84,4)     -6.57641      1.03165
ln_F(84,5)     -5.15317    -0.245455
ln_F(84,6)     -3.68186     0.507541
ln_F(84,7)     -5.62332    -0.659447
ln_F(85,1)     -5.38302    -0.453851
ln_F(85,2)     -6.02343      2.03958
ln_F(85,3)     -6.30856    -0.766372
ln_F(85,4)     -6.54037    -0.345742
ln_F(85,5)     -5.67101     -1.46259
ln_F(85,6)     -3.40567      0.46995
ln_F(85,7)     -5.87495     -1.92136
ln_F(86,1)     -6.42009     -0.47011
ln_F(86,2)     -6.59266     0.485954
ln_F(86,3)     -6.36854   -0.0206901
ln_F(86,4)     -6.43742     0.107142
ln_F(86,5)     -5.49014     -1.17657
ln_F(86,6)     -2.98407     0.226411
ln_F(86,7)     -5.59339      -0.4753
ln_F(87,1)     -5.81421     0.897621
ln_F(87,2)     -6.21786    0.0791297
ln_F(87,3)     -6.18383    -0.318761
ln_F(87,4)     -6.44942   -0.0210656
ln_F(87,5)      -5.9543    -0.222224
ln_F(87,6)     -3.02401    0.0363399
ln_F(87,7)     -5.32702     -1.94412
ln_F(88,1)     -7.27308    -0.287434
ln_F(88,2)     -6.00653    -0.179284
ln_F(88,3)     -6.02435    -0.413752
ln_F(88,4)     -7.21894     0.202118
ln_F(88,5)     -6.05875     0.788095
ln_F(88,6)     -4.10212   -0.0197547
ln_F(88,7)     -5.31353     -1.52627
ln_F(89,1)     -5.74509     0.606203
ln_F(89,2)     -6.74415     -1.23084
ln_F(89,3)     -6.21956    -0.179417
ln_F(89,4)     -7.18678  -0.00429321
ln_F(89,5)     -5.00037      1.69788
ln_F(89,6)     -3.89905    -0.406909
ln_F(89,7)     -5.61716     -1.37977
ln_F(90,1)     -5.95094     0.179127
ln_F(90,2)     -7.84027     0.120971
ln_F(90,3)     -6.42836      1.04967
ln_F(90,4)      -6.4121     -0.96694
ln_F(90,5)     -4.34994    -0.381665
ln_F(90,6)     -3.16693     0.150538
ln_F(90,7)     -5.35951     -1.27937
ln_F(91,1)     -5.38977    -0.428204
ln_F(91,2)     -6.16573     0.569717
ln_F(91,3)     -6.56231     -2.04758
ln_F(91,4)     -6.32453     0.432708
ln_F(91,5)     -5.46159      0.70819
ln_F(91,6)     -3.69102     0.101079
ln_F(91,7)     -4.89208      -1.3338
ln_F(92,1)     -7.50271     0.165038
ln_F(92,2)     -5.93369   -0.0886992
ln_F(92,3)     -6.03261     0.636672
ln_F(92,4)     -6.56612    -0.940859
ln_F(92,5)     -5.16341  -0.00665691
ln_F(92,6)      -3.9068    0.0548604
ln_F(92,7)     -5.09319     -1.49746
ln_F(93,1)     -5.65042    -0.210189
ln_F(93,2)     -6.73232    0.0269048
ln_F(93,3)     -6.31998    -0.682525
ln_F(93,4)      -6.5704       1.0641
ln_F(93,5)      -5.5027    -0.387586
ln_F(93,6)     -4.02403     0.350326
ln_F(93,7)     -5.11493    -0.406258
ln_F(94,1)     -7.19274      0.60268
ln_F(94,2)     -7.98694     0.902291
ln_F(94,3)     -6.65974    -0.216151
ln_F(94,4)     -6.52858     -1.66139
ln_F(94,5)     -4.48224     0.593223
ln_F(94,6)     -3.59992    -0.244592
ln_F(94,7)     -5.68795    -0.628611
ln_F(95,1)     -6.02424   0.00955499
ln_F(95,2)     -5.60334    -0.761444
ln_F(95,3)     -6.18498     0.168358
ln_F(95,4)     -6.81244     0.473912
ln_F(95,5)     -4.81815    -0.346517
ln_F(95,6)     -3.61639     0.417796
ln_F(95,7)     -4.97134     -1.25086
ln_F(96,1)     -7.58276    0.0189513
ln_F(96,2)     -3.79918    -0.137846
ln_F(96,3)     -5.70337    -0.476185
ln_F(96,4)     -6.64364       0.5542
ln_F(96,5)     -5.23693    -0.875224
ln_F(96,6)     -3.95805      0.31542
ln_F(96,7)     -4.85396    -0.461099
ln_F(97,1)     -5.89933     0.429408
ln_F(97,2)     -4.30708    -0.896797
ln_F(97,3)     -5.90795    -0.254534
ln_F(97,4)     -6.63479     0.738599
ln_F(97,5)      -4.5768    -0.051938
ln_F(97,6)     -3.92355     0.617728
ln_F(97,7)     -4.54443     -1.22041
ln_F(98,1)     -6.29724       0.5125
ln_F(98,2)     -5.58162     0.100515
ln_F(98,3)     -6.81167   -0.0463289
ln_F(98,4)     -5.67326   -0.0151523
ln_F(98,5)     -3.93144    -0.181468
ln_F(98,6)      -3.1046    0.0612114
ln_F(98,7)     -5.36116     -2.17469
ln_F(99,1)     -5.55663    0.0543829
ln_F(99,2)     -4.02931    -0.398448
ln_F(99,3)     -6.67664    -0.344283
ln_F(99,4)     -5.68783     0.362319
ln_F(99,5)      -4.8097     0.200578
ln_F(99,6)     -2.89364    0.0440823
ln_F(99,7)     -5.26076    -0.684441
ln_F(100,1)     -7.52105     0.284678
ln_F(100,2)     -4.15526    -0.318135
ln_F(100,3)     -5.79518     0.425828
ln_F(100,4)     -5.54635    -0.245937
ln_F(100,5)     -4.90369    -0.124208
ln_F(100,6)     -3.16058     0.121257
ln_F(100,7)     -5.66667     -1.27417
ln_F(101,1)     -5.08693    -0.424598
ln_F(101,2)     -4.31716    -0.768584
ln_F(101,3)     -5.44018      0.35103
ln_F(101,4)     -5.47594     0.145824
ln_F(101,5)     -5.32951     0.551038
ln_F(101,6)     -3.71015     0.271337
ln_F(101,7)     -5.37087    -0.228749
ln_F(102,1)     -5.95463     0.241625
ln_F(102,2)     -4.71452    -0.620555
ln_F(102,3)     -6.09216     0.273732
ln_F(102,4)      -4.9326    0.0240253
ln_F(102,5)     -3.94851    -0.145436
ln_F(102,6)     -3.09742     0.118341
ln_F(102,7)     -5.23157    -0.947616
ln_F(103,1)     -5.29515     0.622365
ln_F(103,2)     -3.31415    -0.146966
ln_F(103,3)     -5.63549     0.113458
ln_F(103,4)     -4.87087     -0.49149
ln_F(103,5)     -4.33448    -0.122946
ln_F(103,6)     -2.83068     0.160736
ln_F(103,7)     -4.87189     -1.21112
ln_F(104,1)     -6.36409   -0.0240474
ln_F(104,2)     -3.28642    -0.321641
ln_F(104,3)     -4.58783    -0.258518
ln_F(104,4)     -4.92829   -0.0230826
ln_F(104,5)     -4.68259     0.469896
ln_F(104,6)     -3.50446     0.158654
ln_F(104,7)     -4.41471     -1.19043
ln_F(105,1)     -5.08294    -0.608356
ln_F(105,2)     -5.28462  -0.00456378
ln_F(105,3)     -3.92298     0.142839
ln_F(105,4)     -4.79214   -0.0204631
ln_F(105,5)     -4.76959   0.00781535
ln_F(105,6)     -3.47805     0.173588
ln_F(105,7)     -4.86272     -1.44912
ln_F(106,1)     -6.02376    -0.216675
ln_F(106,2)     -6.59989     -1.12445
ln_F(106,3)     -5.54814     0.405594
ln_F(106,4)     -5.15124     0.653272
ln_F(106,5)     -4.39101     0.198908
ln_F(106,6)     -2.96799   -0.0524037
ln_F(106,7)     -4.00912    -0.982694
ln_F(107,1)     -5.40513     0.258519
ln_F(107,2)     -4.91312    0.0091138
ln_F(107,3)     -4.56984     0.552805
ln_F(107,4)     -4.58241     -1.13532
ln_F(107,5)     -4.22452     0.317315
ln_F(107,6)     -2.76876     0.219751
ln_F(107,7)     -3.94734    -0.747034
ln_F(108,1)     -6.52979    -0.208679
ln_F(108,2)     -4.50547    -0.465075
ln_F(108,3)     -4.59929    -0.246962
ln_F(108,4)     -4.92695    0.0760251
ln_F(108,5)     -4.26957   -0.0345128
ln_F(108,6)      -3.2489     0.283902
ln_F(108,7)     -4.56195    -0.842548
ln_F(109,1)     -5.52195     0.109675
ln_F(109,2)     -4.94237    -0.186209
ln_F(109,3)     -4.47349     0.083865
ln_F(109,4)      -5.0624     0.132676
ln_F(109,5)     -4.49848    -0.255311
ln_F(109,6)      -3.8799     0.369781
ln_F(109,7)     -4.63171    -0.738715
ln_F(110,1)     -5.48594     0.295531
ln_F(110,2)     -6.87407    0.0517953
ln_F(110,3)     -5.89505    0.0240224
ln_F(110,4)     -4.92626    -0.127045
ln_F(110,5)     -2.96154     0.433176
ln_F(110,6)      -3.3205    -0.110678
ln_F(110,7)     -4.50475     -1.00295
ln_F(111,1)      -5.9813     0.477489
ln_F(111,2)     -5.45961     -1.06017
ln_F(111,3)     -5.17361     0.356799
ln_F(111,4)     -4.74952     0.207347
ln_F(111,5)     -4.05556    -0.731765
ln_F(111,6)      -3.2428    0.0535181
ln_F(111,7)     -5.15655     -1.29399
ln_F(112,1)     -5.59651     0.341403
ln_F(112,2)     -4.96232    -0.321957
ln_F(112,3)     -4.46278    0.0911255
ln_F(112,4)     -4.58136    -0.234997
ln_F(112,5)     -4.38814      0.23219
ln_F(112,6)     -2.84832      1.11134
ln_F(112,7)     -4.00617     -1.69009
ln_F(113,1)      -4.2829    -0.132312
ln_F(113,2)     -5.19429    -0.427093
ln_F(113,3)     -4.37381    -0.232402
ln_F(113,4)     -4.54227    -0.957892
ln_F(113,5)     -4.26333    -0.131246
ln_F(113,6)      -3.2427     0.895122
ln_F(113,7)     -5.35085     -1.08263
ln_F(114,1)      -6.0306     0.617673
ln_F(114,2)     -6.61756    -0.382266
ln_F(114,3)     -5.68153     0.416146
ln_F(114,4)     -4.85164    -0.103998
ln_F(114,5)     -4.57097    -0.402389
ln_F(114,6)     -3.60644     0.713487
ln_F(114,7)     -4.92674     -1.22366
ln_F(115,1)     -5.32318    0.0823229
ln_F(115,2)      -5.7007     0.291056
ln_F(115,3)     -5.56451     0.168895
ln_F(115,4)     -4.92066   -0.0659382
ln_F(115,5)     -4.75393      -0.1128
ln_F(115,6)     -3.80781     0.829775
ln_F(115,7)     -5.09722     -1.97578
ln_F(116,1)     -6.93643   -0.0406537
ln_F(116,2)     -5.24109   -0.0803621
ln_F(116,3)     -5.57717     0.236841
ln_F(116,4)     -6.39759     0.635396
ln_F(116,5)     -4.44554    0.0158134
ln_F(116,6)     -4.47006      1.36855
ln_F(116,7)     -5.05673     -1.56476
ln_F(117,1)     -6.40106     0.246396
ln_F(117,2)     -5.11304    -0.204583
ln_F(117,3)     -5.71703     0.953071
ln_F(117,4)      -6.5367      1.08115
ln_F(117,5)     -4.55575     0.064611
ln_F(117,6)     -4.91359      1.79052
ln_F(117,7)     -5.20473    -0.832421
ln_F(118,1)     -6.79509      0.20073
ln_F(118,2)      -6.6704     0.299029
ln_F(118,3)     -7.41204      1.53718
ln_F(118,4)     -6.69284     0.552168
ln_F(118,5)     -4.76984     0.168521
ln_F(118,6)     -4.47284      1.54802
ln_F(118,7)     -4.97749     -1.43154
ln_F(119,1)     -6.83997    -0.196696
ln_F(119,2)     -6.12877   -0.0458246
ln_F(119,3)     -6.68197      1.52933
ln_F(119,4)      -6.5459     0.127841
ln_F(119,5)     -4.17274   -0.0839616
ln_F(119,6)     -3.59303     0.498357
ln_F(119,7)     -4.89503     -1.47671
ln_F(120,1)     -7.11782    0.0308403
ln_F(120,2)     -6.07018   -0.0328012
ln_F(120,3)     -6.22824     0.471479
ln_F(120,4)      -6.8087     0.185124
ln_F(120,5)     -4.74392   -0.0948847
ln_F(120,6)       -4.906      0.16484
ln_F(120,7)     -4.76556     -1.19154
ln_F(121,1)     -6.38158     0.321621
ln_F(121,2)     -6.53334    -0.863934
ln_F(121,3)     -6.88419      0.18699
ln_F(121,4)     -6.89838    -0.211173
ln_F(121,5)     -4.48431    -0.332378
ln_F(121,6)     -4.79912     0.151432
ln_F(121,7)      -5.6314     -1.50889
ln_F(122,1)      -6.6716      0.39871
ln_F(122,2)     -7.11461    -0.166696
ln_F(122,3)     -7.96866     -1.69168
ln_F(122,4)      -6.5961    -0.253942
ln_F(122,5)     -3.64511     -0.22161
ln_F(122,6)     -3.10052    -0.501607
ln_F(122,7)     -5.62129     -1.12184
ln_F(123,1)     -6.90462    -0.282926
ln_F(123,2)     -6.58918     0.176582
ln_F(123,3)     -7.50862      0.26023
ln_F(123,4)     -6.79123   -0.0301388
ln_F(123,5)     -4.44485     0.332946
ln_F(123,6)     -4.16654     0.472434
ln_F(123,7)     -5.52012     -0.31131
ln_F(124,1)     -8.03125     0.680674
ln_F(124,2)     -5.50645   -0.0662965
ln_F(124,3)     -7.18898    -0.308108
ln_F(124,4)     -7.19118    -0.388849
ln_F(124,5)     -4.70492    0.0823087
ln_F(124,6)     -4.30919     0.289941
ln_F(124,7)     -5.35511     -1.55946
ln_F(125,1)     -5.51335   -0.0756961
ln_F(125,2)     -5.05087    -0.299523
ln_F(125,3)     -7.02342     -0.17515
ln_F(125,4)     -6.28366   0.00954298
ln_F(125,5)     -4.15507    -0.168574
ln_F(125,6)     -4.79455     0.470929
ln_F(125,7)     -5.27664    0.0645171
ln_F(126,1)     -6.53174     0.595654
ln_F(126,2)     -6.32959     -0.75928
ln_F(126,3)     -7.72648     0.842992
ln_F(126,4)     -6.22165    0.0638589
ln_F(126,5)      -4.0783    -0.302024
ln_F(126,6)     -3.80145     0.102576
ln_F(126,7)     -5.37144     -1.91042
ln_F(127,1)     -6.25354    -0.312797
ln_F(127,2)     -4.81126   -0.0180234
ln_F(127,3)     -7.26828     0.328093
ln_F(127,4)     -6.38443    -0.399316
ln_F(127,5)     -4.41985     0.238103
ln_F(127,6)     -3.93666     0.440018
ln_F(127,7)     -5.25174    -0.506203
ln_F(128,1)     -5.68163     0.167505
ln_F(128,2)     -4.24321     0.423929
ln_F(128,3)       -7.277      1.05081
ln_F(128,4)     -6.66587    -0.574957
ln_F(128,5)     -4.33566     -1.04466
ln_F(128,6)     -3.59647     0.400066
ln_F(128,7)     -5.23611     -1.34547
ln_F(129,1)     -5.58394    0.0300899
ln_F(129,2)     -4.67156    -0.428819
ln_F(129,3)     -7.75315      0.36114
ln_F(129,4)      -6.6224    -0.847296
ln_F(129,5)     -4.13918     0.594453
ln_F(129,6)     -3.89524      0.12161
ln_F(129,7)     -5.42837     -0.80016
ln_F(130,1)     -5.57317     -0.33457
ln_F(130,2)      -6.5289      1.96661
ln_F(130,3)     -7.50459      -1.5197
ln_F(130,4)     -6.71962     0.452518
ln_F(130,5)     -4.51983    -0.645827
ln_F(130,6)      -3.1451     0.504467
ln_F(130,7)     -5.35488     -2.33164
ln_F(131,1)     -5.59006    -0.377985
ln_F(131,2)     -5.86389    -0.285386
ln_F(131,3)     -6.55814    -0.321523
ln_F(131,4)     -6.66913    -0.514044
ln_F(131,5)     -4.24341      1.04342
ln_F(131,6)      -3.2346    0.0696554
ln_F(131,7)      -5.2341    -0.945094
ln_F(132,1)     -6.53758    0.0487501
ln_F(132,2)     -4.92092    -0.536613
ln_F(132,3)     -7.33988     0.609104
ln_F(132,4)     -7.07855    0.0716782
ln_F(132,5)      -4.9904    -0.589065
ln_F(132,6)     -3.36897     0.526914
ln_F(132,7)     -5.23263     -1.78652
ln_F(133,1)     -4.84863    -0.588653
ln_F(133,2)     -5.24014     0.446392
ln_F(133,3)     -7.19812    -0.324471
ln_F(133,4)     -6.88684    -0.346932
ln_F(133,5)     -4.70448     0.218153
ln_F(133,6)     -3.93168     0.370775
ln_F(133,7)     -5.44217     -1.39674
ln_F(134,1)     -5.78238  -0.00919283
ln_F(134,2)     -5.11516    -0.813992
ln_F(134,3)     -6.89051     0.299896
ln_F(134,4)     -6.79317    -0.181748
ln_F(134,5)     -3.97283   0.00642724
ln_F(134,6)     -2.99071     0.387292
ln_F(134,7)     -5.24174     -1.33836
ln_F(135,1)     -4.83661     0.354607
ln_F(135,2)       -5.201    -0.586066
ln_F(135,3)     -6.10966      0.27913
ln_F(135,4)     -6.59119    -0.637369
ln_F(135,5)     -4.61857     0.157437
ln_F(135,6)     -2.73869     0.540399
ln_F(135,7)     -5.52541     -1.33042
ln_F(136,1)     -4.63148    -0.133438
ln_F(136,2)     -4.51808    -0.801909
ln_F(136,3)     -6.52455    -0.341968
ln_F(136,4)     -5.77142     0.674481
ln_F(136,5)     -2.92157    -0.122129
ln_F(136,6)     -2.91635     0.504823
ln_F(136,7)     -5.31126     -1.48672
ln_F(137,1)     -5.39827     0.477535
ln_F(137,2)     -4.86644    -0.925226
ln_F(137,3)     -6.46125    0.0638449
ln_F(137,4)     -6.21287     0.724956
ln_F(137,5)     -4.19173     -1.06539
ln_F(137,6)     -3.76802     0.802422
ln_F(137,7)     -5.10494     -1.01175
ln_F(138,1)     -4.91835   -0.0875501
ln_F(138,2)      -5.4436    -0.392828
ln_F(138,3)     -7.60612    -0.542252
ln_F(138,4)     -5.93276    0.0390472
ln_F(138,5)     -4.18379     0.508701
ln_F(138,6)     -3.21756    0.0588459
ln_F(138,7)     -5.45961     -1.65198
ln_F(139,1)     -4.99674   -0.0910646
ln_F(139,2)     -4.78022    -0.270277
ln_F(139,3)     -6.61814     0.325423
ln_F(139,4)     -5.80444   0.00172792
ln_F(139,5)      -3.7217    -0.969213
ln_F(139,6)     -3.11499     0.698579
ln_F(139,7)     -5.37317    -0.186667
ln_F(140,1)     -5.48603    -0.281816
ln_F(140,2)     -4.61128  -0.00485268
ln_F(140,3)     -6.48416      0.07343
ln_F(140,4)      -5.6851     -0.16308
ln_F(140,5)     -3.57229    0.0187528
ln_F(140,6)     -2.67699     0.554438
ln_F(140,7)     -4.94044     -1.82198
ln_F(141,1)     -5.55185    -0.159137
ln_F(141,2)     -5.44237   -0.0744333
ln_F(141,3)     -6.89359     0.456181
ln_F(141,4)     -5.95237    -0.999539
ln_F(141,5)     -4.18867     0.395808
ln_F(141,6)     -3.47155   -0.0114164
ln_F(141,7)     -4.91123    -0.770413
ln_F(142,1)     -5.05957     0.428914
ln_F(142,2)     -5.61792    -0.119171
ln_F(142,3)     -8.22268   -0.0662608
ln_F(142,4)     -5.61663    -0.611329
ln_F(142,5)     -3.69557   -0.0973821
ln_F(142,6)     -2.59681      0.48987
ln_F(142,7)     -4.84714     -1.39068
ln_F(143,1)     -4.36596     -0.47583
ln_F(143,2)     -3.52958    -0.388448
ln_F(143,3)     -6.47283    -0.293551
ln_F(143,4)     -5.45896     0.365926
ln_F(143,5)     -3.35781    0.0406736
ln_F(143,6)     -2.80148     0.469781
ln_F(143,7)     -4.20111     -1.35857
ln_F(144,1)     -4.91743   -0.0385416
ln_F(144,2)     -3.50709    -0.348914
ln_F(144,3)     -6.29092   -0.0756803
ln_F(144,4)     -5.50132    -0.219891
ln_F(144,5)     -3.94474    -0.182844
ln_F(144,6)     -2.73055     0.319863
ln_F(144,7)     -4.29442    -0.870275
ln_F(145,1)     -4.74275    -0.391147
ln_F(145,2)     -3.33539   -0.0739073
ln_F(145,3)     -6.80767     0.137888
ln_F(145,4)     -5.28321     0.394054
ln_F(145,5)     -3.74122    -0.898055
ln_F(145,6)       -3.477     0.515667
ln_F(145,7)     -4.44854     -1.11859
ln_F(146,1)     -5.10639    -0.720233
ln_F(146,2)     -3.67948   -0.0316495
ln_F(146,3)     -8.39144    -0.372284
ln_F(146,4)     -5.58063      1.04874
ln_F(146,5)     -4.06819     -0.70475
ln_F(146,6)     -2.82229     0.103127
ln_F(146,7)     -4.30764    -0.892695
ln_F(147,1)     -4.96886    -0.587387
ln_F(147,2)     -2.74305    -0.378527
ln_F(147,3)     -6.40492     0.332504
ln_F(147,4)     -5.39483    -0.580044
ln_F(147,5)     -3.90186     0.500114
ln_F(147,6)     -2.93863    0.0472441
ln_F(147,7)     -4.17356     -1.20152
ln_F(148,1)     -5.00001     0.150868
ln_F(148,2)     -2.25022    -0.343103
ln_F(148,3)     -6.15042    -0.165421
ln_F(148,4)     -5.40283     0.288474
ln_F(148,5)     -4.14978    -0.658341
ln_F(148,6)     -2.83476     0.195313
ln_F(148,7)     -4.23867    -0.305958
ln_F(149,1)     -5.07928     0.486977
ln_F(149,2)      -4.6613    -0.495647
ln_F(149,3)     -6.77094     0.535607
ln_F(149,4)     -5.61745    -0.269364
ln_F(149,5)      -4.3695    -0.141779
ln_F(149,6)     -3.46727     0.337251
ln_F(149,7)     -4.15075     -2.15328
ln_F(150,1)     -4.70587     0.467213
ln_F(150,2)      -5.0252   0.00833777
ln_F(150,3)     -7.75962    -0.894504
ln_F(150,4)       -5.352     0.839489
ln_F(150,5)     -4.26812   -0.0224562
ln_F(150,6)      -2.9027    -0.190333
ln_F(150,7)     -4.14202      -1.2014
ln_F(151,1)     -4.63955     -1.35969
ln_F(151,2)       -3.933    -0.315912
ln_F(151,3)     -6.28441    -0.223946
ln_F(151,4)     -5.26017  -0.00128865
ln_F(151,5)     -3.28446     0.270355
ln_F(151,6)     -2.63171     0.213874
ln_F(151,7)     -4.17083    -0.481905
ln_F(152,1)     -6.82677     -2.03654
ln_F(152,2)     -2.03405 1.32647e-007
ln_F(152,3)     -7.22689     0.501618
ln_F(152,4)     -7.93147     0.405351
ln_F(152,5)     -2.03405 1.32647e-007
ln_F(152,6)     -9.79894    -0.141118
ln_F(152,7)       -5.462     0.526423
ln_F(153,1)     -6.89178       1.1563
ln_F(153,2)     -2.03405 1.32647e-007
ln_F(153,3)     -6.92665     0.371612
ln_F(153,4)     -7.82922     0.132476
ln_F(153,5)     -2.03405 1.32647e-007
ln_F(153,6)     -6.89259     0.356124
ln_F(153,7)      -5.2174     -1.49429
ln_F(154,1)      -7.3892    0.0441015
ln_F(154,2)     -2.03405 1.32647e-007
ln_F(154,3)     -8.06399      0.63688
ln_F(154,4)     -7.68239     0.158779
ln_F(154,5)     -2.03405 1.32647e-007
ln_F(154,6)     -4.83521    -0.571325
ln_F(154,7)     -5.92031     -1.27919
ln_F(155,1)     -7.96576       1.5827
ln_F(155,2)     -2.03405 1.32647e-007
ln_F(155,3)     -7.75446      1.26077
ln_F(155,4)     -7.79136   -0.0732936
ln_F(155,5)     -2.03405 1.32647e-007
ln_F(155,6)     -7.66914     -1.93713
ln_F(155,7)     -5.08379     -0.67072
ln_F(156,1)     -7.44881     -1.08383
ln_F(156,2)     -2.03405 1.32647e-007
ln_F(156,3)     -7.33884      0.43929
ln_F(156,4)     -8.05701     0.102046
ln_F(156,5)     -2.03405 1.32647e-007
ln_F(156,6)     -7.41771      1.24727
ln_F(156,7)     -5.89987     -1.61724
ln_F(157,1)     -6.66412    -0.513627
ln_F(157,2)     -2.03405 1.32647e-007
ln_F(157,3)     -6.62379    -0.344811
ln_F(157,4)     -7.67077      1.41561
ln_F(157,5)     -2.03405 1.32647e-007
ln_F(157,6)     -8.17951     -0.25236
ln_F(157,7)      -5.1583    -0.118448
ln_F(158,1)     -6.49581     0.346258
ln_F(158,2)     -2.03405 1.32647e-007
ln_F(158,3)     -7.50201     0.603879
ln_F(158,4)     -7.50544    -0.572975
ln_F(158,5)     -2.03405 1.32647e-007
ln_F(158,6)     -6.86886     -2.08195
ln_F(158,7)     -5.61085    -0.686542
ln_F(159,1)      -8.5062    0.0962606
ln_F(159,2)     -2.03405 1.32647e-007
ln_F(159,3)     -7.17627     -1.15116
ln_F(159,4)     -7.36868        1.458
ln_F(159,5)     -2.03405 1.32647e-007
ln_F(159,6)     -7.61198      2.99004
ln_F(159,7)     -4.92223    -0.916047
ln_F(160,1)      -8.6027   -0.0635269
ln_F(160,2)     -2.03405 1.32647e-007
ln_F(160,3)     -6.88088      1.31558
ln_F(160,4)     -7.52219     -1.25947
ln_F(160,5)     -2.03405 1.32647e-007
ln_F(160,6)     -7.18425     0.811183
ln_F(160,7)     -4.73274    -0.510497
ln_F(161,1)     -5.04501     0.223285
ln_F(161,2)     -2.03405 1.32647e-007
ln_F(161,3)     -6.68697     -1.09083
ln_F(161,4)     -7.16045     0.591252
ln_F(161,5)     -2.03405 1.32647e-007
ln_F(161,6)     -7.94189    0.0632294
ln_F(161,7)     -4.65923    0.0711571
ln_F(162,1)     -7.12193    0.0303651
ln_F(162,2)     -2.03405 1.32647e-007
ln_F(162,3)     -7.66009      1.85904
ln_F(162,4)     -7.09759     0.566424
ln_F(162,5)     -2.03405 1.32647e-007
ln_F(162,6)     -6.82661    -0.867981
ln_F(162,7)     -5.16555     -1.23158
ln_F(163,1)     -8.22749     0.419245
ln_F(163,2)     -2.03405 1.32647e-007
ln_F(163,3)     -7.13977    -0.191431
ln_F(163,4)     -7.10562    -0.784758
ln_F(163,5)     -2.03405 1.32647e-007
ln_F(163,6)     -9.32162     0.103537
ln_F(163,7)     -4.91102    -0.382491
ln_F(164,1)        -8.44     0.190101
ln_F(164,2)     -2.03405 1.32647e-007
ln_F(164,3)     -7.28148     -1.38312
ln_F(164,4)     -7.34744      0.97354
ln_F(164,5)     -2.03405 1.32647e-007
ln_F(164,6)     -9.04927    0.0534296
ln_F(164,7)     -4.06375    -0.230304
ln_F(165,1)     -4.77845    -0.340686
ln_F(165,2)     -2.03405 1.32647e-007
ln_F(165,3)     -6.94896      1.74401
ln_F(165,4)     -7.14949     0.575416
ln_F(165,5)     -2.03405 1.32647e-007
ln_F(165,6)     -9.41237    0.0151255
ln_F(165,7)     -4.81704    -0.758084
ln_F(166,1)     -8.06042     0.661811
ln_F(166,2)     -2.03405 1.32647e-007
ln_F(166,3)     -7.40454    0.0743742
ln_F(166,4)      -7.1399     0.187728
ln_F(166,5)     -2.03405 1.32647e-007
ln_F(166,6)     -8.35397    -0.153089
ln_F(166,7)     -4.80685    -0.441145
ln_F(167,1)     -6.71719     0.153313
ln_F(167,2)     -2.03405 1.32647e-007
ln_F(167,3)     -7.28231     -1.23159
ln_F(167,4)     -6.78327     0.217826
ln_F(167,5)     -2.03405 1.32647e-007
ln_F(167,6)     -7.99401     -0.13472
ln_F(167,7)     -5.11203      0.40805
ln_F(168,1)     -6.76775      1.47724
ln_F(168,2)     -2.03405 1.32647e-007
ln_F(168,3)     -7.45899     -1.62895
ln_F(168,4)     -7.23962      1.34541
ln_F(168,5)     -2.03405 1.32647e-007
ln_F(168,6)     -7.57267     0.120934
ln_F(168,7)     -4.29666     -1.32006
ln_F(169,1)     -6.45882    -0.215767
ln_F(169,2)     -2.03405 1.32647e-007
ln_F(169,3)     -7.26743     0.577873
ln_F(169,4)     -6.79641     0.617576
ln_F(169,5)     -2.03405 1.32647e-007
ln_F(169,6)     -6.54639      0.10352
ln_F(169,7)     -4.99198    -0.675887
ln_F(170,1)     -6.74182    -0.186692
ln_F(170,2)     -2.03405 1.32647e-007
ln_F(170,3)     -7.23962      1.27148
ln_F(170,4)     -6.70569     -2.02649
ln_F(170,5)     -2.03405 1.32647e-007
ln_F(170,6)     -5.62458     0.351421
ln_F(170,7)     -5.12961     0.313004
ln_F(171,1)     -6.89698     0.813992
ln_F(171,2)     -2.03405 1.32647e-007
ln_F(171,3)     -6.79252     0.759314
ln_F(171,4)     -6.75636     0.219608
ln_F(171,5)     -2.03405 1.32647e-007
ln_F(171,6)     -6.95955   0.00749025
ln_F(171,7)     -5.60027    -0.695269
ln_F(172,1)     -6.76928     0.751793
ln_F(172,2)     -2.03405 1.32647e-007
ln_F(172,3)     -7.58146     0.422884
ln_F(172,4)     -7.25859    0.0485264
ln_F(172,5)     -2.03405 1.32647e-007
ln_F(172,6)      -7.8094    0.0103704
ln_F(172,7)     -5.34735     -0.49701
ln_F(173,1)     -6.25046    -0.277668
ln_F(173,2)     -2.03405 1.32647e-007
ln_F(173,3)     -7.08886     0.717332
ln_F(173,4)     -6.67623    -0.726606
ln_F(173,5)     -2.03405 1.32647e-007
ln_F(173,6)      -9.4819     0.385555
ln_F(173,7)     -4.72097   -0.0720168
ln_F(174,1)     -6.52393     0.910458
ln_F(174,2)     -2.03405 1.32647e-007
ln_F(174,3)     -7.27957     0.146293
ln_F(174,4)     -6.66555   -0.0382641
ln_F(174,5)     -2.03405 1.32647e-007
ln_F(174,6)      -8.8745    0.0554949
ln_F(174,7)     -5.44417     -1.15659
ln_F(175,1)     -6.89513    -0.277731
ln_F(175,2)     -2.03405 1.32647e-007
ln_F(175,3)     -6.87341    -0.103033
ln_F(175,4)      -6.6746     0.848188
ln_F(175,5)     -2.03405 1.32647e-007
ln_F(175,6)     -8.53052     0.214881
ln_F(175,7)     -5.20462     -0.41114
ln_F(176,1)      -6.7296    -0.350503
ln_F(176,2)     -2.03405 1.32647e-007
ln_F(176,3)     -7.38983     0.450767
ln_F(176,4)     -7.10123     0.740587
ln_F(176,5)     -2.03405 1.32647e-007
ln_F(176,6)     -8.36552    -0.137137
ln_F(176,7)     -4.44786    -0.176781
ln_F(177,1)     -6.15429    -0.203935
ln_F(177,2)     -2.03405 1.32647e-007
ln_F(177,3)     -7.15244      -0.6189
ln_F(177,4)      -6.5166     0.281227
ln_F(177,5)     -2.03405 1.32647e-007
ln_F(177,6)     -7.25311     0.853023
ln_F(177,7)     -4.65503    -0.434884
ln_F(178,1)     -6.63746     -0.23543
ln_F(178,2)     -2.03405 1.32647e-007
ln_F(178,3)     -7.07395    -0.571307
ln_F(178,4)     -6.49293    -0.468405
ln_F(178,5)     -2.03405 1.32647e-007
ln_F(178,6)     -7.89405    -0.182622
ln_F(178,7)     -5.20272     0.105549
ln_F(179,1)     -6.68283     0.232835
ln_F(179,2)     -2.03405 1.32647e-007
ln_F(179,3)     -6.48786      1.51649
ln_F(179,4)      -6.3342      1.00072
ln_F(179,5)     -2.03405 1.32647e-007
ln_F(179,6)     -8.16321    -0.144071
ln_F(179,7)     -5.12654    -0.771413
ln_F(180,1)     -6.61332     -1.20129
ln_F(180,2)     -2.03405 1.32647e-007
ln_F(180,3)     -6.90478    -0.321442
ln_F(180,4)     -6.90112     0.277373
ln_F(180,5)     -2.03405 1.32647e-007
ln_F(180,6)     -2.03405 1.32647e-007
ln_F(180,7)      -4.6977    -0.335805
ln_F(181,1)     -5.78172   0.00790195
ln_F(181,2)     -2.03405 1.32647e-007
ln_F(181,3)     -6.59814    -0.976855
ln_F(181,4)     -6.70918   -0.0559526
ln_F(181,5)     -2.03405 1.32647e-007
ln_F(181,6)     -2.03405 1.32647e-007
ln_F(181,7)     -3.42802   -0.0666557
ln_F(182,1)     -6.54683     0.585685
ln_F(182,2)     -2.03405 1.32647e-007
ln_F(182,3)     -7.35057      1.08381
ln_F(182,4)     -6.66315    -0.366966
ln_F(182,5)     -2.03405 1.32647e-007
ln_F(182,6)     -7.51438    -0.286019
ln_F(182,7)     -4.33755    -0.359401
ln_F(183,1)     -7.71639    -0.388676
ln_F(183,2)     -2.03405 1.32647e-007
ln_F(183,3)     -6.29543      1.46891
ln_F(183,4)     -7.68363    -0.327748
ln_F(183,5)     -2.03405 1.32647e-007
ln_F(183,6)     -9.08962    -0.637074
ln_F(183,7)     -4.71919    -0.486956
ln_F(184,1)     -7.66252     0.241193
ln_F(184,2)     -2.03405 1.32647e-007
ln_F(184,3)     -7.49779    -0.162284
ln_F(184,4)     -7.34334     0.563507
ln_F(184,5)     -2.03405 1.32647e-007
ln_F(184,6)     -2.03405 1.32647e-007
ln_F(184,7)     -4.61881    -0.169572
ln_F(185,1)     -7.27733     0.454686
ln_F(185,2)     -2.03405 1.32647e-007
ln_F(185,3)     -6.86415     -1.13777
ln_F(185,4)     -6.71129    0.0459451
ln_F(185,5)     -2.03405 1.32647e-007
ln_F(185,6)     -2.03405 1.32647e-007
ln_F(185,7)     -3.92273    -0.250282
ln_F(186,1)     -7.51427      1.29012
ln_F(186,2)     -2.03405 1.32647e-007
ln_F(186,3)     -7.09418     -1.57062
ln_F(186,4)     -6.72888     0.259688
ln_F(186,5)     -2.03405 1.32647e-007
ln_F(186,6)     -13.9892    -0.307261
ln_F(186,7)     -5.00423  -0.00917655
ln_F(187,1)     -8.90743     0.404265
ln_F(187,2)     -2.03405 1.32647e-007
ln_F(187,3)     -6.35595    -0.354153
ln_F(187,4)     -6.66043      1.79691
ln_F(187,5)     -2.03405 1.32647e-007
ln_F(187,6)     -6.50244    -0.490522
ln_F(187,7)     -4.18282    -0.817981
ln_F(188,1)     -6.25891     0.646894
ln_F(188,2)     -2.03405 1.32647e-007
ln_F(188,3)     -6.94488     0.316114
ln_F(188,4)     -7.17449     -1.06946
ln_F(188,5)     -2.03405 1.32647e-007
ln_F(188,6)     -7.77375     0.139873
ln_F(188,7)     -4.04469     0.081879
ln_F(189,1)     -7.31339     0.652677
ln_F(189,2)     -2.03405 1.32647e-007
ln_F(189,3)     -7.03703    -0.738119
ln_F(189,4)      -6.7796      1.06189
ln_F(189,5)     -2.03405 1.32647e-007
ln_F(189,6)     -7.27069    -0.889239
ln_F(189,7)     -3.68289    -0.262541
ln_F(190,1)     -8.52651     0.513459
ln_F(190,2)     -2.03405 1.32647e-007
ln_F(190,3)     -6.91174    -0.278948
ln_F(190,4)     -6.86805       1.4191
ln_F(190,5)     -2.03405 1.32647e-007
ln_F(190,6)     -7.35015    0.0098976
ln_F(190,7)      -4.0939    -0.500097
ln_F(191,1)     -7.31309    -0.206062
ln_F(191,2)     -2.03405 1.32647e-007
ln_F(191,3)     -5.82874     0.102558
ln_F(191,4)     -6.72269     0.367092
ln_F(191,5)     -2.03405 1.32647e-007
ln_F(191,6)     -8.44171    -0.264339
ln_F(191,7)     -4.12208     -0.17221
ln_F(192,1)     -6.84022     0.959881
ln_F(192,2)     -2.03405 1.32647e-007
ln_F(192,3)     -6.59308    -0.787739
ln_F(192,4)     -7.22245    -0.466229
ln_F(192,5)     -2.03405 1.32647e-007
ln_F(192,6)     -9.09784    -0.417602
ln_F(192,7)     -4.01444       -0.354
ln_F(193,1)     -6.05553     0.776115
ln_F(193,2)     -2.03405 1.32647e-007
ln_F(193,3)     -6.59423     0.682988
ln_F(193,4)      -6.5919    -0.047106
ln_F(193,5)     -2.03405 1.32647e-007
ln_F(193,6)     -7.68447      0.27856
ln_F(193,7)     -3.94854    -0.567704
ln_F(194,1)     -6.42476     0.711574
ln_F(194,2)     -2.03405 1.32647e-007
ln_F(194,3)     -6.50811    -0.759303
ln_F(194,4)     -6.51531   -0.0974171
ln_F(194,5)     -2.03405 1.32647e-007
ln_F(194,6)     -6.25713    0.0906449
ln_F(194,7)     -4.32441  -0.00191807
ln_F(195,1)     -5.46372     0.197348
ln_F(195,2)     -2.03405 1.32647e-007
ln_F(195,3)      -5.1094     -0.64804
ln_F(195,4)     -5.67805      0.73771
ln_F(195,5)     -2.03405 1.32647e-007
ln_F(195,6)     -2.03405 1.32647e-007
ln_F(195,7)     -4.66517     0.525861
ln_F(196,1)     -10.6986     0.433682
ln_F(196,2)     -2.03405 1.32647e-007
ln_F(196,3)     -5.79161     0.874537
ln_F(196,4)     -6.78616    -0.484537
ln_F(196,5)     -2.03405 1.32647e-007
ln_F(196,6)     -2.03405 1.32647e-007
ln_F(196,7)     -4.71654    -0.559004
ln_F(197,1)     -6.62446     -0.78782
ln_F(197,2)     -2.03405 1.32647e-007
ln_F(197,3)     -6.00442     -1.35571
ln_F(197,4)     -6.73816     0.648736
ln_F(197,5)     -2.03405 1.32647e-007
ln_F(197,6)     -2.03405 1.32647e-007
ln_F(197,7)     -4.37293     0.931243
ln_F(198,1)     -9.35078     0.582476
ln_F(198,2)     -2.03405 1.32647e-007
ln_F(198,3)     -4.89886    -0.143164
ln_F(198,4)     -6.37251    -0.202074
ln_F(198,5)     -2.03405 1.32647e-007
ln_F(198,6)     -2.03405 1.32647e-007
ln_F(198,7)     -3.40307    -0.186815
ln_F(199,1)     -6.99257   -0.0290149
ln_F(199,2)     -2.03405 1.32647e-007
ln_F(199,3)     -4.75728     0.576094
ln_F(199,4)     -6.38082     0.528668
ln_F(199,5)     -2.03405 1.32647e-007
ln_F(199,6)     -7.65099    -0.240515
ln_F(199,7)     -4.00563    -0.728153
ln_F(200,1)     -6.79056     0.223725
ln_F(200,2)     -2.03405 1.32647e-007
ln_F(200,3)     -6.81286   -0.0249681
ln_F(200,4)      -6.7421     0.142705
ln_F(200,5)     -2.03405 1.32647e-007
ln_F(200,6)     -10.7589     0.120324
ln_F(200,7)     -4.48403    0.0950371
ln_F(201,1)     -5.91516     0.722502
ln_F(201,2)     -2.03405 1.32647e-007
ln_F(201,3)      -4.9382    -0.589264
ln_F(201,4)     -6.50761     0.826467
ln_F(201,5)     -2.03405 1.32647e-007
ln_F(201,6)     -9.15974     0.680269
ln_F(201,7)     -3.89247     -0.52519
ln_F(202,1)     -6.52294     -0.30642
ln_F(202,2)     -2.03405 1.32647e-007
ln_F(202,3)     -5.82073     0.292888
ln_F(202,4)     -6.42845    -0.441199
ln_F(202,5)     -2.03405 1.32647e-007
ln_F(202,6)     -11.4639     0.293074
ln_F(202,7)     -4.37686     -0.19719
ln_F(203,1)     -7.21052     0.620235
ln_F(203,2)     -2.03405 1.32647e-007
ln_F(203,3)     -4.78989    -0.942758
ln_F(203,4)     -6.32273    -0.305485
ln_F(203,5)     -2.03405 1.32647e-007
ln_F(203,6)     -8.42052     0.859486
ln_F(203,7)     -4.49889     0.477655
ln_F(204,1)     -6.80898    -0.691893
ln_F(204,2)     -2.03405 1.32647e-007
ln_F(204,3)      -6.3105     0.533326
ln_F(204,4)     -6.77516     0.161595
ln_F(204,5)     -2.03405 1.32647e-007
ln_F(204,6)     -7.51204    0.0262355
ln_F(204,7)     -4.46926    0.0959444
ln_F(205,1)     -5.55696    -0.474631
ln_F(205,2)     -2.03405 1.32647e-007
ln_F(205,3)     -5.32923    -0.838614
ln_F(205,4)     -6.08987   -0.0857013
ln_F(205,5)     -2.03405 1.32647e-007
ln_F(205,6)     -7.00388     0.718534
ln_F(205,7)     -4.20406     0.587727
ln_F(206,1)     -5.74042    0.0506238
ln_F(206,2)     -2.03405 1.32647e-007
ln_F(206,3)     -6.22114     0.561818
ln_F(206,4)     -5.91024     0.388179
ln_F(206,5)     -2.03405 1.32647e-007
ln_F(206,6)     -7.26561   -0.0487272
ln_F(206,7)     -4.50598    -0.202744
ln_F(207,1)     -6.26012     0.463704
ln_F(207,2)     -2.03405 1.32647e-007
ln_F(207,3)     -6.01012     -0.57863
ln_F(207,4)     -6.42308     0.842882
ln_F(207,5)     -2.03405 1.32647e-007
ln_F(207,6)     -7.91172     0.104319
ln_F(207,7)     -4.36278   -0.0554314
ln_F(208,1)     -6.20721     0.250943
ln_F(208,2)     -2.03405 1.32647e-007
ln_F(208,3)     -5.06051    -0.212093
ln_F(208,4)     -6.75991    -0.520317
ln_F(208,5)     -2.03405 1.32647e-007
ln_F(208,6)     -2.03405 1.32647e-007
ln_F(208,7)     -4.31234      0.25471
ln_F(209,1)     -5.57973     0.521409
ln_F(209,2)     -2.03405 1.32647e-007
ln_F(209,3)     -4.96993     0.775639
ln_F(209,4)     -6.18496    0.0289233
ln_F(209,5)     -2.03405 1.32647e-007
ln_F(209,6)     -12.4624    -0.071581
ln_F(209,7)     -4.18214    -0.876288
ln_F(210,1)     -5.88229     0.275889
ln_F(210,2)     -2.03405 1.32647e-007
ln_F(210,3)     -4.58043     0.105353
ln_F(210,4)     -6.14753      1.53159
ln_F(210,5)     -2.03405 1.32647e-007
ln_F(210,6)     -6.58164     0.433645
ln_F(210,7)      -4.2983    -0.562613
ln_F(211,1)     -6.31021    -0.582816
ln_F(211,2)     -2.03405 1.32647e-007
ln_F(211,3)     -5.21964      0.59132
ln_F(211,4)     -5.98111     0.225717
ln_F(211,5)     -2.03405 1.32647e-007
ln_F(211,6)     -2.03405 1.32647e-007
ln_F(211,7)     -3.87823    -0.179317
ln_F(212,1)     -6.09749     0.490289
ln_F(212,2)     -2.03405 1.32647e-007
ln_F(212,3)      -5.2915     0.820819
ln_F(212,4)      -6.2389    -0.196617
ln_F(212,5)     -2.03405 1.32647e-007
ln_F(212,6)     -9.46585   -0.0149726
ln_F(212,7)     -3.85468    -0.415843
ln_F(213,1)     -5.53099     0.232028
ln_F(213,2)     -2.03405 1.32647e-007
ln_F(213,3)     -5.27829    -0.644375
ln_F(213,4)      -5.8587     0.458137
ln_F(213,5)     -2.03405 1.32647e-007
ln_F(213,6)     -5.52667     0.160755
ln_F(213,7)     -3.68179   0.00977887
ln_F(214,1)     -4.98745     -1.06098
ln_F(214,2)     -2.03405 1.32647e-007
ln_F(214,3)     -4.64517     0.622677
ln_F(214,4)     -5.44666     0.847259
ln_F(214,5)     -2.03405 1.32647e-007
ln_F(214,6)     -2.58018   -0.0457508
ln_F(214,7)     -3.87229     -0.25175
ln_F(215,1)      -4.8606    -0.752309
ln_F(215,2)     -2.03405 1.32647e-007
ln_F(215,3)     -4.31226     0.388719
ln_F(215,4)     -5.12765     0.795575
ln_F(215,5)     -2.03405 1.32647e-007
ln_F(215,6)     -2.22256    -0.304614
ln_F(215,7)     -3.75216    -0.274649
ln_F(216,1)     -4.90478    -0.249162
ln_F(216,2)     -2.03405 1.32647e-007
ln_F(216,3)     -5.05133    -0.247686
ln_F(216,4)     -5.77171    -0.324406
ln_F(216,5)     -2.03405 1.32647e-007
ln_F(216,6)      -2.7983     -0.19313
ln_F(216,7)     -3.75339     0.573501
ln_F(217,1)      -4.7013     0.451917
ln_F(217,2)     -2.03405 1.32647e-007
ln_F(217,3)        -4.68    -0.257314
ln_F(217,4)     -5.35315    -0.380836
ln_F(217,5)     -2.03405 1.32647e-007
ln_F(217,6)     -3.26548    -0.320206
ln_F(217,7)     -3.51411     0.177624
ln_F(218,1)     -4.66343     -1.11734
ln_F(218,2)     -2.03405 1.32647e-007
ln_F(218,3)     -4.19143     0.852442
ln_F(218,4)     -5.27353     0.221999
ln_F(218,5)     -2.03405 1.32647e-007
ln_F(218,6)     -2.72292    -0.397075
ln_F(218,7)     -3.60761    0.0497722
ln_F(219,1)      -5.8901     0.823565
ln_F(219,2)     -2.03405 1.32647e-007
ln_F(219,3)     -4.63984   -0.0387322
ln_F(219,4)     -5.43127    -0.882554
ln_F(219,5)     -2.03405 1.32647e-007
ln_F(219,6)     -2.74528    -0.277525
ln_F(219,7)     -3.41728    -0.026532
ln_F(220,1)     -5.93689     0.339435
ln_F(220,2)     -2.03405 1.32647e-007
ln_F(220,3)      -5.8291     0.374937
ln_F(220,4)     -5.86685    -0.894114
ln_F(220,5)     -2.03405 1.32647e-007
ln_F(220,6)     -2.14347    -0.367621
ln_F(220,7)     -3.39193   -0.0243673
ln_F(221,1)     -5.54924    -0.160663
ln_F(221,2)     -2.03405 1.32647e-007
ln_F(221,3)      -4.9803      1.02243
ln_F(221,4)     -5.52745    -0.721926
ln_F(221,5)     -2.03405 1.32647e-007
ln_F(221,6)     -2.23878    -0.335077
ln_F(221,7)     -3.16475     -0.10757
ln_F(222,1)     -6.00237    -0.754785
ln_F(222,2)     -2.03405 1.32647e-007
ln_F(222,3)     -4.17154     0.451034
ln_F(222,4)     -5.45001     0.844143
ln_F(222,5)     -2.03405 1.32647e-007
ln_F(222,6)     -1.85627    -0.417219
ln_F(222,7)     -3.42542    -0.277081
ln_F(223,1)     -6.01799  -0.00531424
ln_F(223,2)     -2.03405 1.32647e-007
ln_F(223,3)      -3.9951    -0.134382
ln_F(223,4)     -5.22867     0.652501
ln_F(223,5)     -2.03405 1.32647e-007
ln_F(223,6)     -2.65189   -0.0301281
ln_F(223,7)       -3.315    -0.101994
ln_F(224,1)     -6.11512    -0.367166
ln_F(224,2)     -2.03405 1.32647e-007
ln_F(224,3)     -6.67932     0.312259
ln_F(224,4)     -5.75615     0.262924
ln_F(224,5)     -2.03405 1.32647e-007
ln_F(224,6)     -2.73949    -0.305044
ln_F(224,7)     -3.41543    -0.108607
ln_F(225,1)     -5.57601    -0.520335
ln_F(225,2)     -2.03405 1.32647e-007
ln_F(225,3)     -4.96258     0.482447
ln_F(225,4)       -5.468    -0.100061
ln_F(225,5)     -2.03405 1.32647e-007
ln_F(225,6)     -2.77869      0.19488
ln_F(225,7)      -3.2983 -0.000797242
ln_F(226,1)     -6.01772    0.0369502
ln_F(226,2)     -2.03405 1.32647e-007
ln_F(226,3)     -4.20382     0.512877
ln_F(226,4)     -5.41008    -0.681468
ln_F(226,5)     -2.03405 1.32647e-007
ln_F(226,6)     -1.16645    -0.257594
ln_F(226,7)     -3.55894    -0.118474
ln_F(227,1)     -6.01544       0.1348
ln_F(227,2)     -2.03405 1.32647e-007
ln_F(227,3)     -4.37112     0.830747
ln_F(227,4)     -5.37451    -0.784527
ln_F(227,5)     -2.03405 1.32647e-007
ln_F(227,6)     -1.87491     0.150944
ln_F(227,7)     -3.47122   -0.0747765
ln_F(228,1)     -6.06219    -0.577029
ln_F(228,2)     -2.03405 1.32647e-007
ln_F(228,3)     -6.55496      0.92642
ln_F(228,4)     -5.70176     0.130734
ln_F(228,5)     -2.03405 1.32647e-007
ln_F(228,6)     -2.24628    -0.277765
ln_F(228,7)     -3.52677    0.0256851
ln_F(229,1)     -5.95985    -0.405904
ln_F(229,2)     -2.03405 1.32647e-007
ln_F(229,3)     -4.69475     0.531506
ln_F(229,4)      -5.5492     0.176547
ln_F(229,5)     -2.03405 1.32647e-007
ln_F(229,6)     -3.77196    -0.256784
ln_F(229,7)     -3.40384     0.134004
ln_F(230,1)     -5.75958      0.43948
ln_F(230,2)     -2.03405 1.32647e-007
ln_F(230,3)     -4.09827     0.130209
ln_F(230,4)     -5.42089      1.23922
ln_F(230,5)     -2.03405 1.32647e-007
ln_F(230,6)     -1.03618    -0.343277
ln_F(230,7)     -3.61723    -0.507521
ln_F(231,1)      -5.9397    0.0925826
ln_F(231,2)     -2.03405 1.32647e-007
ln_F(231,3)     -4.21694    0.0540274
ln_F(231,4)     -5.32939     0.624438
ln_F(231,5)     -2.03405 1.32647e-007
ln_F(231,6)     0.989071     0.420366
ln_F(231,7)      -3.7931    0.0796014
ln_F(232,1)     -6.05878     0.037868
ln_F(232,2)     -2.03405 1.32647e-007
ln_F(232,3)      -5.3286    -0.480951
ln_F(232,4)     -5.66061      1.46633
ln_F(232,5)     -2.03405 1.32647e-007
ln_F(232,6)      -2.5419    -0.432051
ln_F(232,7)     -3.90972    -0.359629
ln_F(233,1)     -6.05745      0.52084
ln_F(233,2)     -2.03405 1.32647e-007
ln_F(233,3)     -5.90879     0.226275
ln_F(233,4)     -5.42126    -0.658645
ln_F(233,5)     -2.03405 1.32647e-007
ln_F(233,6)     -3.03589    0.0610897
ln_F(233,7)     -3.78008    0.0449778
ln_F(234,1)      -6.1583      0.88338
ln_F(234,2)     -2.03405 1.32647e-007
ln_F(234,3)     -4.50061    -0.169995
ln_F(234,4)     -5.39628     0.614183
ln_F(234,5)     -2.03405 1.32647e-007
ln_F(234,6)    -0.703685    -0.359578
ln_F(234,7)     -4.05928    -0.471201
ln_F(235,1)     -6.05627     0.907225
ln_F(235,2)     -2.03405 1.32647e-007
ln_F(235,3)     -4.36696    -0.305514
ln_F(235,4)     -5.27625     -0.27012
ln_F(235,5)     -2.03405 1.32647e-007
ln_F(235,6)     -1.48021    -0.353354
ln_F(235,7)     -3.91005    0.0656801
ln_F(236,1)     -6.09966      -0.2332
ln_F(236,2)     -2.03405 1.32647e-007
ln_F(236,3)     -5.27425    -0.308003
ln_F(236,4)      -5.5448    -0.151566
ln_F(236,5)     -2.03405 1.32647e-007
ln_F(236,6)     -2.89809    -0.308111
ln_F(236,7)     -3.94254     0.524983
ln_F(237,1)     -6.08283      0.60393
ln_F(237,2)     -2.03405 1.32647e-007
ln_F(237,3)       -5.317     -1.05332
ln_F(237,4)     -5.19401      1.04689
ln_F(237,5)     -2.03405 1.32647e-007
ln_F(237,6)     -5.10583    -0.211375
ln_F(237,7)     -3.75447    -0.271578
ln_F(238,1)     -5.98601     0.281611
ln_F(238,2)     -2.03405 1.32647e-007
ln_F(238,3)     -4.27183     0.406964
ln_F(238,4)     -5.20403     0.150935
ln_F(238,5)     -2.03405 1.32647e-007
ln_F(238,6)     -3.37967    -0.199256
ln_F(238,7)     -3.98892     -0.42182
ln_F(239,1)     -6.12875    -0.582555
ln_F(239,2)     -2.03405 1.32647e-007
ln_F(239,3)       -4.537     0.791331
ln_F(239,4)      -5.3757   -0.0207261
ln_F(239,5)     -2.03405 1.32647e-007
ln_F(239,6)     -2.76872     -0.25946
ln_F(239,7)     -3.97955    -0.435545
ln_F(240,1)     -6.20874      1.27384
ln_F(240,2)     -2.03405 1.32647e-007
ln_F(240,3)     -4.90236     0.130256
ln_F(240,4)     -5.57358    -0.390996
ln_F(240,5)     -2.03405 1.32647e-007
ln_F(240,6)     -4.18506   -0.0875749
ln_F(240,7)     -4.09042    -0.755919
ln_F(241,1)     -5.48973    -0.897003
ln_F(241,2)     -2.03405 1.32647e-007
ln_F(241,3)     -5.32089     0.678546
ln_F(241,4)     -5.11947     0.510661
ln_F(241,5)     -2.03405 1.32647e-007
ln_F(241,6)     -2.03405 1.32647e-007
ln_F(241,7)     -3.81173    -0.261382
ln_F(242,1)     -5.27978     0.268805
ln_F(242,2)     -2.03405 1.32647e-007
ln_F(242,3)     -5.17819     -1.30693
ln_F(242,4)     -5.05462      1.33451
ln_F(242,5)     -2.03405 1.32647e-007
ln_F(242,6)     -3.47234    -0.194525
ln_F(242,7)     -4.07859    -0.278943
ln_F(243,1)     -6.12086      1.34268
ln_F(243,2)     -2.03405 1.32647e-007
ln_F(243,3)     -4.60895    -0.393042
ln_F(243,4)     -5.48285     0.616314
ln_F(243,5)     -2.03405 1.32647e-007
ln_F(243,6)     -2.89704     0.149836
ln_F(243,7)     -4.28046    -0.615374
ln_F(244,1)     -6.19553    -0.620347
ln_F(244,2)     -2.03405 1.32647e-007
ln_F(244,3)       -5.551      1.62876
ln_F(244,4)     -5.79554    -0.527218
ln_F(244,5)     -2.03405 1.32647e-007
ln_F(244,6)     -3.52858    -0.033929
ln_F(244,7)     -4.41428    -0.394698
ln_F(245,1)     -6.18669     0.867638
ln_F(245,2)     -2.03405 1.32647e-007
ln_F(245,3)     -5.54978     -1.22001
ln_F(245,4)     -5.49542    -0.468127
ln_F(245,5)     -2.03405 1.32647e-007
ln_F(245,6)       -5.934   -0.0839868
ln_F(245,7)     -4.20111       0.4217
ln_F(246,1)     -6.49005    -0.300857
ln_F(246,2)     -2.03405 1.32647e-007
ln_F(246,3)     -5.48994   -0.0380176
ln_F(246,4)      -5.4895     0.242475
ln_F(246,5)     -2.03405 1.32647e-007
ln_F(246,6)     -3.73305     0.256472
ln_F(246,7)     -4.35695    -0.131573
ln_F(247,1)     -6.29379     0.380412
ln_F(247,2)     -2.03405 1.32647e-007
ln_F(247,3)     -4.89034   -0.0127445
ln_F(247,4)     -5.06008     0.655855
ln_F(247,5)     -2.03405 1.32647e-007
ln_F(247,6)     -2.52526    -0.265124
ln_F(247,7)     -3.90401    -0.548715
ln_F(248,1)     -6.34197    -0.172702
ln_F(248,2)     -2.03405 1.32647e-007
ln_F(248,3)     -5.65997    -0.365599
ln_F(248,4)     -5.72842      1.49017
ln_F(248,5)     -2.03405 1.32647e-007
ln_F(248,6)     -6.29024     0.107864
ln_F(248,7)     -4.06793       -0.394
ln_F(249,1)     -5.44125     0.810208
ln_F(249,2)     -2.03405 1.32647e-007
ln_F(249,3)     -5.96712      0.40681
ln_F(249,4)     -5.41946     -1.16757
ln_F(249,5)     -2.03405 1.32647e-007
ln_F(249,6)      -5.7673    -0.212961
ln_F(249,7)     -3.82184     0.233083
ln_F(250,1)     -5.98501      1.19771
ln_F(250,2)     -2.03405 1.32647e-007
ln_F(250,3)     -4.73006    -0.449018
ln_F(250,4)     -5.32531   -0.0153712
ln_F(250,5)     -2.03405 1.32647e-007
ln_F(250,6)     -3.51985    -0.286057
ln_F(250,7)     -3.88424    -0.255763
ln_F(251,1)     -5.93862     0.442202
ln_F(251,2)     -2.03405 1.32647e-007
ln_F(251,3)     -4.75975     0.361074
ln_F(251,4)     -4.68421     0.482758
ln_F(251,5)     -2.03405 1.32647e-007
ln_F(251,6)      -2.3757    -0.286716
ln_F(251,7)     -3.57755    -0.574543
ln_F(252,1)     -5.80093     0.196887
ln_F(252,2)     -2.03405 1.32647e-007
ln_F(252,3)     -5.86086    -0.780746
ln_F(252,4)     -5.23036     0.204933
ln_F(252,5)     -2.03405 1.32647e-007
ln_F(252,6)      -4.6576     -0.38256
ln_F(252,7)     -3.75923     0.356518
ln_F(253,1)     -4.93853     0.180101
ln_F(253,2)     -2.03405 1.32647e-007
ln_F(253,3)     -5.42925     0.277345
ln_F(253,4)     -4.90914     0.093291
ln_F(253,5)     -2.03405 1.32647e-007
ln_F(253,6)     -5.39143     0.172139
ln_F(253,7)     -3.51334    -0.163624
ln_F(254,1)     -5.04614     0.764132
ln_F(254,2)     -2.03405 1.32647e-007
ln_F(254,3)     -5.19308     0.429364
ln_F(254,4)     -4.85436    -0.956588
ln_F(254,5)     -2.03405 1.32647e-007
ln_F(254,6)     -3.60828    -0.170653
ln_F(254,7)      -3.5738   -0.0042165
ln_F(255,1)     -5.53935     0.638941
ln_F(255,2)     -2.03405 1.32647e-007
ln_F(255,3)     -4.59535    -0.423211
ln_F(255,4)     -4.52168  -0.00224508
ln_F(255,5)     -2.03405 1.32647e-007
ln_F(255,6)     -3.27858     0.180271
ln_F(255,7)     -3.59882     0.074083
ln_F(256,1)     -5.48733     0.612806
ln_F(256,2)     -2.03405 1.32647e-007
ln_F(256,3)     -5.37939     0.114351
ln_F(256,4)     -4.99635    -0.558284
ln_F(256,5)     -2.03405 1.32647e-007
ln_F(256,6)     -4.34375    -0.281238
ln_F(256,7)      -3.9081      0.25281
ln_F(257,1)     -5.80323     0.749697
ln_F(257,2)     -2.03405 1.32647e-007
ln_F(257,3)     -4.66056      2.33164
ln_F(257,4)     -5.00907     -1.30832
ln_F(257,5)     -2.03405 1.32647e-007
ln_F(257,6)     -5.88658    -0.914682
ln_F(257,7)     -3.29277    -0.484129
ln_F(258,1)      -5.3288   -0.0375235
ln_F(258,2)     -2.03405 1.32647e-007
ln_F(258,3)     -4.70581     0.051176
ln_F(258,4)      -4.6992      0.60402
ln_F(258,5)     -2.03405 1.32647e-007
ln_F(258,6)     -3.21366    -0.664163
ln_F(258,7)     -3.03443    -0.151659
ln_F(259,1)     -5.51812   -0.0570552
ln_F(259,2)     -2.03405 1.32647e-007
ln_F(259,3)     -3.89866     0.931166
ln_F(259,4)     -4.77806     -1.07015
ln_F(259,5)     -2.03405 1.32647e-007
ln_F(259,6)     -2.80755   -0.0529978
ln_F(259,7)     -3.16937     -0.17379
ln_F(260,1)     -5.59591     0.150661
ln_F(260,2)     -2.03405 1.32647e-007
ln_F(260,3)     -5.33781   -0.0562834
ln_F(260,4)     -4.81521   -0.0850249
ln_F(260,5)     -2.03405 1.32647e-007
ln_F(260,6)      1.27285    -0.268868
ln_F(260,7)      -3.7865    0.0143981
ln_F(261,1)     -5.57994     0.307877
ln_F(261,2)     -2.03405 1.32647e-007
ln_F(261,3)     -4.64467     0.119073
ln_F(261,4)     -4.68071    -0.425541
ln_F(261,5)     -2.03405 1.32647e-007
ln_F(261,6)     -5.04118    0.0942446
ln_F(261,7)     -3.19731   -0.0356537
ln_F(262,1)     -5.22114     0.455608
ln_F(262,2)     -2.03405 1.32647e-007
ln_F(262,3)     -4.95171    -0.292213
ln_F(262,4)     -4.32289     0.214785
ln_F(262,5)     -2.03405 1.32647e-007
ln_F(262,6)     -3.52664    0.0105732
ln_F(262,7)     -3.28435     0.185631
ln_F(263,1)     -5.10604      0.62797
ln_F(263,2)     -2.03405 1.32647e-007
ln_F(263,3)     -4.53331     0.258705
ln_F(263,4)     -3.40761      0.42359
ln_F(263,5)     -2.03405 1.32647e-007
ln_F(263,6)     -3.56282    0.0309636
ln_F(263,7)     -4.09924     0.434973
ln_F(264,1)     -4.88722     0.895847
ln_F(264,2)     -2.03405 1.32647e-007
ln_F(264,3)     -5.50935     0.492172
ln_F(264,4)     -4.20189     -0.64811
ln_F(264,5)     -2.03405 1.32647e-007
ln_F(264,6)     -7.23001    -0.577776
ln_F(264,7)     -1.40234     -1.98132
ln_F(265,1)     -4.86218     0.762591
ln_F(265,2)     -2.03405 1.32647e-007
ln_F(265,3)     -5.01979     0.208301
ln_F(265,4)     -4.24833     0.373237
ln_F(265,5)     -2.03405 1.32647e-007
ln_F(265,6)     -4.46653    -0.159796
ln_F(265,7)     -4.39931     0.892988
ln_F(266,1)     -4.82631      2.71431
ln_F(266,2)     -2.03405 1.32647e-007
ln_F(266,3)     -4.56254     0.393669
ln_F(266,4)     -4.35146    -0.194615
ln_F(266,5)     -2.03405 1.32647e-007
ln_F(266,6)     -3.02919     0.133873
ln_F(266,7)     -4.44443     0.343777
ln_F(267,1)     -5.83071    -0.159293
ln_F(267,2)     -2.03405 1.32647e-007
ln_F(267,3)     -4.70613     0.106866
ln_F(267,4)     -4.79399     0.598691
ln_F(267,5)     -2.03405 1.32647e-007
ln_F(267,6)     -2.83205     0.281677
ln_F(267,7)     -3.69724     0.894457
ln_F(268,1)     -6.02766      1.49458
ln_F(268,2)     -2.03405 1.32647e-007
ln_F(268,3)      -6.2671     0.222503
ln_F(268,4)     -5.04561    0.0197992
ln_F(268,5)     -2.03405 1.32647e-007
ln_F(268,6)     -2.63623      0.31847
ln_F(268,7)     -3.96691      2.16442
ln_F(269,1)     -6.12918     0.105381
ln_F(269,2)     -2.03405 1.32647e-007
ln_F(269,3)     -5.80212     0.713549
ln_F(269,4)     -4.90071    0.0431723
ln_F(269,5)     -2.03405 1.32647e-007
ln_F(269,6)     -5.17623     0.226876
ln_F(269,7)      -3.9343       2.1146
ln_F(270,1)     -6.26579      2.00852
ln_F(270,2)     -2.03405 1.32647e-007
ln_F(270,3)     -5.03991     0.624948
ln_F(270,4)     -5.21717    -0.778954
ln_F(270,5)     -2.03405 1.32647e-007
ln_F(270,6)      -2.5593    -0.246608
ln_F(270,7)     -4.09846     0.950059
ln_F(271,1)     -6.35662    0.0139029
ln_F(271,2)     -2.03405 1.32647e-007
ln_F(271,3)     -5.08043     0.277942
ln_F(271,4)     -5.47138    -0.145611
ln_F(271,5)     -2.03405 1.32647e-007
ln_F(271,6)     -2.70482    -0.736837
ln_F(271,7)     -4.27168    0.0336008
ln_F(272,1)      -6.6467      1.56027
ln_F(272,2)     -2.03405 1.32647e-007
ln_F(272,3)     -6.65464    -0.277453
ln_F(272,4)     -5.70612      1.05463
ln_F(272,5)     -2.03405 1.32647e-007
ln_F(272,6)     -4.76474    -0.228228
ln_F(272,7)     -5.47821     -2.36546
ln_F(273,1)     -6.65812     -1.12256
ln_F(273,2)     -2.03405 1.32647e-007
ln_F(273,3)     -7.04409     0.507841
ln_F(273,4)     -5.59224     0.867143
ln_F(273,5)     -2.03405 1.32647e-007
ln_F(273,6)     -3.72448    -0.255964
ln_F(273,7)     -5.48437   -0.0704194
ln_F(274,1)     -6.59949     0.742279
ln_F(274,2)     -2.03405 1.32647e-007
ln_F(274,3)     -5.31858     0.209754
ln_F(274,4)     -5.65754     0.155605
ln_F(274,5)     -2.03405 1.32647e-007
ln_F(274,6)     -2.42817     -0.20472
ln_F(274,7)     -5.54126    -0.661836
ln_F(275,1)     -6.98272     0.990648
ln_F(275,2)     -2.03405 1.32647e-007
ln_F(275,3)     -5.56512    -0.221798
ln_F(275,4)     -5.60176     0.145942
ln_F(275,5)     -2.03405 1.32647e-007
ln_F(275,6)     -3.13364    0.0834187
ln_F(275,7)     -5.63021    -0.784137
ln_F(276,1)     -5.96749    -0.384546
ln_F(276,2)     -2.03405 1.32647e-007
ln_F(276,3)     -6.97168     0.110357
ln_F(276,4)     -5.29304    -0.123061
ln_F(276,5)     -2.03405 1.32647e-007
ln_F(276,6)     -3.08102    -0.480162
ln_F(276,7)     -5.59153     0.986468
ln_F(277,1)     -5.91513     0.265851
ln_F(277,2)     -2.03405 1.32647e-007
ln_F(277,3)     -6.69752      1.01752
ln_F(277,4)     -5.20411     0.166007
ln_F(277,5)     -2.03405 1.32647e-007
ln_F(277,6)     -3.96189    -0.375845
ln_F(277,7)     -5.67071    -0.638209
ln_F(278,1)     -6.07107      1.20545
ln_F(278,2)     -2.03405 1.32647e-007
ln_F(278,3)     -5.44824    0.0293403
ln_F(278,4)     -5.19825    -0.753783
ln_F(278,5)     -2.03405 1.32647e-007
ln_F(278,6)     -3.37191   -0.0350556
ln_F(278,7)     -5.57094    -0.061831
ln_F(279,1)     -5.74155    0.0221181
ln_F(279,2)     -2.03405 1.32647e-007
ln_F(279,3)     -5.27311    -0.204068
ln_F(279,4)     -5.04755     0.134946
ln_F(279,5)     -2.03405 1.32647e-007
ln_F(279,6)     -2.95231    -0.111165
ln_F(279,7)     -5.19992    -0.513079
ln_F(280,1)     -5.65721    -0.546089
ln_F(280,2)     -2.03405 1.32647e-007
ln_F(280,3)     -6.75474     0.152111
ln_F(280,4)     -5.00965     -1.06603
ln_F(280,5)     -2.03405 1.32647e-007
ln_F(280,6)     -4.04317    -0.485003
ln_F(280,7)     -5.17597      1.58829
ln_F(281,1)     -5.79757     0.532936
ln_F(281,2)     -2.03405 1.32647e-007
ln_F(281,3)     -6.78455     0.472093
ln_F(281,4)     -4.88133      0.26679
ln_F(281,5)     -2.03405 1.32647e-007
ln_F(281,6)     -2.03405 1.32647e-007
ln_F(281,7)     -4.76184    -0.564711
ln_F(282,1)     -5.70184    -0.214571
ln_F(282,2)     -2.03405 1.32647e-007
ln_F(282,3)     -5.19183     0.667906
ln_F(282,4)     -4.91352    -0.569719
ln_F(282,5)     -2.03405 1.32647e-007
ln_F(282,6)      -2.9731    -0.190017
ln_F(282,7)     -4.82139     0.350265
ln_F(283,1)      -5.8415    -0.211502
ln_F(283,2)     -2.03405 1.32647e-007
ln_F(283,3)     -4.68135     0.264818
ln_F(283,4)      -5.1762     0.144315
ln_F(283,5)     -2.03405 1.32647e-007
ln_F(283,6)     -2.47466    -0.546581
ln_F(283,7)     -5.03799   -0.0459812
ln_F(284,1)     -5.69868     0.540088
ln_F(284,2)     -2.03405 1.32647e-007
ln_F(284,3)     -6.53851     0.493381
ln_F(284,4)     -5.10777    -0.104192
ln_F(284,5)     -2.03405 1.32647e-007
ln_F(284,6)     -5.22905    -0.057591
ln_F(284,7)      -4.9093    -0.646894
ln_F(285,1)     -5.73937    -0.185778
ln_F(285,2)     -2.03405 1.32647e-007
ln_F(285,3)     -6.92073     0.901787
ln_F(285,4)     -5.05479     0.444548
ln_F(285,5)     -2.03405 1.32647e-007
ln_F(285,6)     -3.94438     0.311341
ln_F(285,7)     -4.88946    -0.723218
ln_F(286,1)     -5.34247      1.48106
ln_F(286,2)     -2.03405 1.32647e-007
ln_F(286,3)     -6.06026      -1.2942
ln_F(286,4)     -5.09684     0.249615
ln_F(286,5)     -2.03405 1.32647e-007
ln_F(286,6)     -4.00511    -0.148566
ln_F(286,7)     -5.09983      -0.5516
ln_F(287,1)     -5.06503   -0.0185134
ln_F(287,2)     -2.03405 1.32647e-007
ln_F(287,3)     -4.40609     0.619592
ln_F(287,4)     -4.74513    -0.423172
ln_F(287,5)     -2.03405 1.32647e-007
ln_F(287,6)     -5.23051    0.0614556
ln_F(287,7)     -4.44178    -0.359093
ln_F(288,1)     -5.48621     0.533099
ln_F(288,2)     -2.03405 1.32647e-007
ln_F(288,3)     -5.64709   -0.0479005
ln_F(288,4)     -4.75132      0.27941
ln_F(288,5)     -2.03405 1.32647e-007
ln_F(288,6)     -6.41828    -0.604699
ln_F(288,7)     -4.01777    -0.406984
ln_F(289,1)     -5.40788    0.0567203
ln_F(289,2)     -2.03405 1.32647e-007
ln_F(289,3)     -6.27684     0.547945
ln_F(289,4)     -4.74044     0.260714
ln_F(289,5)     -2.03405 1.32647e-007
ln_F(289,6)     -4.07533     -0.21153
ln_F(289,7)     -4.09201    -0.458408
ln_F(290,1)     -5.33507    -0.760325
ln_F(290,2)     -2.03405 1.32647e-007
ln_F(290,3)     -6.97758     0.759363
ln_F(290,4)     -4.74116     0.296168
ln_F(290,5)     -2.03405 1.32647e-007
ln_F(290,6)     -3.42539   -0.0320417
ln_F(290,7)     -4.14075    -0.246397
ln_F(291,1)     -5.51042     0.491512
ln_F(291,2)     -2.03405 1.32647e-007
ln_F(291,3)     -5.57362     0.139111
ln_F(291,4)     -5.11564      0.49212
ln_F(291,5)     -2.03405 1.32647e-007
ln_F(291,6)     -3.88671    -0.341862
ln_F(291,7)     -4.30357    -0.433972
ln_F(292,1)     -5.59779    0.0352899
ln_F(292,2)     -2.03405 1.32647e-007
ln_F(292,3)     -5.60992    -0.142418
ln_F(292,4)     -5.21349     0.957325
ln_F(292,5)     -2.03405 1.32647e-007
ln_F(292,6)     -5.15642    -0.519999
ln_F(292,7)     -4.31425    -0.569908
ln_F(293,1)     -5.47503     0.297511
ln_F(293,2)     -2.03405 1.32647e-007
ln_F(293,3)     -5.00812     -1.53386
ln_F(293,4)     -5.16817       1.2155
ln_F(293,5)     -2.03405 1.32647e-007
ln_F(293,6)     -6.76406    -0.572631
ln_F(293,7)     -4.35236    -0.196426
ln_F(294,1)     -5.31097     0.311826
ln_F(294,2)     -2.03405 1.32647e-007
ln_F(294,3)     -4.53573     0.531683
ln_F(294,4)     -4.80072     -1.65008
ln_F(294,5)     -2.03405 1.32647e-007
ln_F(294,6)     -2.63566     -0.28039
ln_F(294,7)     -2.84962     0.468137
ln_F(295,1)     -5.52958     0.595929
ln_F(295,2)     -2.03405 1.32647e-007
ln_F(295,3)     -4.87504    -0.944292
ln_F(295,4)     -5.02765    0.0575143
ln_F(295,5)     -2.03405 1.32647e-007
ln_F(295,6)     -2.74661    -0.168633
ln_F(295,7)     -3.12633   -0.0871035
ln_F(296,1)     -5.22947    -0.215234
ln_F(296,2)     -2.03405 1.32647e-007
ln_F(296,3)     -6.18601      1.15842
ln_F(296,4)     -4.87999      1.08756
ln_F(296,5)     -2.03405 1.32647e-007
ln_F(296,6)     -2.03405 1.32647e-007
ln_F(296,7)      -3.2449    -0.925833
ln_F(297,1)     -5.55799      0.14589
ln_F(297,2)     -2.03405 1.32647e-007
ln_F(297,3)     -4.92994     0.380703
ln_F(297,4)     -5.08126      0.78314
ln_F(297,5)     -2.03405 1.32647e-007
ln_F(297,6)     -2.03405 1.32647e-007
ln_F(297,7)     -3.22624    -0.572852
ln_F(298,1)     -5.35512    -0.402668
ln_F(298,2)     -2.03405 1.32647e-007
ln_F(298,3)     -4.82056     0.334715
ln_F(298,4)     -4.83311     0.325516
ln_F(298,5)     -2.03405 1.32647e-007
ln_F(298,6)     -3.83633   -0.0485301
ln_F(298,7)     -3.10004    -0.297088
ln_F(299,1)     -5.78923     0.319398
ln_F(299,2)     -2.03405 1.32647e-007
ln_F(299,3)     -4.42363     0.526746
ln_F(299,4)     -5.18587   -0.0164737
ln_F(299,5)     -2.03405 1.32647e-007
ln_F(299,6)     -6.08065     -0.49598
ln_F(299,7)     -4.05878     -0.53932
ln_F(300,1)     -5.70796     0.674967
ln_F(300,2)     -2.03405 1.32647e-007
ln_F(300,3)     -5.42014      -1.5454
ln_F(300,4)     -5.12231     0.744674
ln_F(300,5)     -2.03405 1.32647e-007
ln_F(300,6)     -2.03405 1.32647e-007
ln_F(300,7)     -4.05191    -0.209876
ln_F(301,1)      -5.5931     0.469509
ln_F(301,2)     -2.03405 1.32647e-007
ln_F(301,3)      -5.0431    0.0448367
ln_F(301,4)     -5.17543     0.517904
ln_F(301,5)     -2.03405 1.32647e-007
ln_F(301,6)     -2.03405 1.32647e-007
ln_F(301,7)     -4.02221    -0.441548
ln_F(302,1)     -5.65705     0.701738
ln_F(302,2)     -2.03405 1.32647e-007
ln_F(302,3)     -5.95286     0.796178
ln_F(302,4)     -4.91963    0.0615278
ln_F(302,5)     -2.03405 1.32647e-007
ln_F(302,6)      -5.3146    -0.202782
ln_F(302,7)     -3.97344    -0.613985
