ParName   Value   Gradient
ln_R_ave(1)      11.7632  -0.00212665
ln_rec_devs(1,1)    -0.128424 -1.93274e-005
ln_rec_devs(1,2)    -0.274688 -3.65088e-006
ln_rec_devs(1,3)    -0.336829  0.000123857
ln_rec_devs(1,4)   -0.0765166  0.000171892
ln_rec_devs(1,5)     0.155122 3.94122e-005
ln_rec_devs(1,6)    0.0529218 3.27458e-005
ln_rec_devs(1,7)    0.0703303  0.000187458
ln_rec_devs(1,8)     0.163743 9.22343e-005
ln_rec_devs(1,9)     0.161558  5.2898e-005
ln_rec_devs(1,10)     0.123924 1.92891e-005
ln_rec_devs(1,11)      0.12938 3.08598e-005
ln_rec_devs(1,12)    -0.119096 1.10979e-005
ln_rec_devs(1,13)    -0.145165 -8.60822e-005
ln_rec_devs(1,14)    0.0366617 -3.0594e-005
ln_rec_devs(1,15)     0.062381 1.88721e-005
ln_rec_devs(1,16)   -0.0857793 3.84703e-007
ln_rec_devs(1,17)    -0.233398 -1.27343e-007
ln_rec_devs(1,18)    -0.294561 6.01384e-005
ln_rec_devs(1,19)    -0.316892 2.82323e-005
ln_rec_devs(1,20)    -0.103711 -1.58934e-005
ln_rec_devs(1,21)    0.0902076 -1.76056e-005
ln_rec_devs(1,22)    0.0685026 8.65134e-006
ln_rec_devs(1,23)    0.0558832 3.93709e-005
ln_rec_devs(1,24)    0.0439839 -1.23221e-005
ln_rec_devs(1,25)   -0.0423122 5.28256e-005
ln_rec_devs(1,26)    -0.138582 -2.50919e-005
ln_rec_devs(1,27)    -0.272154 1.52628e-005
ln_rec_devs(1,28)    -0.411137 1.49364e-005
ln_rec_devs(1,29)    -0.374716 -1.80743e-005
ln_rec_devs(1,30)    -0.117282 -4.49284e-005
ln_rec_devs(1,31)     0.102577 1.18762e-005
ln_rec_devs(1,32)     0.148912 -2.0719e-005
ln_rec_devs(1,33)    0.0578144 1.91799e-005
ln_rec_devs(1,34)    -0.102662 -3.26785e-005
ln_rec_devs(1,35)    -0.279683 -0.000110788
ln_rec_devs(1,36)    -0.266489 -4.76463e-005
ln_rec_devs(1,37)    -0.209698 -1.60522e-005
ln_rec_devs(1,38)    -0.180741 -4.91293e-005
ln_rec_devs(1,39)    -0.247504 -4.99263e-005
ln_rec_devs(1,40)    -0.219965 -1.73136e-005
ln_rec_devs(1,41)   -0.0158533 -1.38383e-005
ln_rec_devs(1,42)     0.159271 2.57142e-005
ln_rec_devs(1,43)    0.0640024 -8.63909e-005
ln_rec_devs(1,44)   -0.0761571 -2.63919e-005
ln_rec_devs(1,45)   -0.0750596 -4.48041e-005
ln_rec_devs(1,46)    -0.100957 -8.95792e-005
ln_rec_devs(1,47)    -0.153714 -9.42431e-006
ln_rec_devs(1,48)    -0.249011 -3.61263e-005
ln_rec_devs(1,49)    -0.110331 -5.31649e-005
ln_rec_devs(1,50)     0.190482 -0.000159313
ln_rec_devs(1,51)     0.248108 -0.000110711
ln_rec_devs(1,52)     0.142237 -0.000123618
ln_rec_devs(1,53)    0.0768951 -0.000155823
ln_rec_devs(1,54)     0.076108 -0.000123588
ln_rec_devs(1,55)  -0.00352005 -1.79716e-005
ln_rec_devs(1,56)    -0.134196 -5.0181e-006
ln_rec_devs(1,57)     -0.27258 -8.11284e-005
ln_rec_devs(1,58)    -0.334383 -0.000161904
ln_rec_devs(1,59)    -0.277003 2.85295e-005
ln_rec_devs(1,60)    -0.290987 -2.16577e-005
ln_rec_devs(1,61)    -0.281802 -2.44621e-005
ln_rec_devs(1,62)    -0.178801 -5.77617e-005
ln_rec_devs(1,63)    -0.127557 -3.64327e-005
ln_rec_devs(1,64)      -0.2434 -2.30284e-005
ln_rec_devs(1,65)     -0.28905 -1.07029e-005
ln_rec_devs(1,66)    -0.231252 6.38031e-005
ln_rec_devs(1,67)    -0.120809  0.000123535
ln_rec_devs(1,68)   0.00233756 -6.36659e-005
ln_rec_devs(1,69)     0.156184 -3.68415e-005
ln_rec_devs(1,70)     0.282282 -6.9121e-005
ln_rec_devs(1,71)     0.327182 7.10307e-006
ln_rec_devs(1,72)     0.452378 5.02451e-005
ln_rec_devs(1,73)     0.387118 -7.6424e-006
ln_rec_devs(1,74)     0.249648 1.53691e-005
ln_rec_devs(1,75)    0.0803074 -1.57965e-006
ln_rec_devs(1,76)     0.073174  3.3125e-005
ln_rec_devs(1,77)     0.153389  -2.516e-005
ln_rec_devs(1,78)     0.167626 -7.90129e-005
ln_rec_devs(1,79)     0.146665 -4.85283e-005
ln_rec_devs(1,80)     0.228161 -3.63914e-005
ln_rec_devs(1,81)     0.344399 -5.73812e-005
ln_rec_devs(1,82)      0.19555 -0.000177585
ln_rec_devs(1,83)   -0.0201613 -5.23902e-005
ln_rec_devs(1,84)   -0.0641303 -3.2773e-005
ln_rec_devs(1,85)  -0.00857206 -4.57644e-005
ln_rec_devs(1,86)    0.0942399 -0.000170513
ln_rec_devs(1,87)    0.0807794 -1.74593e-005
ln_rec_devs(1,88)     0.136396 -4.95535e-005
ln_rec_devs(1,89)     0.228939 -5.4228e-005
ln_rec_devs(1,90)     0.241085 -0.000156401
ln_rec_devs(1,91)     0.286828 -4.58501e-005
ln_rec_devs(1,92)     0.365262 -2.76953e-005
ln_rec_devs(1,93)     0.380872 -0.000181916
ln_rec_devs(1,94)     0.320252 -0.000208059
ln_rec_devs(1,95)     0.323335 -3.02302e-005
ln_rec_devs(1,96)     0.257593 9.09049e-006
ln_rec_devs(1,97)     0.137183 -0.000105801
ln_rec_devs(1,98)    0.0215626 -8.92737e-005
ln_rec_devs(1,99)    -0.115035 2.41355e-005
ln_rec_devs(1,100)    -0.190379 3.23214e-006
ln_rec_devs(1,101)    -0.128445 -1.52892e-006
ln_rec_devs(1,102)    0.0976726 -8.50452e-005
ln_rec_devs(1,103)     0.112637 -7.86057e-006
ln_rec_devs(1,104)  -0.00213746 -5.04474e-005
ln_rec_devs(1,105)    -0.068736 1.16019e-005
ln_rec_devs(1,106)    -0.177444 -9.09482e-005
ln_rec_devs(1,107)    -0.209427 -7.06261e-005
ln_rec_devs(1,108)   -0.0623489 -6.2162e-005
ln_rec_devs(1,109)    0.0584675 -1.57905e-005
ln_rec_devs(1,110)     0.138341 -6.08392e-005
ln_rec_devs(1,111)     0.211131 -7.5723e-005
ln_rec_devs(1,112)     0.264518 -2.20104e-005
ln_rec_devs(1,113)     0.273586 -2.17003e-005
ln_rec_devs(1,114)     0.197888 -2.6113e-005
ln_rec_devs(1,115)    0.0834365 -1.20426e-005
ln_rec_devs(1,116)   0.00160694 -1.80019e-005
ln_rec_devs(1,117)    0.0186198 -3.53258e-005
ln_rec_devs(1,118)    0.0339568 -0.000121273
ln_rec_devs(1,119)  -0.00625788 -4.76578e-005
ln_rec_devs(1,120)   -0.0543666 -3.06926e-005
ln_rec_devs(1,121)    -0.165237 -1.55952e-005
ln_rec_devs(1,122)    -0.296634 -2.14925e-005
ln_rec_devs(1,123)    -0.293676  1.0965e-005
ln_rec_devs(1,124)    -0.143211 -1.27137e-005
ln_rec_devs(1,125)   -0.0202281 4.93176e-005
ln_rec_devs(1,126)     0.105009 -2.70202e-005
ln_rec_devs(1,127)    0.0791468 -5.26176e-006
ln_rec_devs(1,128)    0.0251608 -1.06854e-005
ln_rec_devs(1,129)    0.0712427 3.47508e-005
ln_rec_devs(1,130)    0.0103056 -5.84002e-005
ln_rec_devs(1,131)    0.0599646  0.000110986
ln_rec_devs(1,132)     0.120514 7.57954e-005
ln_rec_devs(1,133)      0.21802 3.03528e-005
ln_rec_devs(1,134)     0.342012  3.2183e-005
ln_rec_devs(1,135)     0.433273 6.02908e-005
ln_rec_devs(1,136)     0.315678  0.000105844
ln_rec_devs(1,137)     0.236991 -3.35677e-006
ln_rec_devs(1,138)     0.207344 1.03233e-005
ln_rec_devs(1,139)     0.236162 6.66975e-005
ln_rec_devs(1,140)     0.418877   0.00010361
ln_rec_devs(1,141)     0.520494 9.98691e-005
ln_rec_devs(1,142)     0.493896   0.00010615
ln_rec_devs(1,143)     0.402469 2.97596e-005
ln_rec_devs(1,144)     0.350528 1.41201e-005
ln_rec_devs(1,145)     0.406316 -4.18572e-005
ln_rec_devs(1,146)     0.402798 -2.85243e-005
ln_rec_devs(1,147)     0.304937 -2.14821e-005
ln_rec_devs(1,148)    -0.118566 -1.44575e-005
ln_rec_devs(1,149)    -0.139031 -1.22494e-005
ln_rec_devs(1,150)   -0.0266411 -1.17874e-006
log_sel_beta1(1,1)      0.26846 -0.000802445
log_sel_beta1(1,2)     0.427675 -0.000630928
log_sel_beta1(1,3)    -0.333012  0.000255946
log_sel_beta1(1,4)    0.0859237  0.000808469
log_sel_beta1(1,5)     0.141911 4.18213e-005
log_sel_beta1(1,6)     0.103972  0.000187493
log_sel_beta1(1,7)     0.130678  0.000313337
log_sel_beta2(1,1)      1.99729 -0.000450929
log_sel_beta2(1,2)      1.96569  -0.00326215
log_sel_beta2(1,3)      2.24879   0.00155302
log_sel_beta2(1,4)      1.87208   0.00344253
log_sel_beta2(1,5)      1.76873   0.00017793
log_sel_beta2(1,6)      1.92866   0.00113272
log_sel_beta2(1,7)      1.89274   0.00044285
log_sel_beta3(1,1)     -1.98396 -3.0049e-005
log_sel_beta3(1,2)     -1.79191 -1.00942e-005
log_sel_beta3(1,3)      -1.9907 -3.19084e-008
log_sel_beta3(1,4)      -1.9907 -3.19084e-008
log_sel_beta3(1,5)     -1.09968 -0.000541537
log_sel_beta3(1,6)      -1.9907 -3.19084e-008
log_sel_beta3(1,7)    -0.923015 -8.22894e-006
log_sel_beta4(1,1)     -9.97625 -6.51628e-006
log_sel_beta4(1,2)     -9.99808 6.67244e-007
log_sel_beta4(1,3)   -0.0995349 -1.56357e-009
log_sel_beta4(1,4)   -0.0995349 -1.56357e-009
log_sel_beta4(1,5)     -9.99695 -1.93505e-007
log_sel_beta4(1,6)   -0.0995349 -1.56357e-009
log_sel_beta4(1,7)      1.75494 -2.38851e-005
ln_q(1,1)     -14.8518  -0.00199756
ln_F(1,1)     -6.36031 3.71983e-006
ln_F(1,2)     -8.15823 -8.69687e-006
ln_F(1,3)     -6.51877 1.98795e-005
ln_F(1,4)      -8.1135 -1.14652e-005
ln_F(1,5)      -6.3266 3.50753e-006
ln_F(1,6)     -13.9471 -3.42736e-005
ln_F(1,7)     -5.81736  1.7199e-005
ln_F(2,1)     -5.86703 -1.72622e-005
ln_F(2,2)     -8.28556 -2.13038e-005
ln_F(2,3)     -6.58401  3.9845e-006
ln_F(2,4)     -7.76835 -2.57871e-006
ln_F(2,5)     -5.11646 -1.8466e-005
ln_F(2,6)     -10.7549 -1.52594e-005
ln_F(2,7)     -5.35669 4.78195e-006
ln_F(3,1)     -5.98226 8.11288e-006
ln_F(3,2)     -7.48094 -4.92041e-005
ln_F(3,3)     -6.03597 1.31616e-005
ln_F(3,4)     -7.64104 -2.88047e-005
ln_F(3,5)     -5.41151 -2.8082e-005
ln_F(3,6)     -8.57187 -2.33721e-005
ln_F(3,7)     -5.68285 -3.81584e-006
ln_F(4,1)     -6.12916 -1.78416e-005
ln_F(4,2)     -7.75802 -4.2771e-005
ln_F(4,3)     -6.31389 2.04008e-006
ln_F(4,4)      -6.1944 -1.50496e-005
ln_F(4,5)     -5.46916 -1.73701e-005
ln_F(4,6)     -11.1389 -1.46516e-005
ln_F(4,7)     -4.96623 2.41648e-005
ln_F(5,1)     -6.08501 -2.32831e-005
ln_F(5,2)     -7.83061 -8.13291e-006
ln_F(5,3)     -6.33064 -3.59358e-005
ln_F(5,4)     -5.88424 -4.56251e-005
ln_F(5,5)     -6.54085 -1.03867e-005
ln_F(5,6)     -10.6515 -3.35928e-005
ln_F(5,7)     -5.62023 4.88912e-005
ln_F(6,1)     -5.53665 -3.58201e-006
ln_F(6,2)     -7.69156 -2.59325e-005
ln_F(6,3)      -6.0652 1.65343e-005
ln_F(6,4)     -4.99069 -2.30163e-005
ln_F(6,5)     -9.25231 -2.70873e-005
ln_F(6,6)      -11.156 -9.55416e-007
ln_F(6,7)      -5.1332 3.45584e-006
ln_F(7,1)     -5.52982 -9.13565e-006
ln_F(7,2)     -7.66881  -1.305e-005
ln_F(7,3)     -6.41177 1.97247e-006
ln_F(7,4)     -6.49884 -1.17972e-005
ln_F(7,5)       -6.696 1.54374e-005
ln_F(7,6)      -9.8187 -4.20198e-006
ln_F(7,7)     -5.57315 3.93501e-006
ln_F(8,1)     -6.42394 -8.2582e-006
ln_F(8,2)     -7.58669 -9.04041e-006
ln_F(8,3)     -6.33558 5.34873e-006
ln_F(8,4)     -5.81144 7.58107e-006
ln_F(8,5)     -5.80063 2.30336e-005
ln_F(8,6)     -10.5939 -2.65171e-006
ln_F(8,7)     -5.02631  8.2408e-006
ln_F(9,1)     -6.70756 -1.25521e-005
ln_F(9,2)     -7.75663 6.60451e-006
ln_F(9,3)     -6.37217 -1.24132e-005
ln_F(9,4)     -6.16169 -7.4219e-006
ln_F(9,5)     -6.57727   4.168e-005
ln_F(9,6)     -10.2032 1.00431e-005
ln_F(9,7)     -5.17794 1.84509e-005
ln_F(10,1)     -5.23637 -1.86451e-005
ln_F(10,2)     -7.83904 2.30061e-005
ln_F(10,3)       -6.404 1.36052e-005
ln_F(10,4)     -4.97115 -8.68064e-007
ln_F(10,5)     -10.4209 -9.25106e-006
ln_F(10,6)     -10.9659 1.41392e-005
ln_F(10,7)     -5.19449 2.03297e-005
ln_F(11,1)     -6.09963 1.81081e-005
ln_F(11,2)     -7.79967 3.54781e-005
ln_F(11,3)     -6.65053 6.37518e-006
ln_F(11,4)     -6.92654 -7.96011e-006
ln_F(11,5)     -7.61867 7.47547e-006
ln_F(11,6)     -9.93931 1.25015e-005
ln_F(11,7)     -5.63464 4.79592e-006
ln_F(12,1)     -6.48162 2.17876e-005
ln_F(12,2)      -7.7506 -2.01282e-005
ln_F(12,3)      -6.4706 6.96977e-006
ln_F(12,4)     -5.76602 -1.2426e-005
ln_F(12,5)     -6.04502 3.88871e-005
ln_F(12,6)      -9.7308 1.13273e-005
ln_F(12,7)     -5.41516 -8.54343e-006
ln_F(13,1)     -6.78007 4.05598e-005
ln_F(13,2)     -8.08111 2.62956e-005
ln_F(13,3)      -6.4517 1.73795e-006
ln_F(13,4)     -5.89671 8.76557e-006
ln_F(13,5)     -7.27829 5.42955e-005
ln_F(13,6)     -12.6078 7.04355e-006
ln_F(13,7)     -5.04332  8.5809e-006
ln_F(14,1)     -5.29768 2.46057e-005
ln_F(14,2)     -7.99686 2.04232e-005
ln_F(14,3)     -6.41438 2.28393e-005
ln_F(14,4)     -5.14877 5.68203e-006
ln_F(14,5)     -8.44494 1.58968e-005
ln_F(14,6)     -13.1256 -1.64258e-006
ln_F(14,7)     -5.59247 -1.25351e-005
ln_F(15,1)     -6.33075 1.24617e-005
ln_F(15,2)     -7.96748 2.45742e-005
ln_F(15,3)     -6.37983 1.79265e-005
ln_F(15,4)     -6.52033 -2.93535e-005
ln_F(15,5)     -6.74579  2.0989e-005
ln_F(15,6)     -10.1682 1.98885e-005
ln_F(15,7)     -5.67422 6.08007e-006
ln_F(16,1)     -6.69665 4.95274e-005
ln_F(16,2)      -8.2022  1.3855e-005
ln_F(16,3)     -6.29189 2.62398e-005
ln_F(16,4)     -5.91181 -1.38083e-005
ln_F(16,5)     -6.28782 -1.20657e-005
ln_F(16,6)     -8.64577 1.89467e-005
ln_F(16,7)     -5.99925 -1.21579e-005
ln_F(17,1)     -6.63182 -1.96843e-006
ln_F(17,2)     -8.45741  1.5067e-005
ln_F(17,3)     -6.06244 -6.17802e-005
ln_F(17,4)     -6.57484 8.80972e-006
ln_F(17,5)     -6.95388 6.82643e-005
ln_F(17,6)     -9.43061 2.20181e-005
ln_F(17,7)     -5.44309 1.04777e-005
ln_F(18,1)     -6.33834 -2.42774e-006
ln_F(18,2)     -8.44742 1.54398e-005
ln_F(18,3)     -6.31714 -3.28179e-006
ln_F(18,4)     -4.80719 -9.93904e-006
ln_F(18,5)     -8.63307 -3.32893e-006
ln_F(18,6)     -11.0524 1.18133e-005
ln_F(18,7)      -5.8793 7.56676e-006
ln_F(19,1)     -6.15554 -2.41031e-005
ln_F(19,2)     -8.38479  2.0752e-005
ln_F(19,3)     -5.83159 -3.18792e-005
ln_F(19,4)     -5.89161  5.9596e-007
ln_F(19,5)     -5.35642 4.30035e-006
ln_F(19,6)     -7.95613 3.83853e-005
ln_F(19,7)      -5.9272 5.81756e-006
ln_F(20,1)     -7.43668 -3.16362e-005
ln_F(20,2)     -8.31014 -7.51956e-006
ln_F(20,3)     -6.32068 1.87193e-005
ln_F(20,4)     -5.44684 -1.87229e-005
ln_F(20,5)     -6.26577 -1.76204e-005
ln_F(20,6)     -6.14626 -1.35678e-005
ln_F(20,7)     -6.07104 2.80826e-005
ln_F(21,1)     -7.14031 1.87241e-005
ln_F(21,2)     -8.40475 2.35272e-005
ln_F(21,3)     -6.34729  4.3574e-005
ln_F(21,4)     -4.56814 -9.83266e-006
ln_F(21,5)     -6.31242 -2.80703e-005
ln_F(21,6)     -6.77942 -6.03655e-006
ln_F(21,7)     -6.01285 -3.49749e-005
ln_F(22,1)      -6.7531 1.56371e-005
ln_F(22,2)     -8.33707 2.81655e-005
ln_F(22,3)     -6.39838 -2.04183e-005
ln_F(22,4)     -4.46416 -9.22928e-006
ln_F(22,5)     -9.13263 1.18788e-005
ln_F(22,6)     -7.88726 -2.00007e-007
ln_F(22,7)     -5.53684 3.75811e-006
ln_F(23,1)     -6.88528 3.43221e-005
ln_F(23,2)     -8.18421 1.75532e-005
ln_F(23,3)     -6.32998 -1.71508e-005
ln_F(23,4)     -5.40311 -1.9416e-005
ln_F(23,5)      -5.7598 1.55469e-005
ln_F(23,6)     -6.30478 -1.43011e-005
ln_F(23,7)     -6.01553 1.21465e-005
ln_F(24,1)     -7.37021 2.74774e-006
ln_F(24,2)      -7.8643 3.64482e-005
ln_F(24,3)     -6.35401 4.33188e-006
ln_F(24,4)     -4.77196 -1.79059e-005
ln_F(24,5)     -6.57434 3.56738e-005
ln_F(24,6)     -5.65274 -4.97885e-006
ln_F(24,7)     -5.80979 -1.52907e-005
ln_F(25,1)     -7.02695 1.46463e-005
ln_F(25,2)     -7.88989 1.66478e-005
ln_F(25,3)     -6.57872 4.02783e-006
ln_F(25,4)     -4.43595 -4.08614e-006
ln_F(25,5)      -7.6607 -3.84267e-006
ln_F(25,6)     -6.07943 5.34476e-006
ln_F(25,7)     -5.30417 -2.6608e-005
ln_F(26,1)     -6.38263 1.40359e-005
ln_F(26,2)     -7.78948 7.86121e-006
ln_F(26,3)     -6.91115 -2.85446e-005
ln_F(26,4)     -4.65094 -2.30509e-005
ln_F(26,5)     -8.59079  4.1034e-006
ln_F(26,6)      -5.1416 2.24535e-006
ln_F(26,7)     -5.48615 1.15292e-005
ln_F(27,1)     -6.37923 1.86245e-005
ln_F(27,2)     -7.54867 4.16646e-006
ln_F(27,3)     -6.58816 -1.43239e-005
ln_F(27,4)     -4.61039 -1.66315e-005
ln_F(27,5)     -5.13003 4.29042e-007
ln_F(27,6)     -3.79873 -1.78363e-005
ln_F(27,7)      -5.7908 4.25436e-005
ln_F(28,1)      -7.1138 1.30738e-005
ln_F(28,2)     -7.54812 2.32656e-005
ln_F(28,3)     -6.23894 -1.12569e-005
ln_F(28,4)     -5.64806  1.4038e-005
ln_F(28,5)     -6.14016 4.30441e-005
ln_F(28,6)     -4.66647 -7.43045e-006
ln_F(28,7)     -5.77426 -2.37561e-005
ln_F(29,1)      -6.8895 -3.83953e-006
ln_F(29,2)     -7.23678 -6.42967e-006
ln_F(29,3)     -6.43598 2.35999e-005
ln_F(29,4)     -5.86768 5.26102e-006
ln_F(29,5)     -6.70895 -8.59812e-006
ln_F(29,6)     -5.32248 -1.77167e-005
ln_F(29,7)     -5.63742 2.16832e-005
ln_F(30,1)     -6.22644 -1.09114e-005
ln_F(30,2)     -7.51269 5.36658e-006
ln_F(30,3)     -6.31882   1.047e-005
ln_F(30,4)     -5.12553 -3.51548e-006
ln_F(30,5)     -7.96954 7.95681e-006
ln_F(30,6)     -4.55776 -2.76634e-005
ln_F(30,7)     -4.60889 2.43313e-005
ln_F(31,1)     -6.55843 4.60921e-007
ln_F(31,2)     -7.58859 8.30981e-006
ln_F(31,3)     -6.01132 1.57502e-005
ln_F(31,4)     -5.66524 -9.22731e-006
ln_F(31,5)     -6.74206 2.09714e-005
ln_F(31,6)      -3.7444 -6.54247e-006
ln_F(31,7)     -5.24715 1.09946e-005
ln_F(32,1)     -7.65871 -2.7477e-005
ln_F(32,2)     -7.54989 -2.01206e-005
ln_F(32,3)     -5.61704 2.20544e-005
ln_F(32,4)     -5.35733 8.46039e-006
ln_F(32,5)      -6.3676 2.22387e-005
ln_F(32,6)     -4.75911 2.11349e-006
ln_F(32,7)     -5.48186 -1.51218e-006
ln_F(33,1)     -7.48173 -1.13707e-005
ln_F(33,2)     -7.64923 -4.42284e-006
ln_F(33,3)     -5.85488 -3.01135e-006
ln_F(33,4)      -6.6382 -1.3594e-006
ln_F(33,5)     -9.44217 5.79888e-006
ln_F(33,6)     -5.09641 7.00661e-006
ln_F(33,7)     -5.49472 1.53008e-005
ln_F(34,1)     -7.32401 -1.2021e-006
ln_F(34,2)     -7.61672 -1.11483e-005
ln_F(34,3)     -6.37881 6.80979e-006
ln_F(34,4)     -6.52115 6.17449e-006
ln_F(34,5)     -9.94668 1.30135e-005
ln_F(34,6)     -5.09551 7.85621e-006
ln_F(34,7)     -4.91093 -1.61566e-005
ln_F(35,1)     -7.04058 -1.66547e-005
ln_F(35,2)     -7.65017 1.37246e-005
ln_F(35,3)     -5.70936 1.00989e-005
ln_F(35,4)     -5.91344 -1.69372e-005
ln_F(35,5)     -6.69522 -1.82118e-006
ln_F(35,6)     -4.95334 5.19329e-006
ln_F(35,7)     -5.57289 -1.97381e-005
ln_F(36,1)     -7.78178 -1.12499e-006
ln_F(36,2)     -7.16734 1.86866e-005
ln_F(36,3)     -5.66319 -4.43486e-006
ln_F(36,4)     -5.46782 -1.19308e-005
ln_F(36,5)     -6.31657 -3.08711e-006
ln_F(36,6)     -5.05705 -7.06738e-006
ln_F(36,7)      -4.9256 9.81892e-006
ln_F(37,1)     -6.60034 -6.77445e-006
ln_F(37,2)     -7.20896 -1.28861e-005
ln_F(37,3)     -6.26156 1.38244e-005
ln_F(37,4)     -5.92659 -4.04848e-007
ln_F(37,5)     -6.63991 1.85808e-005
ln_F(37,6)     -5.08008 -9.67221e-006
ln_F(37,7)     -4.99462 8.95683e-007
ln_F(38,1)     -6.96338 4.43471e-006
ln_F(38,2)      -7.3003 1.19112e-005
ln_F(38,3)     -6.33341 -7.07306e-006
ln_F(38,4)     -5.45866  1.8503e-006
ln_F(38,5)      -9.3901 3.81435e-006
ln_F(38,6)      -4.5862 -1.22019e-005
ln_F(38,7)     -4.71112 5.22067e-006
ln_F(39,1)     -6.82489 1.94369e-005
ln_F(39,2)     -7.53485 -1.08922e-005
ln_F(39,3)     -5.32685 9.77943e-006
ln_F(39,4)     -6.10005 -6.76718e-006
ln_F(39,5)     -7.01933 1.34047e-006
ln_F(39,6)     -4.83706 -1.36278e-005
ln_F(39,7)     -5.09141 2.12427e-005
ln_F(40,1)     -6.98843 2.57357e-005
ln_F(40,2)     -6.87591 1.28347e-005
ln_F(40,3)     -5.40709 1.63449e-006
ln_F(40,4)     -5.30438 4.24018e-007
ln_F(40,5)     -6.18972 -2.01528e-005
ln_F(40,6)      -4.5418 -1.72336e-006
ln_F(40,7)     -4.93892 6.21892e-006
ln_F(41,1)     -6.52704 1.34648e-005
ln_F(41,2)     -7.32462 1.53486e-005
ln_F(41,3)     -5.65471 3.15123e-005
ln_F(41,4)     -6.30983 -4.85761e-005
ln_F(41,5)     -8.64137 1.74208e-005
ln_F(41,6)     -4.78127 -4.71157e-006
ln_F(41,7)     -5.12038 1.12202e-005
ln_F(42,1)     -6.14069 7.35298e-006
ln_F(42,2)      -7.3988 2.37698e-005
ln_F(42,3)     -5.92188 -9.29131e-006
ln_F(42,4)     -5.47251 8.57411e-006
ln_F(42,5)     -8.92598 6.13545e-006
ln_F(42,6)     -4.07079 9.42817e-006
ln_F(42,7)      -4.8153 1.37726e-005
ln_F(43,1)      -6.1831 -6.08766e-006
ln_F(43,2)     -6.87367 2.02672e-005
ln_F(43,3)     -5.48616 2.96025e-005
ln_F(43,4)     -5.88503 4.77901e-006
ln_F(43,5)     -7.22222 -2.30714e-005
ln_F(43,6)     -3.70944 -4.08757e-006
ln_F(43,7)     -4.96939 -1.67894e-005
ln_F(44,1)     -5.97159 2.49503e-006
ln_F(44,2)     -6.88818 -4.91396e-006
ln_F(44,3)      -5.3473 -7.40999e-006
ln_F(44,4)     -5.23171 2.41798e-006
ln_F(44,5)     -6.74713 2.98513e-005
ln_F(44,6)     -3.98464 -1.06385e-005
ln_F(44,7)     -5.03269 -2.09457e-006
ln_F(45,1)     -6.21872 1.06717e-005
ln_F(45,2)      -7.2867 1.19111e-005
ln_F(45,3)     -5.78167 7.27827e-006
ln_F(45,4)     -5.38517 -1.06974e-005
ln_F(45,5)     -8.08922 -6.34671e-006
ln_F(45,6)     -4.51149 -1.37095e-006
ln_F(45,7)     -5.37993  3.8766e-006
ln_F(46,1)     -5.60378 2.72825e-005
ln_F(46,2)     -7.25531 1.74994e-005
ln_F(46,3)     -5.93074 -8.92294e-006
ln_F(46,4)      -5.3142 3.27213e-006
ln_F(46,5)     -8.26444 7.40938e-006
ln_F(46,6)     -4.30731 6.32174e-006
ln_F(46,7)     -4.98717 -2.46716e-005
ln_F(47,1)     -5.61365 1.64971e-005
ln_F(47,2)     -6.46471 4.91845e-006
ln_F(47,3)     -4.64658 -1.16682e-005
ln_F(47,4)     -5.53545 1.89035e-005
ln_F(47,5)     -5.85755 1.96808e-005
ln_F(47,6)     -4.27981  3.9278e-006
ln_F(47,7)     -4.29421 -2.11547e-005
ln_F(48,1)     -6.25931 1.04606e-005
ln_F(48,2)     -6.10909 8.24177e-006
ln_F(48,3)     -4.29309 -1.48572e-005
ln_F(48,4)     -6.45389 -2.0111e-005
ln_F(48,5)     -6.18731 5.97064e-006
ln_F(48,6)     -3.64239 -2.08223e-005
ln_F(48,7)     -4.86826 7.27539e-006
ln_F(49,1)      -6.2044 3.52071e-005
ln_F(49,2)      -6.9567 1.27104e-006
ln_F(49,3)     -5.53231 -7.25721e-006
ln_F(49,4)     -6.94085 -1.59223e-005
ln_F(49,5)      -7.6449 -9.64593e-006
ln_F(49,6)     -4.45162 -6.21638e-006
ln_F(49,7)     -5.29373 -1.54897e-005
ln_F(50,1)     -5.81184 -1.83071e-006
ln_F(50,2)     -8.01744 -2.26007e-005
ln_F(50,3)      -5.0858  1.0889e-005
ln_F(50,4)     -6.54386 -5.2742e-007
ln_F(50,5)     -5.97182 5.99262e-006
ln_F(50,6)     -3.93426 -1.53912e-005
ln_F(50,7)     -4.92714 -1.18181e-005
ln_F(51,1)     -5.90525 -8.07237e-006
ln_F(51,2)     -6.59731 8.41257e-006
ln_F(51,3)     -5.57226 -1.79962e-005
ln_F(51,4)      -6.4334 -2.42883e-005
ln_F(51,5)     -4.84223 -7.03874e-006
ln_F(51,6)     -4.06386 -1.29636e-005
ln_F(51,7)     -4.84298 -1.6901e-005
ln_F(52,1)     -6.51171 -2.88459e-005
ln_F(52,2)     -6.18133  1.9801e-005
ln_F(52,3)     -4.77819  1.0367e-005
ln_F(52,4)     -6.69317 2.08015e-007
ln_F(52,5)       -5.487 -9.53586e-006
ln_F(52,6)     -4.67442 -1.82381e-005
ln_F(52,7)     -5.08195 -2.24778e-006
ln_F(53,1)     -6.02673 -2.75301e-005
ln_F(53,2)     -7.48689 8.96177e-007
ln_F(53,3)     -5.51304 -3.4355e-006
ln_F(53,4)     -6.91401 -2.10128e-005
ln_F(53,5)     -7.15241 -2.9231e-006
ln_F(53,6)     -5.04822 -1.69108e-006
ln_F(53,7)     -5.22589 -2.95964e-005
ln_F(54,1)      -5.7899 -1.2011e-005
ln_F(54,2)     -8.20608 -1.73954e-005
ln_F(54,3)     -5.34402 5.82622e-006
ln_F(54,4)     -6.47988 -4.12536e-005
ln_F(54,5)     -4.58231 -2.94732e-005
ln_F(54,6)     -4.37173 -1.99906e-005
ln_F(54,7)     -5.03886 -8.34263e-006
ln_F(55,1)     -5.65537  5.2451e-007
ln_F(55,2)     -7.40332 -1.60458e-005
ln_F(55,3)     -6.05224 1.79397e-005
ln_F(55,4)      -6.4379 -4.41582e-005
ln_F(55,5)     -5.50812 -2.21465e-005
ln_F(55,6)       -4.521 -2.2063e-005
ln_F(55,7)     -5.25531 -9.2034e-006
ln_F(56,1)      -6.7077 -5.53561e-007
ln_F(56,2)     -7.07544 -1.64791e-006
ln_F(56,3)      -4.9714 -2.20981e-005
ln_F(56,4)      -6.5023 -2.66049e-005
ln_F(56,5)      -5.4029 -3.96277e-005
ln_F(56,6)       -4.702 -1.11325e-005
ln_F(56,7)      -5.0997 -4.38676e-006
ln_F(57,1)      -5.2909 -1.5771e-005
ln_F(57,2)     -7.52676 1.58218e-005
ln_F(57,3)     -4.60314 -1.31245e-005
ln_F(57,4)     -6.48566 -1.03099e-005
ln_F(57,5)     -6.80143 -4.81004e-006
ln_F(57,6)     -4.63272 -1.75705e-005
ln_F(57,7)     -5.18355 -1.5358e-005
ln_F(58,1)     -5.87643 -2.64732e-005
ln_F(58,2)      -7.7442 3.25145e-005
ln_F(58,3)     -4.66976 -5.28317e-006
ln_F(58,4)     -6.33343 -2.34487e-005
ln_F(58,5)     -5.19105 3.43549e-006
ln_F(58,6)     -4.52067 -6.14969e-006
ln_F(58,7)      -5.0024 -2.60734e-005
ln_F(59,1)     -5.51113 -1.80319e-006
ln_F(59,2)     -5.92683 1.42746e-006
ln_F(59,3)     -4.55112 1.10767e-005
ln_F(59,4)     -6.34243 -1.41426e-005
ln_F(59,5)     -5.28846 1.15226e-005
ln_F(59,6)     -4.55254 -1.04514e-005
ln_F(59,7)     -5.03814 -8.47637e-006
ln_F(60,1)     -6.83646 2.27742e-005
ln_F(60,2)     -5.93323 -3.34048e-006
ln_F(60,3)     -4.15608 -1.05788e-005
ln_F(60,4)      -6.2033 -4.95318e-006
ln_F(60,5)     -5.81069 -9.59473e-006
ln_F(60,6)     -4.30249 7.00736e-006
ln_F(60,7)      -4.7951 -3.56256e-006
ln_F(61,1)     -5.54037 -2.26516e-005
ln_F(61,2)     -7.07558 3.46455e-005
ln_F(61,3)     -3.61393 -2.27475e-005
ln_F(61,4)     -6.37652 -2.19435e-005
ln_F(61,5)     -5.80487 -2.42459e-005
ln_F(61,6)     -5.16817 -1.32536e-005
ln_F(61,7)     -4.90587  1.2419e-005
ln_F(62,1)     -5.92109 -1.69793e-006
ln_F(62,2)      -7.7386 3.01522e-005
ln_F(62,3)     -3.98737 -1.1296e-005
ln_F(62,4)     -6.04234 -1.0607e-005
ln_F(62,5)     -4.78885  1.0264e-005
ln_F(62,6)     -4.32655 1.07727e-005
ln_F(62,7)     -4.74698 -6.37913e-006
ln_F(63,1)     -5.21484  1.0962e-005
ln_F(63,2)     -5.95626 -1.61345e-005
ln_F(63,3)     -4.24215 -6.66418e-006
ln_F(63,4)      -5.8731 9.61484e-006
ln_F(63,5)     -4.42201 1.18796e-005
ln_F(63,6)     -4.39469 -1.19687e-005
ln_F(63,7)     -4.74107 -1.10009e-005
ln_F(64,1)     -5.59288 -5.84193e-006
ln_F(64,2)     -6.43219    2.32e-005
ln_F(64,3)     -4.42887 -4.47187e-006
ln_F(64,4)     -5.50044 -1.86448e-005
ln_F(64,5)     -4.01047 1.88781e-005
ln_F(64,6)     -4.01047 7.18829e-007
ln_F(64,7)     -4.42728 -1.11636e-005
ln_F(65,1)     -4.59788  2.2878e-007
ln_F(65,2)     -6.86009 1.69019e-005
ln_F(65,3)     -4.50442 -2.14403e-005
ln_F(65,4)      -5.8863 -6.48842e-006
ln_F(65,5)     -4.01799 -5.46366e-006
ln_F(65,6)     -4.65469 -9.09461e-006
ln_F(65,7)     -4.56936 3.82495e-006
ln_F(66,1)     -5.15998 9.28704e-007
ln_F(66,2)     -6.55697 2.33141e-005
ln_F(66,3)      -4.8358 -2.75163e-005
ln_F(66,4)     -5.69214 -8.72727e-006
ln_F(66,5)     -3.92608 -5.53789e-006
ln_F(66,6)     -3.92203 -3.50444e-006
ln_F(66,7)     -4.20652 -1.38431e-005
ln_F(67,1)     -4.55107 -1.76118e-005
ln_F(67,2)     -6.14289 1.73356e-005
ln_F(67,3)     -4.61407 -8.15122e-006
ln_F(67,4)     -5.52624 -8.24801e-006
ln_F(67,5)     -4.43731 -1.14107e-007
ln_F(67,6)     -4.07244  8.9592e-006
ln_F(67,7)     -4.46326 1.96637e-005
ln_F(68,1)     -5.92713 1.37046e-005
ln_F(68,2)     -5.31145 2.75592e-005
ln_F(68,3)     -4.86621 -1.08636e-005
ln_F(68,4)     -5.75915 -1.41758e-005
ln_F(68,5)     -3.80968 8.55937e-006
ln_F(68,6)     -3.59749 7.76532e-007
ln_F(68,7)     -4.29997 1.27411e-006
ln_F(69,1)     -4.35828 1.42264e-005
ln_F(69,2)     -6.10906 -1.5189e-005
ln_F(69,3)     -4.76009 -1.79697e-005
ln_F(69,4)     -6.00419 3.14758e-006
ln_F(69,5)     -4.31539 2.42346e-006
ln_F(69,6)     -3.58862 -7.88603e-006
ln_F(69,7)     -4.28798 9.01599e-006
ln_F(70,1)     -5.16435 -1.71717e-005
ln_F(70,2)     -7.19395 2.06972e-005
ln_F(70,3)     -5.16748 9.00391e-006
ln_F(70,4)     -5.80676 1.17251e-005
ln_F(70,5)     -4.10426  1.0103e-005
ln_F(70,6)     -3.57479 -1.64049e-006
ln_F(70,7)     -3.91215 1.18535e-005
ln_F(71,1)     -4.77533 4.60174e-005
ln_F(71,2)     -6.29746 -6.71848e-006
ln_F(71,3)     -4.36906 -5.01768e-006
ln_F(71,4)     -5.78454 2.26229e-005
ln_F(71,5)     -3.96477 1.47278e-005
ln_F(71,6)     -3.78664 4.11063e-006
ln_F(71,7)     -4.17572 -5.36355e-006
ln_F(72,1)     -6.11549 2.03806e-005
ln_F(72,2)     -5.88405 8.51119e-006
ln_F(72,3)     -4.18158 -7.34555e-006
ln_F(72,4)     -5.66723 4.86394e-006
ln_F(72,5)     -4.16181 2.08113e-005
ln_F(72,6)     -4.21137 2.48955e-006
ln_F(72,7)      -4.1804 1.68983e-006
ln_F(73,1)     -4.46344 2.74542e-005
ln_F(73,2)     -6.52255 1.59365e-006
ln_F(73,3)     -4.53093  1.0627e-005
ln_F(73,4)     -5.99285 1.19397e-006
ln_F(73,5)     -4.50874 2.16593e-005
ln_F(73,6)     -4.32953 -6.80808e-006
ln_F(73,7)     -4.29449 -1.21888e-005
ln_F(74,1)     -5.18639 1.88149e-006
ln_F(74,2)     -7.01999 2.70438e-005
ln_F(74,3)      -5.0725 1.58304e-005
ln_F(74,4)     -5.66281 -4.3881e-006
ln_F(74,5)     -4.53558  1.5065e-005
ln_F(74,6)     -3.12108 -1.15711e-005
ln_F(74,7)     -4.14755 -2.20116e-005
ln_F(75,1)      -4.6484 2.56666e-005
ln_F(75,2)     -5.80965 -2.65064e-006
ln_F(75,3)     -4.35032 -1.61595e-006
ln_F(75,4)     -5.54233 -3.35838e-006
ln_F(75,5)      -4.6393 -1.4343e-005
ln_F(75,6)     -2.86464 -5.40961e-006
ln_F(75,7)     -4.31632 1.11669e-005
ln_F(76,1)      -6.2048 -4.32855e-006
ln_F(76,2)     -5.53888 2.44715e-005
ln_F(76,3)     -4.40555 1.82846e-005
ln_F(76,4)      -5.5973 -3.02852e-005
ln_F(76,5)      -5.0827 1.77456e-006
ln_F(76,6)     -3.27797 -1.45888e-005
ln_F(76,7)     -4.31626 1.43435e-005
ln_F(77,1)     -4.88651 3.16408e-005
ln_F(77,2)     -6.57572 1.02139e-005
ln_F(77,3)     -5.37473 -7.5846e-006
ln_F(77,4)     -5.88853 -1.56787e-005
ln_F(77,5)     -5.42936 -9.57956e-006
ln_F(77,6)     -3.69453 -2.43072e-006
ln_F(77,7)     -4.47469 -2.95854e-006
ln_F(78,1)     -5.76664 4.74446e-006
ln_F(78,2)     -6.81943 -2.26757e-005
ln_F(78,3)     -4.90795 4.88677e-006
ln_F(78,4)     -5.69099 -1.06542e-006
ln_F(78,5)     -4.92278 3.72698e-005
ln_F(78,6)     -3.27022 -2.8926e-006
ln_F(78,7)     -4.44951 1.50535e-005
ln_F(79,1)     -4.70589 8.79047e-008
ln_F(79,2)     -5.20485 3.35913e-005
ln_F(79,3)     -4.11166 -1.29213e-005
ln_F(79,4)     -5.46758 9.34218e-006
ln_F(79,5)     -4.86721 -5.60244e-006
ln_F(79,6)     -2.98544 9.25542e-006
ln_F(79,7)     -4.54065  2.6845e-005
ln_F(80,1)     -5.83438 6.91387e-006
ln_F(80,2)     -6.02187 -1.50743e-005
ln_F(80,3)     -4.21741 3.14397e-006
ln_F(80,4)     -5.64813 7.25221e-006
ln_F(80,5)     -4.55107 1.17373e-005
ln_F(80,6)     -3.81474 1.26418e-005
ln_F(80,7)      -4.7234 1.05608e-005
ln_F(81,1)     -4.72076 2.69405e-005
ln_F(81,2)     -6.64127 5.53998e-006
ln_F(81,3)      -4.9717 2.42962e-006
ln_F(81,4)     -5.92377 4.96153e-006
ln_F(81,5)     -5.02582 -1.97793e-006
ln_F(81,6)     -4.07627 1.75622e-005
ln_F(81,7)     -4.76607 -8.43354e-006
ln_F(82,1)     -5.80637 7.63109e-006
ln_F(82,2)     -7.53603 -2.2383e-005
ln_F(82,3)     -5.59538 2.36663e-005
ln_F(82,4)     -5.81452 5.41834e-006
ln_F(82,5)     -4.93681  3.7133e-005
ln_F(82,6)     -3.99919 -1.46372e-005
ln_F(82,7)      -4.7487 -2.05395e-005
ln_F(83,1)     -5.40533 1.71728e-005
ln_F(83,2)     -6.04068 1.37353e-005
ln_F(83,3)     -4.59439 1.17874e-005
ln_F(83,4)     -5.81915 -8.64248e-006
ln_F(83,5)     -4.37413 2.13263e-005
ln_F(83,6)     -4.04395 -8.66377e-007
ln_F(83,7)     -4.87158   -2.41e-005
ln_F(84,1)     -5.93725 2.37385e-005
ln_F(84,2)      -5.6934 -2.46694e-007
ln_F(84,3)      -4.4995 -1.24449e-006
ln_F(84,4)     -5.55338 6.52231e-007
ln_F(84,5)     -5.06433 -1.74248e-005
ln_F(84,6)      -3.6262 1.14071e-005
ln_F(84,7)     -4.60225 1.96132e-006
ln_F(85,1)     -4.79366 2.09647e-005
ln_F(85,2)     -6.28387 -1.38857e-005
ln_F(85,3)     -5.18873 1.25725e-005
ln_F(85,4)     -5.69378 7.10349e-006
ln_F(85,5)     -5.65366 1.13264e-005
ln_F(85,6)     -3.47435 -2.38481e-005
ln_F(85,7)     -4.68952 -1.2205e-005
ln_F(86,1)     -5.54256 4.06914e-005
ln_F(86,2)     -6.50932 -1.16885e-005
ln_F(86,3)     -5.20975 4.11861e-006
ln_F(86,4)      -5.3935 -2.08677e-005
ln_F(86,5)     -5.58873 -4.39505e-006
ln_F(86,6)     -3.06149 -9.52369e-006
ln_F(86,7)     -4.57388 -1.07006e-005
ln_F(87,1)     -5.03044 1.20443e-005
ln_F(87,2)      -6.2997 2.94016e-005
ln_F(87,3)     -4.44948 -7.78084e-006
ln_F(87,4)     -5.36578 -2.88381e-005
ln_F(87,5)     -5.54174 -1.5722e-005
ln_F(87,6)     -3.08391 -8.41257e-006
ln_F(87,7)     -4.69878 -1.25778e-005
ln_F(88,1)     -6.21295 -2.97604e-005
ln_F(88,2)     -6.19799 -1.90414e-005
ln_F(88,3)       -4.672 1.77749e-005
ln_F(88,4)      -5.7799 9.36199e-007
ln_F(88,5)     -5.94651 -1.21787e-005
ln_F(88,6)     -4.06612 -2.86392e-005
ln_F(88,7)     -4.73796 -5.02784e-006
ln_F(89,1)     -5.18597 -1.12202e-005
ln_F(89,2)     -6.78278 -2.95855e-005
ln_F(89,3)     -4.92665 2.26535e-005
ln_F(89,4)     -5.91925 7.13484e-006
ln_F(89,5)     -5.06449 1.99435e-006
ln_F(89,6)     -3.92386 -1.65849e-005
ln_F(89,7)     -4.81158 -9.87877e-006
ln_F(90,1)     -5.12569  -2.009e-005
ln_F(90,2)     -7.46758 -1.17273e-007
ln_F(90,3)     -5.20633  1.3917e-005
ln_F(90,4)     -5.33552 -3.2193e-005
ln_F(90,5)      -4.4721 -2.27798e-005
ln_F(90,6)     -3.21839 9.97239e-006
ln_F(90,7)     -4.52227 7.81022e-006
ln_F(91,1)     -4.60607 1.41381e-005
ln_F(91,2)     -6.33845 7.71228e-006
ln_F(91,3)     -5.19129 -1.03513e-005
ln_F(91,4)     -5.27911 -2.16775e-005
ln_F(91,5)     -5.37984 -1.02827e-005
ln_F(91,6)     -3.70502 -1.09018e-006
ln_F(91,7)     -4.52504 -2.44906e-005
ln_F(92,1)      -6.3127 1.08602e-005
ln_F(92,2)     -6.14821 -2.2951e-005
ln_F(92,3)     -4.68191 -8.32864e-006
ln_F(92,4)     -5.66318 -1.26823e-005
ln_F(92,5)     -5.19588 -6.53659e-006
ln_F(92,6)     -3.93064 -1.11673e-005
ln_F(92,7)     -4.70316 -6.09755e-006
ln_F(93,1)     -5.02457  7.4671e-006
ln_F(93,2)     -6.85554 3.17546e-006
ln_F(93,3)     -5.32361 -8.85626e-006
ln_F(93,4)     -5.86314 -7.00107e-006
ln_F(93,5)     -5.58946 -7.1095e-006
ln_F(93,6)     -4.06143 -2.19613e-007
ln_F(93,7)      -4.7304 1.83485e-005
ln_F(94,1)     -6.18866 1.76887e-005
ln_F(94,2)     -7.77604 9.46389e-006
ln_F(94,3)       -5.485 -8.65609e-006
ln_F(94,4)     -5.68991 -5.19775e-005
ln_F(94,5)     -4.70518  2.7957e-005
ln_F(94,6)     -3.69112 -5.62237e-006
ln_F(94,7)     -4.88417 -3.19489e-005
ln_F(95,1)     -5.40912 1.75823e-005
ln_F(95,2)     -5.89367 -8.59677e-006
ln_F(95,3)     -5.21403 -3.21934e-005
ln_F(95,4)     -5.78896 1.34266e-005
ln_F(95,5)     -4.97906 3.21513e-006
ln_F(95,6)     -3.69609 9.61162e-007
ln_F(95,7)     -4.58877 -2.37808e-005
ln_F(96,1)     -6.47674 8.47282e-006
ln_F(96,2)     -4.15637 1.03909e-005
ln_F(96,3)     -4.71905 -1.29076e-005
ln_F(96,4)     -5.47859 5.58472e-006
ln_F(96,5)     -5.47549 -1.80154e-005
ln_F(96,6)     -4.01142 -1.35608e-005
ln_F(96,7)     -4.65146 5.65455e-006
ln_F(97,1)     -5.34572 1.37624e-005
ln_F(97,2)     -4.71088 1.97402e-006
ln_F(97,3)     -5.17308 -1.24591e-005
ln_F(97,4)     -5.95296 -3.83501e-005
ln_F(97,5)     -4.93176 -1.02676e-005
ln_F(97,6)     -4.10293 -1.58494e-005
ln_F(97,7)     -4.88183 -1.60067e-005
ln_F(98,1)     -5.52876 -3.79875e-006
ln_F(98,2)     -5.89769 -1.80103e-005
ln_F(98,3)      -5.8276 -1.56333e-005
ln_F(98,4)     -5.38143 -4.93371e-006
ln_F(98,5)     -4.37683 6.11127e-006
ln_F(98,6)     -3.29458  -5.596e-006
ln_F(98,7)     -4.74155   -1.81e-005
ln_F(99,1)     -5.26332 6.66691e-006
ln_F(99,2)     -4.51453 2.57896e-005
ln_F(99,3)     -4.98897 -8.28456e-006
ln_F(99,4)     -5.41939 -3.65556e-005
ln_F(99,5)     -5.29959 2.73639e-005
ln_F(99,6)     -3.13709 1.11217e-005
ln_F(99,7)     -4.70624 -1.89329e-005
ln_F(100,1)     -6.51577 -3.9031e-006
ln_F(100,2)     -4.72227 -1.55578e-005
ln_F(100,3)      -4.8207 -1.04444e-005
ln_F(100,4)     -5.11275 -1.18507e-005
ln_F(100,5)     -5.45187 -4.14425e-006
ln_F(100,6)     -3.41824 2.31617e-005
ln_F(100,7)     -4.71395 1.07547e-005
ln_F(101,1)     -4.89632 -1.96932e-005
ln_F(101,2)     -5.12829 -4.37879e-006
ln_F(101,3)     -5.07653 1.14043e-006
ln_F(101,4)     -5.40221 -5.50267e-006
ln_F(101,5)     -5.93374 -2.55753e-006
ln_F(101,6)     -4.11949 -7.7976e-006
ln_F(101,7)     -4.82927 3.93532e-006
ln_F(102,1)     -5.34339 -1.01815e-005
ln_F(102,2)     -5.59273 6.77083e-007
ln_F(102,3)       -5.423  -1.126e-005
ln_F(102,4)      -4.9649 -2.68036e-005
ln_F(102,5)     -4.48281 -8.72732e-006
ln_F(102,6)     -3.52664 -6.08157e-006
ln_F(102,7)     -4.73285 -6.62554e-006
ln_F(103,1)     -4.90374 -8.97477e-006
ln_F(103,2)      -4.1299 -1.31141e-005
ln_F(103,3)      -5.0681 -1.44643e-005
ln_F(103,4)     -4.86142 -2.06072e-006
ln_F(103,5)      -4.7193 3.08089e-006
ln_F(103,6)     -3.28987 1.11354e-005
ln_F(103,7)     -4.53532 1.87423e-005
ln_F(104,1)     -5.77771 -3.97329e-006
ln_F(104,2)     -3.95801 -1.12038e-005
ln_F(104,3)     -4.20877 -9.05642e-006
ln_F(104,4)     -4.74387 -2.80446e-005
ln_F(104,5)     -5.02209 -1.59959e-005
ln_F(104,6)     -3.90398  2.6311e-006
ln_F(104,7)     -4.45947 9.81339e-006
ln_F(105,1)     -4.82645 -7.90062e-006
ln_F(105,2)     -5.82525 1.10324e-005
ln_F(105,3)      -3.8056 -5.14035e-006
ln_F(105,4)     -4.85107 -6.69696e-007
ln_F(105,5)      -5.1595 5.77911e-006
ln_F(105,6)      -3.9022 4.53336e-006
ln_F(105,7)     -4.65797 -8.18589e-006
ln_F(106,1)       -5.611  5.5452e-006
ln_F(106,2)     -6.77543 -1.2874e-005
ln_F(106,3)     -4.78486 -2.37879e-005
ln_F(106,4)     -5.04785 -2.21172e-006
ln_F(106,5)     -4.75928 -1.35798e-006
ln_F(106,6)     -3.34049 -8.8847e-006
ln_F(106,7)     -3.84183 -5.51414e-006
ln_F(107,1)     -4.93549 8.56234e-006
ln_F(107,2)     -5.42644 -9.16892e-007
ln_F(107,3)     -4.18306 8.99099e-006
ln_F(107,4)     -4.56964 1.06209e-005
ln_F(107,5)     -4.46429 9.76516e-006
ln_F(107,6)     -3.14199 -4.01044e-006
ln_F(107,7)     -3.65485  9.2892e-006
ln_F(108,1)     -5.77916 -2.51292e-006
ln_F(108,2)     -5.05163 3.50341e-005
ln_F(108,3)     -3.94183 -3.51264e-006
ln_F(108,4)     -4.82282 -2.10724e-005
ln_F(108,5)     -4.59674 2.06662e-006
ln_F(108,6)     -3.59817 -3.74176e-006
ln_F(108,7)     -4.05918 -2.38691e-006
ln_F(109,1)     -5.01584 2.35722e-005
ln_F(109,2)     -5.44313 7.58354e-006
ln_F(109,3)     -4.08563 -2.2616e-005
ln_F(109,4)      -4.8521 -2.53947e-005
ln_F(109,5)     -4.84247 1.48349e-005
ln_F(109,6)     -4.01996 -3.78544e-006
ln_F(109,7)     -4.38514 -1.14609e-005
ln_F(110,1)      -5.1706 4.09605e-007
ln_F(110,2)      -6.9543 1.55467e-005
ln_F(110,3)     -4.80394 -8.09949e-006
ln_F(110,4)     -4.76045 1.69088e-006
ln_F(110,5)     -4.45901 1.29616e-005
ln_F(110,6)     -3.18577 -1.35728e-005
ln_F(110,7)     -4.13402 -5.12129e-006
ln_F(111,1)       -5.371 1.42357e-005
ln_F(111,2)     -5.91871 -5.91249e-006
ln_F(111,3)      -4.6137 1.66169e-005
ln_F(111,4)     -4.64959 -1.28257e-005
ln_F(111,5)     -4.28324 1.44889e-005
ln_F(111,6)       -3.419 -1.09088e-005
ln_F(111,7)     -4.38042 -1.45994e-005
ln_F(112,1)     -5.28979 8.03945e-006
ln_F(112,2)     -5.45829 -1.38744e-005
ln_F(112,3)     -4.24837 3.32719e-006
ln_F(112,4)     -4.60817 2.24129e-005
ln_F(112,5)     -4.89241 5.73202e-006
ln_F(112,6)     -3.68264 -5.16424e-006
ln_F(112,7)     -3.67728 2.79004e-006
ln_F(113,1)     -4.74077 1.83277e-006
ln_F(113,2)     -5.74254 -1.11797e-006
ln_F(113,3)     -4.73876 -3.40256e-006
ln_F(113,4)     -4.71073 -1.06269e-006
ln_F(113,5)     -4.71906 -3.91162e-006
ln_F(113,6)     -4.51866 -3.4026e-006
ln_F(113,7)     -4.82303 -2.44143e-005
ln_F(114,1)     -5.04185 5.08986e-006
ln_F(114,2)     -6.55005 -7.04655e-006
ln_F(114,3)     -4.79756  4.6065e-006
ln_F(114,4)     -4.36522 -8.43264e-006
ln_F(114,5)      -4.6185 -7.7032e-006
ln_F(114,6)     -3.01949 -1.06395e-005
ln_F(114,7)     -4.29551  1.6804e-005
ln_F(115,1)     -4.16951 -5.63526e-006
ln_F(115,2)     -5.73623 -2.56465e-005
ln_F(115,3)     -4.31724 2.27856e-005
ln_F(115,4)     -4.18066 -1.24687e-005
ln_F(115,5)     -4.63091 -2.32716e-006
ln_F(115,6)     -2.78766 -1.08153e-006
ln_F(115,7)     -4.27744 -1.04925e-005
ln_F(116,1)     -5.78088 4.08264e-006
ln_F(116,2)     -5.38316 1.02344e-005
ln_F(116,3)     -4.44863 9.51508e-006
ln_F(116,4)      -5.2386 -2.46582e-005
ln_F(116,5)      -4.5388 -1.17925e-005
ln_F(116,6)     -4.01645  6.9307e-006
ln_F(116,7)     -4.07689 -1.46365e-005
ln_F(117,1)     -5.42345 -1.10623e-005
ln_F(117,2)     -5.09329 -3.66394e-005
ln_F(117,3)     -4.89544 -8.4616e-006
ln_F(117,4)     -5.29001 3.88119e-005
ln_F(117,5)     -4.65333 -7.91159e-006
ln_F(117,6)     -4.50896 9.62882e-006
ln_F(117,7)     -4.29517 5.07037e-006
ln_F(118,1)     -5.58854 2.13423e-006
ln_F(118,2)     -6.19683 -2.03275e-005
ln_F(118,3)     -5.82426 -1.34799e-005
ln_F(118,4)      -5.3013 -9.68687e-006
ln_F(118,5)     -4.59385 1.22235e-005
ln_F(118,6)     -3.48743 -8.06027e-006
ln_F(118,7)     -4.31309 -1.79928e-005
ln_F(119,1)     -5.82539 -1.02908e-005
ln_F(119,2)     -6.02692 -7.83917e-006
ln_F(119,3)      -5.0174 -1.99363e-005
ln_F(119,4)     -5.36281 -2.19622e-005
ln_F(119,5)     -4.26838 -1.44421e-005
ln_F(119,6)     -4.00598 -1.68646e-005
ln_F(119,7)     -4.39312 1.42732e-006
ln_F(120,1)     -5.93169 -1.72203e-005
ln_F(120,2)     -5.91799 -2.36213e-005
ln_F(120,3)     -4.71909 -1.11634e-005
ln_F(120,4)     -5.44277 1.09565e-006
ln_F(120,5)     -4.60631 1.18079e-005
ln_F(120,6)     -4.26217 -1.1342e-005
ln_F(120,7)     -4.46833 -1.74715e-005
ln_F(121,1)      -5.5022 6.02742e-006
ln_F(121,2)     -6.35505 2.00942e-006
ln_F(121,3)     -5.88419 3.67822e-006
ln_F(121,4)      -5.7298 -1.95952e-005
ln_F(121,5)     -4.31373 1.23287e-005
ln_F(121,6)     -4.33372 -2.60178e-005
ln_F(121,7)     -5.52756 -2.08816e-005
ln_F(122,1)     -5.88241 -8.90065e-006
ln_F(122,2)     -6.88957 -3.98529e-006
ln_F(122,3)     -6.72817 4.98173e-006
ln_F(122,4)     -5.59574 -2.1811e-005
ln_F(122,5)     -3.97757 2.60355e-005
ln_F(122,6)     -3.46531 -6.38258e-006
ln_F(122,7)     -5.39003 -3.22716e-006
ln_F(123,1)     -5.87886 -2.16239e-005
ln_F(123,2)      -6.3917 -1.04019e-005
ln_F(123,3)     -5.32703 -9.96266e-006
ln_F(123,4)     -5.60368 1.15543e-006
ln_F(123,5)     -4.31589 -8.74189e-006
ln_F(123,6)     -3.40774 -5.38527e-006
ln_F(123,7)     -5.41771 1.14305e-005
ln_F(124,1)     -6.79444 1.16308e-005
ln_F(124,2)     -5.46706 -1.68916e-005
ln_F(124,3)     -5.48015 3.19783e-005
ln_F(124,4)     -5.75312 -1.10567e-006
ln_F(124,5)     -4.68412  1.7707e-005
ln_F(124,6)     -3.78329 -7.21575e-006
ln_F(124,7)     -5.49369 -1.50315e-005
ln_F(125,1)     -4.72571 1.83522e-005
ln_F(125,2)     -5.05662 3.14142e-006
ln_F(125,3)      -6.1076 -1.14043e-005
ln_F(125,4)     -5.28049 -5.65898e-006
ln_F(125,5)     -4.19144 -8.86004e-006
ln_F(125,6)       -4.444  1.0966e-005
ln_F(125,7)     -5.44312 3.29099e-005
ln_F(126,1)     -5.52046 3.27981e-005
ln_F(126,2)     -6.04302 -1.0379e-005
ln_F(126,3)     -6.38319 -2.97974e-005
ln_F(126,4)     -5.20289  -6.086e-006
ln_F(126,5)     -4.12299 1.04022e-005
ln_F(126,6)     -3.35227 -4.80738e-006
ln_F(126,7)     -5.45644 -9.80726e-006
ln_F(127,1)     -5.44642 -6.64035e-006
ln_F(127,2)     -4.90576 1.65633e-005
ln_F(127,3)     -5.48188 -3.93972e-006
ln_F(127,4)     -5.34557 2.50026e-005
ln_F(127,5)     -4.56377 1.86507e-005
ln_F(127,6)     -3.64195 6.67823e-006
ln_F(127,7)     -5.44328 -9.78301e-006
ln_F(128,1)     -4.93828 1.11978e-005
ln_F(128,2)     -4.44477 -1.96821e-006
ln_F(128,3)     -5.30749 -1.30263e-005
ln_F(128,4)     -5.30374 -1.34139e-005
ln_F(128,5)      -4.5299 9.97036e-006
ln_F(128,6)     -3.33103 6.21049e-006
ln_F(128,7)     -5.10355 1.09581e-005
ln_F(129,1)     -4.95759 1.88858e-005
ln_F(129,2)     -4.88851 -8.58979e-006
ln_F(129,3)     -6.52898 -3.95547e-006
ln_F(129,4)     -5.35251  4.8262e-006
ln_F(129,5)      -4.4116 2.16956e-005
ln_F(129,6)     -3.80324 -3.79975e-006
ln_F(129,7)     -5.16647 -2.14923e-005
ln_F(130,1)     -4.94038 -1.86958e-006
ln_F(130,2)      -6.5149 3.52088e-005
ln_F(130,3)     -6.39258 -1.49088e-005
ln_F(130,4)     -5.25331 -4.36057e-005
ln_F(130,5)     -4.81645 2.14585e-006
ln_F(130,6)     -3.02889 -9.69127e-007
ln_F(130,7)     -4.85377 5.63266e-006
ln_F(131,1)     -4.95257 -9.16245e-006
ln_F(131,2)     -6.12793 -9.73147e-006
ln_F(131,3)     -5.14548 -2.1788e-006
ln_F(131,4)     -5.31126 -1.58713e-005
ln_F(131,5)     -4.58114 9.39675e-006
ln_F(131,6)     -3.23018 -1.1026e-006
ln_F(131,7)     -4.95944 8.61876e-007
ln_F(132,1)     -5.71607 -1.4032e-005
ln_F(132,2)      -5.3516 1.05936e-005
ln_F(132,3)     -5.01666 6.82811e-006
ln_F(132,4)      -5.6519 -1.25986e-005
ln_F(132,5)     -5.23458 5.83976e-006
ln_F(132,6)     -3.41953 7.61761e-006
ln_F(132,7)     -5.12414 2.63234e-006
ln_F(133,1)     -4.43577 -1.19985e-006
ln_F(133,2)      -5.6584 -9.24971e-006
ln_F(133,3)     -6.27514 -1.39724e-005
ln_F(133,4)     -5.60525 -9.47792e-007
ln_F(133,5)      -4.8936 -4.51526e-006
ln_F(133,6)      -4.1264 6.84228e-006
ln_F(133,7)     -5.20015 -8.75409e-006
ln_F(134,1)     -5.21971 8.51056e-006
ln_F(134,2)     -5.51047 -9.74536e-006
ln_F(134,3)     -6.20399 1.81312e-005
ln_F(134,4)     -5.49246 3.39198e-007
ln_F(134,5)     -4.15342 1.85631e-005
ln_F(134,6)     -3.14873 -5.29045e-006
ln_F(134,7)     -5.07122 7.60798e-006
ln_F(135,1)      -4.4138 3.44998e-006
ln_F(135,2)      -5.6632 -4.12427e-006
ln_F(135,3)     -5.42939 -4.36346e-006
ln_F(135,4)     -5.47804 -2.54897e-006
ln_F(135,5)      -4.9527 4.84821e-007
ln_F(135,6)     -3.00475 -1.73254e-005
ln_F(135,7)     -5.29902 3.81384e-005
ln_F(136,1)     -4.21793 2.83434e-005
ln_F(136,2)     -5.07359 1.12116e-005
ln_F(136,3)      -4.6512 -8.62582e-007
ln_F(136,4)     -4.98687 -8.59176e-006
ln_F(136,5)     -3.19672  3.9212e-006
ln_F(136,6)     -3.18575 1.59856e-005
ln_F(136,7)     -4.80852 -4.26334e-006
ln_F(137,1)     -4.91909 1.38919e-005
ln_F(137,2)     -5.36407 2.48428e-005
ln_F(137,3)     -5.56042 2.24168e-005
ln_F(137,4)     -5.23579 -2.92262e-005
ln_F(137,5)     -4.45685 2.92423e-005
ln_F(137,6)     -4.02859 -1.65288e-006
ln_F(137,7)     -4.70036 1.14013e-005
ln_F(138,1)     -4.49694 8.72091e-006
ln_F(138,2)     -5.91189 1.28098e-005
ln_F(138,3)     -6.41453 -6.66357e-006
ln_F(138,4)     -5.12444 -2.57017e-006
ln_F(138,5)     -4.47297 1.62583e-005
ln_F(138,6)     -3.46844 -2.68325e-006
ln_F(138,7)     -4.71745 -3.05452e-006
ln_F(139,1)     -4.56171 2.69954e-005
ln_F(139,2)     -5.32951 9.13547e-006
ln_F(139,3)     -6.13888   1.275e-005
ln_F(139,4)     -5.06892 -1.64697e-005
ln_F(139,5)     -4.05996 4.28926e-006
ln_F(139,6)     -3.36973 -1.59613e-005
ln_F(139,7)     -4.74194 1.03781e-005
ln_F(140,1)     -4.86612 -7.81907e-006
ln_F(140,2)     -5.20623 -7.72965e-007
ln_F(140,3)     -5.51202 -3.13988e-006
ln_F(140,4)      -5.2209 7.23765e-007
ln_F(140,5)      -3.8547 -4.42309e-006
ln_F(140,6)     -2.98908 -3.23526e-006
ln_F(140,7)     -4.61701 4.18637e-006
ln_F(141,1)     -5.03445 -5.55134e-006
ln_F(141,2)     -5.97748 -1.15544e-005
ln_F(141,3)     -5.79381 2.87161e-005
ln_F(141,4)     -5.44547 -5.84631e-006
ln_F(141,5)     -4.54532 5.60973e-006
ln_F(141,6)     -3.79294 1.07982e-005
ln_F(141,7)      -4.8241 -1.23905e-005
ln_F(142,1)     -4.62523 5.22187e-006
ln_F(142,2)     -6.02501 2.24908e-005
ln_F(142,3)     -5.47837 1.32368e-005
ln_F(142,4)     -5.23003 -1.77838e-005
ln_F(142,5)     -4.07534 -9.14418e-006
ln_F(142,6)     -2.92192 -4.66892e-006
ln_F(142,7)     -4.72024 9.73758e-006
ln_F(143,1)     -3.99635 2.16519e-005
ln_F(143,2)     -3.94003 2.49917e-005
ln_F(143,3)     -4.82351 2.19596e-005
ln_F(143,4)     -4.92705 2.12039e-005
ln_F(143,5)     -3.71755  1.0616e-006
ln_F(143,6)     -3.03931 1.39481e-005
ln_F(143,7)     -3.57631 1.55497e-006
ln_F(144,1)     -4.50616 2.85669e-005
ln_F(144,2)     -3.94246 2.75166e-005
ln_F(144,3)     -5.01071 1.00808e-005
ln_F(144,4)     -5.09598 -8.98598e-007
ln_F(144,5)     -4.32616 1.06347e-005
ln_F(144,6)     -2.96856 -3.48669e-006
ln_F(144,7)     -3.69973   1.383e-005
ln_F(145,1)     -4.27577 6.87939e-006
ln_F(145,2)     -3.71796 1.18253e-005
ln_F(145,3)     -6.00289 -6.91199e-006
ln_F(145,4)     -4.93646 -1.70163e-005
ln_F(145,5)     -4.09946  2.2364e-005
ln_F(145,6)     -3.74393 6.18227e-006
ln_F(145,7)      -3.8323 1.50388e-005
ln_F(146,1)     -4.58585 4.77903e-005
ln_F(146,2)     -4.12715  1.8273e-005
ln_F(146,3)     -5.46137 -1.54094e-005
ln_F(146,4)     -5.17071 -5.33567e-006
ln_F(146,5)       -4.353 2.26541e-005
ln_F(146,6)     -3.11179 1.56696e-005
ln_F(146,7)     -3.78415 1.89646e-005
ln_F(147,1)     -4.41303 2.28509e-005
ln_F(147,2)     -3.23914 1.06216e-005
ln_F(147,3)     -5.04338 4.08783e-006
ln_F(147,4)     -4.93845 9.70544e-006
ln_F(147,5)     -4.35988 3.35028e-005
ln_F(147,6)     -3.23254 7.02989e-007
ln_F(147,7)     -3.77915 -7.89984e-006
ln_F(148,1)     -4.52193 3.63544e-005
ln_F(148,2)     -2.70108 1.60989e-005
ln_F(148,3)     -4.61319 1.32263e-006
ln_F(148,4)     -5.10732 3.30251e-006
ln_F(148,5)     -4.52068 3.40908e-005
ln_F(148,6)     -3.17022 6.23421e-007
ln_F(148,7)     -4.26948 -5.60785e-006
ln_F(149,1)     -4.72377 1.76897e-005
ln_F(149,2)     -5.14198 2.74854e-005
ln_F(149,3)     -5.65326 3.01408e-005
ln_F(149,4)     -5.30154 2.73366e-005
ln_F(149,5)      -4.8328 3.04357e-005
ln_F(149,6)      -3.8035 -2.5317e-005
ln_F(149,7)     -4.66106 4.12145e-006
ln_F(150,1)      -4.4923 1.13536e-005
ln_F(150,2)     -5.47493  2.4877e-005
ln_F(150,3)     -5.57492 1.55827e-005
ln_F(150,4)     -5.23471 8.66892e-006
ln_F(150,5)     -4.90386 -1.1678e-005
ln_F(150,6)     -3.28946 -6.89611e-006
ln_F(150,7)     -4.54482 -1.19675e-005
ln_F(151,1)     -4.63354 2.22688e-005
ln_F(151,2)     -4.63306 1.03384e-005
ln_F(151,3)     -5.74046 1.35387e-006
ln_F(151,4)     -5.15539 7.82253e-006
ln_F(151,5)     -4.04221 -1.0978e-005
ln_F(151,6)     -3.11476 -1.78411e-005
ln_F(151,7)     -4.63224 1.33601e-005
ln_init_abund(1,1)           10 -3.58837e-006
ln_init_abund(1,2)           10 -6.89211e-005
ln_init_abund(1,3)           10   0.00235286
ln_init_abund(1,4)           10  0.000262678
ln_init_abund(1,5)           10 -7.75888e-006
ln_init_abund(1,6)           10 2.67936e-005
ln_init_abund(1,7)      9.93582 1.80772e-005
ln_init_abund(1,8)      9.77428 -3.71416e-005
ln_init_abund(1,9)      9.61782 -7.88799e-005
ln_init_abund(1,10)      9.54304 -3.69629e-005
ln_init_abund(1,11)       9.4696 -7.18243e-005
ln_init_abund(1,12)      9.35929 7.23399e-006
ln_init_abund(1,13)      9.22563 -5.08204e-005
ln_init_abund(1,14)      9.09324 -3.69419e-005
ln_init_abund(1,15)      8.91698 -2.95845e-005
ln_init_abund(1,16)      8.76266 -2.1592e-005
ln_init_abund(1,17)      8.65597 -6.5232e-005
ln_init_abund(1,18)      8.48588 -2.79725e-005
ln_init_abund(1,19)      8.39637 -1.92295e-005
ln_init_abund(1,20)       8.2494 -9.72117e-006
ln_init_abund(1,21)      8.17126 3.20322e-005
ln_init_abund(1,22)      8.06971 -1.83122e-005
ln_init_abund(1,23)      7.94299 2.59232e-006
ln_init_abund(1,24)      7.73968 -4.14419e-005
ln_init_abund(1,25)      7.33197 -3.78174e-005
ln_init_abund(1,26)       7.2351 -3.25534e-005
ln_init_abund(1,27)       7.2359 7.57627e-007
