ParName   Value   Gradient
ln_R_ave(1)      11.6819 4.17673e-006
ln_rec_devs(1,1)    0.0860037 -4.15844e-006
ln_rec_devs(1,2)    -0.243312 -2.16011e-006
ln_rec_devs(1,3)    -0.702593 -1.78244e-006
ln_rec_devs(1,4)    -0.180871 -1.90904e-006
ln_rec_devs(1,5)      0.53077 -3.89781e-006
ln_rec_devs(1,6)    -0.202156 2.27007e-006
ln_rec_devs(1,7)      0.20054 -1.21077e-006
ln_rec_devs(1,8)     0.501216 -1.60614e-006
ln_rec_devs(1,9)     0.564877 4.56981e-007
ln_rec_devs(1,10)     0.358772 -1.4578e-006
ln_rec_devs(1,11)     0.475212 -3.02152e-006
ln_rec_devs(1,12)     -0.30237 1.06165e-006
ln_rec_devs(1,13)     0.127382 2.53752e-006
ln_rec_devs(1,14)   -0.0247869 1.34696e-006
ln_rec_devs(1,15)    -0.069238 -4.99089e-006
ln_rec_devs(1,16)    -0.398175 3.99649e-007
ln_rec_devs(1,17)   -0.0136041 -4.2246e-006
ln_rec_devs(1,18)    0.0100082 -3.91713e-006
ln_rec_devs(1,19)   -0.0549071 -1.18511e-006
ln_rec_devs(1,20)    0.0278688 4.45634e-006
ln_rec_devs(1,21)     0.298981 5.27097e-006
ln_rec_devs(1,22)     0.122669 1.11864e-005
ln_rec_devs(1,23)     0.327866 1.20324e-005
ln_rec_devs(1,24)   -0.0939438  3.9871e-006
ln_rec_devs(1,25)   -0.0723908 5.28939e-006
ln_rec_devs(1,26)   -0.0713713 1.68318e-006
ln_rec_devs(1,27)    -0.313929 3.92489e-006
ln_rec_devs(1,28)      -0.3179 -1.54136e-006
ln_rec_devs(1,29)    -0.222088 -3.77965e-006
ln_rec_devs(1,30)    -0.101889 -3.62134e-006
ln_rec_devs(1,31)      0.25294 -3.24894e-006
ln_rec_devs(1,32)       0.1095 -4.98332e-006
ln_rec_devs(1,33)     0.184386 -3.0949e-006
ln_rec_devs(1,34)    0.0151209 -7.69994e-008
ln_rec_devs(1,35)    -0.329655 3.19597e-006
ln_rec_devs(1,36)    -0.212416 2.96067e-006
ln_rec_devs(1,37)    -0.451327 5.85601e-006
ln_rec_devs(1,38)    -0.240624 3.23568e-006
ln_rec_devs(1,39)    0.0409838 4.98154e-006
ln_rec_devs(1,40)    0.0318251 7.67587e-006
ln_rec_devs(1,41)     0.384148 -1.13471e-005
ln_rec_devs(1,42)    0.0718248 2.22068e-007
ln_rec_devs(1,43)     0.259454 -1.17908e-005
ln_rec_devs(1,44)    -0.192066 -8.2247e-007
ln_rec_devs(1,45)   -0.0374793 -3.71175e-006
ln_rec_devs(1,46)   -0.0777887 8.24325e-007
ln_rec_devs(1,47)     0.109472 -9.5131e-006
ln_rec_devs(1,48)    -0.445078 -9.50465e-007
ln_rec_devs(1,49)    -0.236997 -6.31513e-006
ln_rec_devs(1,50)     0.428169 -4.35826e-006
ln_rec_devs(1,51)     0.368816 -4.73677e-006
ln_rec_devs(1,52)   0.00960858 -3.73733e-006
ln_rec_devs(1,53)    0.0381361 -5.86665e-006
ln_rec_devs(1,54)   -0.0769303 -4.69471e-006
ln_rec_devs(1,55)    0.0315672 -2.33377e-006
ln_rec_devs(1,56)     0.140347 1.24606e-005
ln_rec_devs(1,57)    -0.103856 1.37211e-005
ln_rec_devs(1,58)    -0.419373 8.04018e-006
ln_rec_devs(1,59)    -0.540244 6.23373e-006
ln_rec_devs(1,60)    -0.379109 3.46037e-006
ln_rec_devs(1,61)    -0.364075 3.72845e-006
ln_rec_devs(1,62)    0.0936179 2.61353e-006
ln_rec_devs(1,63)    0.0375687 4.46854e-006
ln_rec_devs(1,64)   -0.0969071 2.55059e-006
ln_rec_devs(1,65)   -0.0308319 2.91037e-006
ln_rec_devs(1,66)   -0.0609576 6.33048e-006
ln_rec_devs(1,67)    -0.101653 3.81529e-006
ln_rec_devs(1,68)     0.537052 1.57946e-005
ln_rec_devs(1,69)      0.29785 1.25909e-005
ln_rec_devs(1,70)      0.44726 1.35881e-005
ln_rec_devs(1,71)     0.253661 9.14891e-006
ln_rec_devs(1,72)     0.712651 1.50958e-005
ln_rec_devs(1,73)     0.359496 2.42498e-006
ln_rec_devs(1,74)     0.127553 3.07208e-006
ln_rec_devs(1,75)   -0.0128345 4.80156e-006
ln_rec_devs(1,76)  -0.00099894 6.83374e-007
ln_rec_devs(1,77)    -0.315105 -2.00036e-007
ln_rec_devs(1,78)      0.21743 1.19885e-006
ln_rec_devs(1,79)    0.0793306 -6.46775e-007
ln_rec_devs(1,80)     0.335206 7.13588e-006
ln_rec_devs(1,81)     0.466301 9.78933e-006
ln_rec_devs(1,82)    0.0534538 3.04322e-006
ln_rec_devs(1,83)    -0.178247  2.3288e-006
ln_rec_devs(1,84)   -0.0563954 4.42489e-006
ln_rec_devs(1,85)     0.119063 -4.40054e-006
ln_rec_devs(1,86)     0.297456 -8.94353e-006
ln_rec_devs(1,87)   -0.0482307 -8.66017e-006
ln_rec_devs(1,88)     0.160532 -4.83636e-006
ln_rec_devs(1,89)    -0.141388 -1.15242e-006
ln_rec_devs(1,90)     0.294291 6.02046e-007
ln_rec_devs(1,91)     0.381823 -3.6834e-006
ln_rec_devs(1,92)     0.226854 4.37876e-006
ln_rec_devs(1,93)     0.419406 -7.0095e-007
ln_rec_devs(1,94)     0.164298 -2.45734e-006
ln_rec_devs(1,95)     0.410281 -7.77834e-006
ln_rec_devs(1,96)     0.129016 -6.24175e-006
ln_rec_devs(1,97)     0.382291 -9.2076e-006
ln_rec_devs(1,98)   -0.0592054 -4.74435e-006
ln_rec_devs(1,99)   -0.0410319 -2.62302e-006
ln_rec_devs(1,100)    -0.247967 -1.66338e-006
ln_rec_devs(1,101)    -0.142166 -6.92818e-006
ln_rec_devs(1,102)     0.269046 -5.28821e-006
ln_rec_devs(1,103)    0.0271416 -3.9768e-006
ln_rec_devs(1,104)    -0.154249 -6.52008e-006
ln_rec_devs(1,105)     0.125589 5.62437e-006
ln_rec_devs(1,106)    -0.314434 -3.50606e-007
ln_rec_devs(1,107)    -0.351358 -3.58374e-006
ln_rec_devs(1,108)     0.121526 -1.4155e-005
ln_rec_devs(1,109)     0.323353 -1.08494e-005
ln_rec_devs(1,110)      0.26183 -9.17938e-006
ln_rec_devs(1,111)     0.500123 -1.88142e-005
ln_rec_devs(1,112)     0.263533 -6.17458e-006
ln_rec_devs(1,113)     0.531517 -5.63267e-006
ln_rec_devs(1,114)     0.394048 -2.31659e-006
ln_rec_devs(1,115)    0.0370068 -4.42529e-006
ln_rec_devs(1,116)   -0.0286173 -2.73921e-006
ln_rec_devs(1,117)   -0.0977443 2.06376e-006
ln_rec_devs(1,118)   0.00580219 2.80808e-006
ln_rec_devs(1,119)     0.145618 6.26416e-006
ln_rec_devs(1,120)    -0.177613 1.25757e-006
ln_rec_devs(1,121)     -0.18809  1.5405e-006
ln_rec_devs(1,122)    -0.272793 -3.42933e-006
ln_rec_devs(1,123)    -0.450039  4.4412e-007
ln_rec_devs(1,124)    -0.513294 -5.75422e-006
ln_rec_devs(1,125)  -0.00372363 -8.53458e-006
ln_rec_devs(1,126)  -0.00917178 -3.09982e-006
ln_rec_devs(1,127)     0.091401 -2.59894e-006
ln_rec_devs(1,128)    -0.436378 -6.61871e-007
ln_rec_devs(1,129)     0.106646 -1.76112e-006
ln_rec_devs(1,130)   -0.0670617 -2.67146e-006
ln_rec_devs(1,131)   -0.0844519 -6.30943e-007
ln_rec_devs(1,132)     0.205188 -2.07299e-006
ln_rec_devs(1,133)     0.120975 -6.96425e-007
ln_rec_devs(1,134)     0.188373 1.67723e-006
ln_rec_devs(1,135)     0.683558 -2.89886e-006
ln_rec_devs(1,136)     0.221538 2.54393e-006
ln_rec_devs(1,137)     0.224214 2.55454e-006
ln_rec_devs(1,138)   -0.0781087 2.53333e-006
ln_rec_devs(1,139)     0.251244 5.23741e-006
ln_rec_devs(1,140)     0.418438 -5.47022e-006
ln_rec_devs(1,141)     0.435426 -4.23518e-008
ln_rec_devs(1,142)     0.518354 3.76387e-006
ln_rec_devs(1,143)     0.401478 1.49148e-006
ln_rec_devs(1,144)     0.435685 1.01575e-006
ln_rec_devs(1,145)    0.0227855 1.67032e-007
ln_rec_devs(1,146)   -0.0492196 1.79377e-007
ln_rec_devs(1,147)      0.25241 4.35939e-007
ln_rec_devs(1,148)    -0.239225 -3.12543e-007
ln_rec_devs(1,149)     -0.15033 5.23158e-007
ln_rec_devs(1,150)   -0.0569442 -8.73125e-008
ln_T_YR_AGE_ALT_FREQ(1,1)     -1.44303 6.96435e-007
ln_T_YR_AGE_ALT_FREQ(2,1)     -1.56079 -1.57777e-007
ln_T_YR_AGE_ALT_FREQ(3,1)     -2.17861 7.53121e-006
ln_T_YR_AGE_ALT_FREQ(4,1)   -0.0326373 3.84885e-006
ln_T_YR_AGE_ALT_FREQ(5,1)     -1.07448 1.22632e-008
ln_T_YR_AGE_ALT_FREQ(6,1)     -1.85504 -3.60868e-006
ln_T_YR_AGE_ALT_FREQ(7,1)     -2.11834 -1.32623e-006
ln_T_YR_AGE_ALT_FREQ(8,1)    -0.619375 1.37021e-007
ln_T_YR_AGE_ALT_FREQ(9,1)     -1.06783 5.79144e-006
ln_T_YR_AGE_ALT_FREQ(10,1)     -1.87041 -7.42666e-006
ln_T_YR_AGE_ALT_FREQ(11,1)     -2.31285 4.94761e-006
ln_T_YR_AGE_ALT_FREQ(12,1)    -0.888611 -7.71896e-006
ln_T_YR_AGE_ALT_FREQ(13,1)     -1.17975 6.06173e-006
ln_T_YR_AGE_ALT_FREQ(14,1)     -1.64106 -6.65891e-006
ln_T_YR_AGE_ALT_FREQ(15,1)      -2.5716 1.52914e-006
ln_T_YR_AGE_ALT_FREQ(16,1)     -1.57962 8.24729e-008
ln_T_YR_AGE_ALT_FREQ(17,1)     -1.88798  1.1189e-005
ln_T_YR_AGE_ALT_FREQ(18,1)     -0.63555 -2.89078e-006
ln_T_YR_AGE_ALT_FREQ(19,1)     -2.34953 5.41858e-006
ln_T_YR_AGE_ALT_FREQ(20,1)     -1.48138 -4.96296e-006
ln_T_YR_AGE_ALT_FREQ(21,1)     -1.84866 5.82433e-006
ln_T_YR_AGE_ALT_FREQ(22,1)     -1.14128 -4.3725e-006
ln_T_YR_AGE_ALT_FREQ(23,1)     -2.00281 5.52086e-006
ln_T_YR_AGE_ALT_FREQ(24,1)     -1.23925 -6.74312e-006
ln_T_YR_AGE_ALT_FREQ(25,1)     -1.13038 4.05775e-006
ln_T_YR_AGE_ALT_FREQ(26,1)     -1.66646 -7.10193e-006
ln_T_YR_AGE_ALT_FREQ(27,1)     -1.97918 2.83605e-006
ln_T_YR_AGE_ALT_FREQ(28,1)    -0.934398 -5.06174e-006
ln_T_YR_AGE_ALT_FREQ(29,1)     -1.85586 4.43775e-006
ln_T_YR_AGE_ALT_FREQ(30,1)     -1.00757 -4.83371e-006
ln_T_YR_AGE_ALT_FREQ(31,1)     -1.62584 2.72474e-006
ln_T_YR_AGE_ALT_FREQ(32,1)    -0.783612 -1.16274e-006
ln_T_YR_AGE_ALT_FREQ(33,1)     -1.76236 5.60289e-007
ln_T_YR_AGE_ALT_FREQ(34,1)     -1.31759 -6.22026e-006
ln_T_YR_AGE_ALT_FREQ(35,1)     -1.77464 3.59102e-007
ln_T_YR_AGE_ALT_FREQ(36,1)     -1.08287 -3.89708e-006
ln_T_YR_AGE_ALT_FREQ(37,1)     -1.10394  5.5537e-007
ln_T_YR_AGE_ALT_FREQ(38,1)     -1.74144  -2.069e-007
ln_T_YR_AGE_ALT_FREQ(39,1)     -2.12713 2.60007e-006
ln_T_YR_AGE_ALT_FREQ(40,1)     -0.81269 -1.83764e-006
ln_T_YR_AGE_ALT_FREQ(41,1)     -1.83992  6.4074e-007
ln_T_YR_AGE_ALT_FREQ(42,1)     -1.12421 6.56142e-006
ln_T_YR_AGE_ALT_FREQ(43,1)     -2.10842 -2.70702e-008
ln_T_YR_AGE_ALT_FREQ(44,1)     -1.04926 -8.52967e-007
ln_T_YR_AGE_ALT_FREQ(45,1)     -1.66139 1.93152e-006
ln_T_YR_AGE_ALT_FREQ(46,1)     -1.43394  -1.006e-006
ln_T_YR_AGE_ALT_FREQ(47,1)     -1.99559 5.24819e-006
ln_T_YR_AGE_ALT_FREQ(48,1)     -0.86371 -5.88569e-006
ln_T_YR_AGE_ALT_FREQ(49,1)     -1.83719 1.52765e-006
ln_T_YR_AGE_ALT_FREQ(50,1)      -1.1409 -1.44347e-006
ln_T_YR_AGE_ALT_FREQ(51,1)     -1.97403 2.37168e-006
ln_T_YR_AGE_ALT_FREQ(52,1)    -0.956549 -5.26215e-006
ln_T_YR_AGE_ALT_FREQ(53,1)     -1.56675 9.22458e-007
ln_T_YR_AGE_ALT_FREQ(54,1)     -1.51714 -4.34018e-008
ln_T_YR_AGE_ALT_FREQ(55,1)     -1.92457 2.74678e-006
ln_T_YR_AGE_ALT_FREQ(56,1)    -0.972215 -3.23494e-006
ln_T_YR_AGE_ALT_FREQ(57,1)    -0.494541 -1.8256e-006
ln_T_YR_AGE_ALT_FREQ(58,1)     -2.08337 8.35031e-007
ln_T_YR_AGE_ALT_FREQ(59,1)     -1.96259 8.71664e-007
ln_T_YR_AGE_ALT_FREQ(60,1)    -0.654215 5.79589e-007
ln_T_YR_AGE_ALT_FREQ(61,1)     -1.37087 -2.0085e-006
ln_T_YR_AGE_ALT_FREQ(62,1)     -1.71374 2.98169e-006
ln_T_YR_AGE_ALT_FREQ(63,1)     -2.26117 -5.1858e-007
ln_T_YR_AGE_ALT_FREQ(64,1)     -1.25509 3.38355e-006
ln_T_YR_AGE_ALT_FREQ(65,1)     -1.47051 -1.20504e-006
ln_T_YR_AGE_ALT_FREQ(66,1)     -1.58612 1.92596e-006
ln_T_YR_AGE_ALT_FREQ(67,1)     -2.39612 -1.27172e-006
ln_T_YR_AGE_ALT_FREQ(68,1)     -1.07518 4.76947e-006
ln_T_YR_AGE_ALT_FREQ(69,1)    -0.673312 -2.85634e-006
ln_T_YR_AGE_ALT_FREQ(70,1)     -2.09081 1.15089e-006
ln_T_YR_AGE_ALT_FREQ(71,1)     -2.19427 -1.33696e-006
ln_T_YR_AGE_ALT_FREQ(72,1)    -0.473877 6.10403e-006
ln_T_YR_AGE_ALT_FREQ(73,1)     -1.10804 -7.08311e-007
ln_T_YR_AGE_ALT_FREQ(74,1)     -1.92586 2.35416e-006
ln_T_YR_AGE_ALT_FREQ(75,1)      -2.2287 -1.71987e-006
ln_T_YR_AGE_ALT_FREQ(76,1)     -1.33405 9.25833e-007
ln_T_YR_AGE_ALT_FREQ(77,1)     -1.59182 -7.40705e-007
ln_T_YR_AGE_ALT_FREQ(78,1)    -0.677689 2.81838e-006
ln_T_YR_AGE_ALT_FREQ(79,1)     -2.09913 -3.08503e-006
ln_T_YR_AGE_ALT_FREQ(80,1)     -1.38761 3.35558e-006
ln_T_YR_AGE_ALT_FREQ(81,1)    -0.283391 2.51614e-006
ln_T_YR_AGE_ALT_FREQ(82,1)     -2.28389 -1.0198e-006
ln_T_YR_AGE_ALT_FREQ(83,1)     -1.64287 -3.34356e-006
ln_T_YR_AGE_ALT_FREQ(84,1)     -0.41559 7.21346e-006
ln_T_YR_AGE_ALT_FREQ(85,1)     -1.78215  2.8004e-006
ln_T_YR_AGE_ALT_FREQ(86,1)     -1.44671 -2.11228e-006
ln_T_YR_AGE_ALT_FREQ(87,1)     -2.32745 4.04397e-006
ln_T_YR_AGE_ALT_FREQ(88,1)     -1.54231 1.09567e-006
ln_T_YR_AGE_ALT_FREQ(89,1)     -1.44073 9.39971e-007
ln_T_YR_AGE_ALT_FREQ(90,1)      -1.5489 2.71098e-006
ln_T_YR_AGE_ALT_FREQ(91,1)     -2.32059 -1.56856e-006
ln_T_YR_AGE_ALT_FREQ(92,1)     -1.18572 7.51719e-006
ln_T_YR_AGE_ALT_FREQ(93,1)     -1.47924 -8.42652e-006
ln_T_YR_AGE_ALT_FREQ(94,1)     -1.28995 4.77438e-006
ln_T_YR_AGE_ALT_FREQ(95,1)     -1.95521 -2.39249e-006
ln_T_YR_AGE_ALT_FREQ(96,1)     -1.00324 3.68739e-006
ln_T_YR_AGE_ALT_FREQ(97,1)     -0.86264 -7.98409e-006
ln_T_YR_AGE_ALT_FREQ(98,1)     -2.04093 3.27686e-006
ln_T_YR_AGE_ALT_FREQ(99,1)     -2.24791 -1.74848e-006
ln_T_YR_AGE_ALT_FREQ(100,1)     -1.16219 2.73037e-006
ln_T_YR_AGE_ALT_FREQ(101,1)     -1.90755 -1.17314e-007
ln_T_YR_AGE_ALT_FREQ(102,1)      -1.9347 2.48814e-006
ln_T_YR_AGE_ALT_FREQ(103,1)     -1.82862 9.17277e-007
ln_T_YR_AGE_ALT_FREQ(104,1)    -0.818516 -1.32714e-006
ln_T_YR_AGE_ALT_FREQ(105,1)     -2.16748 4.75234e-007
ln_T_YR_AGE_ALT_FREQ(106,1)     -2.14266 -8.16092e-007
ln_T_YR_AGE_ALT_FREQ(107,1)     -2.00609 1.34384e-006
ln_T_YR_AGE_ALT_FREQ(108,1)     -1.35154 -3.18785e-006
ln_T_YR_AGE_ALT_FREQ(109,1)     -1.91017 -1.04368e-006
ln_T_YR_AGE_ALT_FREQ(110,1)     -1.62001 -8.59087e-007
ln_T_YR_AGE_ALT_FREQ(111,1)     -2.03757 1.14704e-007
ln_T_YR_AGE_ALT_FREQ(112,1)    -0.954242 7.58065e-007
ln_T_YR_AGE_ALT_FREQ(113,1)     -1.67662 -6.26327e-006
ln_T_YR_AGE_ALT_FREQ(114,1)     -1.61933  5.2744e-007
ln_T_YR_AGE_ALT_FREQ(115,1)     -2.16098 -1.1525e-006
ln_T_YR_AGE_ALT_FREQ(116,1)     -1.08453  1.5333e-006
ln_T_YR_AGE_ALT_FREQ(117,1)     -1.81471 -7.97538e-006
ln_T_YR_AGE_ALT_FREQ(118,1)     -1.37371 5.05911e-006
ln_T_YR_AGE_ALT_FREQ(119,1)     -1.88117 -3.44175e-006
ln_T_YR_AGE_ALT_FREQ(120,1)     -1.11508  5.8608e-006
ln_T_YR_AGE_ALT_FREQ(121,1)     -1.90674 4.27085e-006
ln_T_YR_AGE_ALT_FREQ(122,1)     -1.80127 3.15371e-007
ln_T_YR_AGE_ALT_FREQ(123,1)     -1.96999 -2.24278e-006
ln_T_YR_AGE_ALT_FREQ(124,1)     -1.35692 3.90245e-006
ln_T_YR_AGE_ALT_FREQ(125,1)     -1.73664 1.10888e-006
ln_T_YR_AGE_ALT_FREQ(126,1)      -2.0864 -1.74704e-006
ln_T_YR_AGE_ALT_FREQ(127,1)     -2.12739 -3.86011e-007
ln_T_YR_AGE_ALT_FREQ(128,1)    -0.762395 -1.82072e-007
ln_T_YR_AGE_ALT_FREQ(129,1)     -2.25683 2.02804e-006
ln_T_YR_AGE_ALT_FREQ(130,1)      -1.5404 -9.41502e-007
ln_T_YR_AGE_ALT_FREQ(131,1)     -2.28431 -1.39563e-006
ln_T_YR_AGE_ALT_FREQ(132,1)     -1.10762 9.87248e-007
ln_T_YR_AGE_ALT_FREQ(133,1)     -2.22665 3.51879e-006
ln_T_YR_AGE_ALT_FREQ(134,1)      -1.2231 -4.04234e-006
ln_T_YR_AGE_ALT_FREQ(135,1)     -2.44773 9.54494e-007
ln_T_YR_AGE_ALT_FREQ(136,1)     -1.34404 -3.22396e-006
ln_T_YR_AGE_ALT_FREQ(137,1)     -1.55511 -1.64449e-006
ln_T_YR_AGE_ALT_FREQ(138,1)     -1.42851 -2.19023e-006
ln_T_YR_AGE_ALT_FREQ(139,1)     -2.10162  1.4834e-006
ln_T_YR_AGE_ALT_FREQ(140,1)    -0.760075 -1.85679e-006
ln_T_YR_AGE_ALT_FREQ(141,1)     -1.52784 -9.31266e-006
ln_T_YR_AGE_ALT_FREQ(142,1)     -1.45287 4.38693e-006
ln_T_YR_AGE_ALT_FREQ(143,1)     -2.22643 -1.55687e-006
ln_T_YR_AGE_ALT_FREQ(144,1)    -0.581462 2.76202e-006
ln_T_YR_AGE_ALT_FREQ(145,1)     -2.04275 -6.74482e-006
ln_T_YR_AGE_ALT_FREQ(146,1)     -1.39471 5.16217e-006
ln_T_YR_AGE_ALT_FREQ(147,1)     -2.14536 -2.95895e-006
ln_T_YR_AGE_ALT_FREQ(148,1)     -1.34872  5.4565e-007
ln_T_YR_AGE_ALT_FREQ(149,1)     -1.42789 -2.1947e-006
ln_T_YR_AGE_ALT_FREQ(150,1)     -1.78044  7.4026e-007
ln_T_YR_AGE_ALT_FREQ(151,1)     -2.19137 6.89355e-007
ln_T_YR_AGE_ALT_FREQ(152,1)     -0.81854 6.09496e-008
ln_T_YR_AGE_ALT_FREQ(153,1)     -1.36248 2.65452e-006
ln_T_YR_AGE_ALT_FREQ(154,1)      -1.4846 4.13775e-007
ln_T_YR_AGE_ALT_FREQ(155,1)     -2.09178 -1.50482e-006
ln_T_YR_AGE_ALT_FREQ(156,1)    -0.772819 1.96349e-006
ln_T_YR_AGE_ALT_FREQ(157,1)     -1.75817 -6.69615e-007
ln_T_YR_AGE_ALT_FREQ(158,1)     -1.36188 -1.23093e-006
ln_T_YR_AGE_ALT_FREQ(159,1)     -2.28219 1.20959e-006
ln_T_YR_AGE_ALT_FREQ(160,1)     -1.20943 -6.5276e-006
ln_T_YR_AGE_ALT_FREQ(161,1)      -1.3596 -8.46528e-006
ln_T_YR_AGE_ALT_FREQ(162,1)      -1.8878 4.14416e-006
ln_T_YR_AGE_ALT_FREQ(163,1)      -2.1718 -2.76206e-006
ln_T_YR_AGE_ALT_FREQ(164,1)    -0.503368 9.47844e-006
ln_T_YR_AGE_ALT_FREQ(165,1)     -2.16428 -3.76131e-006
ln_T_YR_AGE_ALT_FREQ(166,1)    -0.537228 1.22354e-005
ln_T_YR_AGE_ALT_FREQ(167,1)     -2.44941 -3.06614e-006
ln_T_YR_AGE_ALT_FREQ(168,1)     -1.62116 6.23974e-006
ln_T_YR_AGE_ALT_FREQ(169,1)     -1.58552 -3.44075e-006
ln_T_YR_AGE_ALT_FREQ(170,1)     -1.38033 3.97469e-006
ln_T_YR_AGE_ALT_FREQ(171,1)     -2.17658 -3.7411e-006
ln_T_YR_AGE_ALT_FREQ(172,1)    -0.786077 5.66766e-006
ln_T_YR_AGE_ALT_FREQ(173,1)     -1.43935 -1.79918e-007
ln_T_YR_AGE_ALT_FREQ(174,1)     -1.24498 6.70731e-008
ln_T_YR_AGE_ALT_FREQ(175,1)     -1.95773 -2.55757e-006
ln_T_YR_AGE_ALT_FREQ(176,1)    -0.939981 2.97886e-006
ln_T_YR_AGE_ALT_FREQ(177,1)     -1.17183 4.31153e-006
ln_T_YR_AGE_ALT_FREQ(178,1)     -1.58525 4.64652e-007
ln_T_YR_AGE_ALT_FREQ(179,1)     -2.17751 -9.4786e-007
ln_T_YR_AGE_ALT_FREQ(180,1)    -0.614759 2.94452e-006
ln_T_YR_AGE_ALT_FREQ(181,1)     -2.09985 2.81848e-006
ln_T_YR_AGE_ALT_FREQ(182,1)    -0.889215 -6.00675e-006
ln_T_YR_AGE_ALT_FREQ(183,1)      -2.3196  7.8609e-007
ln_T_YR_AGE_ALT_FREQ(184,1)     -1.52396 1.30782e-006
ln_T_YR_AGE_ALT_FREQ(185,1)     -1.72934 7.07653e-006
ln_T_YR_AGE_ALT_FREQ(186,1)    -0.946669 -5.81225e-006
ln_T_YR_AGE_ALT_FREQ(187,1)     -2.12249 5.83739e-006
ln_T_YR_AGE_ALT_FREQ(188,1)    -0.885956 -6.08775e-006
ln_T_YR_AGE_ALT_FREQ(189,1)     -1.59923  4.4893e-006
ln_T_YR_AGE_ALT_FREQ(190,1)    -0.911902 -4.20869e-006
ln_T_YR_AGE_ALT_FREQ(191,1)     -1.97809 5.19194e-006
ln_T_YR_AGE_ALT_FREQ(192,1)     -1.17986 -4.99684e-006
ln_T_YR_AGE_ALT_FREQ(193,1)     -1.54115 5.04417e-006
ln_T_YR_AGE_ALT_FREQ(194,1)     -1.34874 -1.89577e-006
ln_T_YR_AGE_ALT_FREQ(195,1)     -1.95637  2.3565e-006
ln_T_YR_AGE_ALT_FREQ(196,1)    -0.939558 -5.62719e-006
ln_T_YR_AGE_ALT_FREQ(197,1)      -1.9134 -2.71566e-007
ln_T_YR_AGE_ALT_FREQ(198,1)     -1.18721 7.20435e-007
ln_T_YR_AGE_ALT_FREQ(199,1)     -1.93856 -1.46938e-007
ln_T_YR_AGE_ALT_FREQ(200,1)     -1.07295 -2.52993e-006
ln_T_YR_AGE_ALT_FREQ(201,1)     -2.18647 1.09826e-006
ln_T_YR_AGE_ALT_FREQ(202,1)    -0.408279 1.47599e-006
ln_T_YR_AGE_ALT_FREQ(203,1)     -1.78432 -1.15315e-006
ln_T_YR_AGE_ALT_FREQ(204,1)     -1.39998 2.99565e-006
ln_T_YR_AGE_ALT_FREQ(205,1)    -0.574389 5.27369e-007
ln_T_YR_AGE_ALT_FREQ(206,1)     -1.80148 -4.98261e-006
ln_T_YR_AGE_ALT_FREQ(207,1)     -2.07368 2.79723e-006
ln_T_YR_AGE_ALT_FREQ(208,1)    -0.752436 -1.3021e-005
ln_T_YR_AGE_ALT_FREQ(209,1)     -1.43159 -3.15488e-006
ln_T_YR_AGE_ALT_FREQ(210,1)        -1.26 -3.25127e-007
ln_T_YR_AGE_ALT_FREQ(211,1)      -2.0214 1.34281e-006
ln_T_YR_AGE_ALT_FREQ(212,1)     -1.23058 -9.50901e-006
ln_T_YR_AGE_ALT_FREQ(213,1)     -1.64768 -2.61268e-006
ln_T_YR_AGE_ALT_FREQ(214,1)      -1.4301 -2.93206e-006
ln_T_YR_AGE_ALT_FREQ(215,1)     -1.63553 -3.01369e-007
ln_T_YR_AGE_ALT_FREQ(216,1)    -0.826039 -7.49188e-006
ln_T_YR_AGE_ALT_FREQ(217,1)     -1.33059 4.32499e-007
ln_T_YR_AGE_ALT_FREQ(218,1)     -0.97145 -2.47767e-006
ln_T_YR_AGE_ALT_FREQ(219,1)    -0.116382 -7.3389e-007
ln_T_YR_AGE_ALT_FREQ(220,1)      1.08095 -1.35987e-006
ln_T_YR_AGE_ALT_FREQ(221,1)     -1.81275  2.1534e-007
ln_T_YR_AGE_ALT_FREQ(222,1)     0.578645 -1.77173e-006
ln_T_YR_AGE_ALT_FREQ(223,1)     -1.61041 -8.11426e-007
ln_T_YR_AGE_ALT_FREQ(224,1)     -1.17389 -2.99887e-006
ln_T_YR_AGE_ALT_FREQ(225,1)     -2.02144 -5.14083e-006
ln_T_YR_AGE_ALT_FREQ(226,1)    0.0169584 1.11446e-006
ln_T_YR_AGE_ALT_FREQ(227,1)     -1.20368 -4.9545e-006
ln_T_YR_AGE_ALT_FREQ(228,1)    -0.272091  4.8517e-006
ln_T_YR_AGE_ALT_FREQ(229,1)     -2.13649 -9.27173e-006
ln_T_YR_AGE_ALT_FREQ(230,1)    -0.332987 5.65306e-006
ln_T_YR_AGE_ALT_FREQ(231,1)     -1.59509 9.35964e-008
ln_T_YR_AGE_ALT_FREQ(232,1)     -1.05416 2.69777e-008
ln_T_YR_AGE_ALT_FREQ(233,1)     -1.88867 -7.75809e-006
ln_T_YR_AGE_ALT_FREQ(234,1)    -0.685661 -9.94397e-007
ln_T_YR_AGE_ALT_FREQ(235,1)     -1.39433 2.34474e-006
ln_T_YR_AGE_ALT_FREQ(236,1)     -1.00806 -1.39557e-006
ln_T_YR_AGE_ALT_FREQ(237,1)     -2.45231 2.72646e-006
ln_T_YR_AGE_ALT_FREQ(238,1)    -0.503873 6.44673e-008
ln_T_YR_AGE_ALT_FREQ(239,1)     -1.51218 1.53914e-006
ln_T_YR_AGE_ALT_FREQ(240,1)     -1.59333 -4.1137e-006
ln_T_YR_AGE_ALT_FREQ(241,1)     -2.41286 -3.34794e-006
ln_T_YR_AGE_ALT_FREQ(242,1)    -0.992351 4.92467e-007
ln_T_YR_AGE_ALT_FREQ(243,1)     -1.64222 -8.72696e-006
ln_T_YR_AGE_ALT_FREQ(244,1)     -1.31329 9.49219e-006
ln_T_YR_AGE_ALT_FREQ(245,1)     -1.93614 -1.74893e-006
ln_T_YR_AGE_ALT_FREQ(246,1)     -1.52516 3.24081e-007
ln_T_YR_AGE_ALT_FREQ(247,1)     -1.78581 -1.32477e-006
ln_T_YR_AGE_ALT_FREQ(248,1)     -1.10542 -8.40234e-006
ln_T_YR_AGE_ALT_FREQ(249,1)     -2.24864 -3.55746e-006
ln_T_YR_AGE_ALT_FREQ(250,1)    -0.749688 1.60322e-006
ln_T_YR_AGE_ALT_FREQ(251,1)     -1.83789 -9.33973e-007
ln_T_YR_AGE_ALT_FREQ(252,1)      -1.1521 -1.01616e-005
ln_T_YR_AGE_ALT_FREQ(253,1)      -2.0407 -8.13859e-006
ln_T_YR_AGE_ALT_FREQ(254,1)     -1.11896 1.03631e-006
ln_T_YR_AGE_ALT_FREQ(255,1)      -1.9563 -1.87522e-006
ln_T_YR_AGE_ALT_FREQ(256,1)     -1.01185 -2.83492e-006
ln_T_YR_AGE_ALT_FREQ(257,1)     -1.87774 -5.55271e-006
ln_T_YR_AGE_ALT_FREQ(258,1)     -1.18569  6.1816e-006
ln_T_YR_AGE_ALT_FREQ(259,1)     -1.75956 -6.94198e-006
ln_T_YR_AGE_ALT_FREQ(260,1)     -1.26425 7.12169e-006
ln_T_YR_AGE_ALT_FREQ(261,1)     -2.05334 -3.96064e-006
ln_T_YR_AGE_ALT_FREQ(262,1)     -0.60562 2.89659e-006
ln_T_YR_AGE_ALT_FREQ(263,1)     -2.01394 -2.72933e-006
ln_T_YR_AGE_ALT_FREQ(264,1)    -0.829093 4.08743e-006
ln_T_YR_AGE_ALT_FREQ(265,1)     -2.27139 -4.93503e-006
ln_T_YR_AGE_ALT_FREQ(266,1)    -0.603115 2.18373e-006
ln_T_YR_AGE_ALT_FREQ(267,1)     -1.74749 -2.63089e-006
ln_T_YR_AGE_ALT_FREQ(268,1)     -1.39268 -4.88039e-007
ln_T_YR_AGE_ALT_FREQ(269,1)     -2.31965 8.73969e-006
ln_T_YR_AGE_ALT_FREQ(270,1)    -0.709708 -1.36957e-006
ln_T_YR_AGE_ALT_FREQ(271,1)     -1.93854 -2.09985e-006
ln_T_YR_AGE_ALT_FREQ(272,1)     -1.30206 7.51569e-007
ln_T_YR_AGE_ALT_FREQ(273,1)     -1.49154 -7.95875e-006
ln_T_YR_AGE_ALT_FREQ(274,1)     -1.14604  3.4836e-006
ln_T_YR_AGE_ALT_FREQ(275,1)     -1.96687 -2.04262e-006
ln_T_YR_AGE_ALT_FREQ(276,1)     -0.77757 3.92255e-006
ln_T_YR_AGE_ALT_FREQ(277,1)     -2.14312 -4.60253e-006
ln_T_YR_AGE_ALT_FREQ(278,1)    -0.758414 1.31972e-005
ln_T_YR_AGE_ALT_FREQ(279,1)     -1.50682 1.12898e-007
ln_T_YR_AGE_ALT_FREQ(280,1)     -1.37684 2.60852e-006
ln_T_YR_AGE_ALT_FREQ(281,1)     -2.59743 -4.61139e-006
ln_T_YR_AGE_ALT_FREQ(282,1)    -0.307608 2.77907e-006
ln_T_YR_AGE_ALT_FREQ(283,1)     -1.68476 -4.13995e-006
ln_T_YR_AGE_ALT_FREQ(284,1)     -1.40448 3.66104e-006
ln_T_YR_AGE_ALT_FREQ(285,1)      -2.0363 3.44337e-007
ln_T_YR_AGE_ALT_FREQ(286,1)    -0.957425  8.8655e-007
ln_T_YR_AGE_ALT_FREQ(287,1)     -1.53934 1.90974e-006
ln_T_YR_AGE_ALT_FREQ(288,1)       -1.309 3.05904e-007
ln_T_YR_AGE_ALT_FREQ(289,1)     -1.90392 -2.1033e-006
ln_T_YR_AGE_ALT_FREQ(290,1)     -1.03721 3.32736e-006
ln_T_YR_AGE_ALT_FREQ(291,1)     -1.55428 -8.13861e-007
ln_T_YR_AGE_ALT_FREQ(292,1)     -1.30613 3.36066e-006
ln_T_YR_AGE_ALT_FREQ(293,1)     -2.52603 1.78043e-007
ln_T_YR_AGE_ALT_FREQ(294,1)   -0.0909153 1.90448e-006
ln_T_YR_AGE_ALT_FREQ(295,1)     -1.61801 -6.91346e-007
ln_T_YR_AGE_ALT_FREQ(296,1)     -1.45706  1.2254e-006
ln_T_YR_AGE_ALT_FREQ(297,1)     -2.28206 7.86084e-006
ln_T_YR_AGE_ALT_FREQ(298,1)     -1.24332 -9.86174e-007
ln_T_YR_AGE_ALT_FREQ(299,1)     -1.63088 4.00247e-006
ln_T_YR_AGE_ALT_FREQ(300,1)      -1.3452 -3.03474e-006
ln_T_YR_AGE_ALT_FREQ(301,1)      -2.1157 4.24401e-007
ln_T_YR_AGE_ALT_FREQ(302,1)     -1.07602 -6.61243e-007
ln_T_YR_AGE_ALT_FREQ(303,1)     -1.54715 9.03671e-007
ln_T_YR_AGE_ALT_FREQ(304,1)     -1.39411 -8.17262e-007
log_sel_beta1(1,1)     0.727562 -1.94028e-006
log_sel_beta1(1,2)     0.268204 1.49525e-005
log_sel_beta1(1,3)     0.311721 1.67866e-005
log_sel_beta1(1,4)    0.0509812 -2.1081e-005
log_sel_beta1(2,1)     0.579141 1.70663e-006
log_sel_beta1(2,2)      -0.2675 -1.71646e-005
log_sel_beta1(2,3)     0.175272 1.17253e-006
log_sel_beta1(2,4)     -1.54856 -5.43686e-008
log_sel_beta2(1,1)      2.02531 -2.02369e-005
log_sel_beta2(1,2)      1.98871 -5.90252e-005
log_sel_beta2(1,3)      1.97883  0.000169879
log_sel_beta2(1,4)      1.94385 9.11903e-006
log_sel_beta2(2,1)      2.00964 1.78404e-005
log_sel_beta2(2,2)      2.32088 -5.27493e-005
log_sel_beta2(2,3)      1.89213 1.19949e-005
log_sel_beta2(2,4)      -2.8397 -2.03402e-007
log_sel_beta3(1,1)     -1.29462 1.43587e-005
log_sel_beta3(1,2)     -1.55198 -5.47135e-008
log_sel_beta3(1,3)     -2.67361 1.57552e-006
log_sel_beta3(1,4)    -0.651984 -2.46909e-006
log_sel_beta3(2,1)     -1.90496 3.47718e-007
log_sel_beta3(2,2)     -1.55198 -5.47135e-008
log_sel_beta3(2,3)     -2.50231 3.08644e-006
log_sel_beta3(2,4)     -1.55198 -5.47135e-008
log_sel_beta4(1,1)     -4.99998 -5.43507e-008
log_sel_beta4(1,2)     -1.60576 -6.0164e-008
log_sel_beta4(1,3)     -4.99993 -2.77244e-009
log_sel_beta4(1,4)     -4.99999 -5.13581e-008
log_sel_beta4(2,1)     -4.99901 -1.14812e-009
log_sel_beta4(2,2)     -1.60576 -6.0164e-008
log_sel_beta4(2,3)     -4.99985 -6.06445e-008
log_sel_beta4(2,4)     -1.60576 -6.0164e-008
ln_q(1,1)     -14.4686 6.06846e-005
ln_F(1,1)     -5.60341 -1.74507e-006
ln_F(1,2)     -7.07748  5.9678e-007
ln_F(1,3)     -12.1738 -8.60783e-007
ln_F(1,4)     -5.76734 -6.38317e-007
ln_F(2,1)     -5.14849 -1.88569e-006
ln_F(2,2)     -8.02193 -3.90586e-007
ln_F(2,3)      -12.155 -9.55269e-007
ln_F(2,4)     -4.47097 -6.93884e-007
ln_F(3,1)     -4.88266 -1.55921e-006
ln_F(3,2)     -6.25262 -1.91888e-006
ln_F(3,3)     -12.0388 -1.34001e-006
ln_F(3,4)     -5.61149 -8.85317e-007
ln_F(4,1)     -4.69952 -1.41148e-006
ln_F(4,2)     -6.63911 -7.22051e-007
ln_F(4,3)      -5.9523 -1.30471e-006
ln_F(4,4)     -6.59676 3.53714e-009
ln_F(5,1)     -4.86246 -3.2114e-006
ln_F(5,2)     -6.82886 -3.14395e-006
ln_F(5,3)     -5.45122 -3.53446e-006
ln_F(5,4)     -6.59676 3.53714e-009
ln_F(6,1)     -4.42707 -8.97579e-007
ln_F(6,2)     -7.11987 -2.26996e-006
ln_F(6,3)     -4.44451 -1.66845e-006
ln_F(6,4)     -6.59676 3.53714e-009
ln_F(7,1)     -4.35716 -1.07482e-006
ln_F(7,2)      -6.7802 -1.74435e-006
ln_F(7,3)     -6.15027 -1.9943e-006
ln_F(7,4)     -6.59676 3.53714e-009
ln_F(8,1)     -4.38891 -1.07717e-006
ln_F(8,2)     -6.86749 -5.07183e-007
ln_F(8,3)     -5.21493 -1.86416e-006
ln_F(8,4)     -6.59676 3.53714e-009
ln_F(9,1)     -5.08532 -1.38315e-006
ln_F(9,2)     -7.31342 -1.2673e-006
ln_F(9,3)     -5.67532 -1.43426e-006
ln_F(9,4)     -6.59676 3.53714e-009
ln_F(10,1)     -4.84221 -2.53131e-006
ln_F(10,2)     -7.75066 -1.68924e-006
ln_F(10,3)     -4.40711 -3.36596e-006
ln_F(10,4)     -6.59676 3.53714e-009
ln_F(11,1)     -4.79696 -2.25828e-006
ln_F(11,2)     -6.97165 5.45521e-008
ln_F(11,3)     -6.96345 -2.15773e-006
ln_F(11,4)     -6.59676 3.53714e-009
ln_F(12,1)      -4.7884 -1.96302e-007
ln_F(12,2)     -6.95515 -1.61907e-006
ln_F(12,3)     -5.26476 -4.94112e-007
ln_F(12,4)     -8.55692 -2.27528e-006
ln_F(13,1)     -5.13229  -8.911e-007
ln_F(13,2)     -6.76625 -2.74289e-007
ln_F(13,3)      -5.3569 -3.48987e-007
ln_F(13,4)     -8.50191 -1.40741e-006
ln_F(14,1)     -4.77984 -1.18007e-006
ln_F(14,2)     -6.82101 -1.81648e-006
ln_F(14,3)     -4.50811 -1.67592e-006
ln_F(14,4)     -8.44784 -2.34613e-006
ln_F(15,1)     -4.97327 -4.59097e-007
ln_F(15,2)     -6.59084 -1.40431e-006
ln_F(15,3)     -6.22682 -6.59846e-007
ln_F(15,4)     -8.66231 -9.02291e-007
ln_F(16,1)     -5.65561 -9.2635e-007
ln_F(16,2)     -6.57299 -1.65039e-006
ln_F(16,3)     -5.56962 7.72376e-007
ln_F(16,4)     -10.1586 -1.04057e-006
ln_F(17,1)     -5.74056 -9.05204e-007
ln_F(17,2)     -6.25933  1.9975e-007
ln_F(17,3)     -6.33983 -1.5163e-007
ln_F(17,4)     -10.1551 -1.1452e-006
ln_F(18,1)     -5.58762 -1.54063e-006
ln_F(18,2)     -6.61524 1.32424e-006
ln_F(18,3)     -4.38531 -1.05207e-006
ln_F(18,4)     -10.0569 -1.83712e-007
ln_F(19,1)     -5.34957 4.78812e-007
ln_F(19,2)      -6.0111 7.70913e-007
ln_F(19,3)     -5.52581 -2.02628e-006
ln_F(19,4)       -9.901 6.79532e-007
ln_F(20,1)     -5.84018 -2.5623e-007
ln_F(20,2)     -6.80402 1.82235e-007
ln_F(20,3)     -4.64105 -1.57915e-006
ln_F(20,4)     -6.59676 3.53714e-009
ln_F(21,1)      -5.8663 -4.1593e-008
ln_F(21,2)     -6.49903 3.88827e-007
ln_F(21,3)     -3.96672 -9.28386e-007
ln_F(21,4)     -6.59676 3.53714e-009
ln_F(22,1)     -5.70602 9.10697e-007
ln_F(22,2)     -6.71183 8.82913e-007
ln_F(22,3)     -3.93041 -1.16165e-006
ln_F(22,4)     -6.59676 3.53714e-009
ln_F(23,1)     -5.64685 -2.39579e-007
ln_F(23,2)     -6.52411 -2.72546e-007
ln_F(23,3)     -4.62266 -9.91405e-007
ln_F(23,4)     -6.59676 3.53714e-009
ln_F(24,1)     -5.56418 -1.7371e-006
ln_F(24,2)     -6.68492 -1.10063e-006
ln_F(24,3)     -3.92865 7.93962e-007
ln_F(24,4)     -6.59676 3.53714e-009
ln_F(25,1)     -5.52312 -2.72097e-006
ln_F(25,2)     -6.76888 -2.09244e-006
ln_F(25,3)     -3.75933  9.2929e-007
ln_F(25,4)     -6.59676 3.53714e-009
ln_F(26,1)     -5.29959 -1.39393e-006
ln_F(26,2)     -7.41568 -1.90152e-006
ln_F(26,3)     -3.70701 -1.71827e-006
ln_F(26,4)     -6.59676 3.53714e-009
ln_F(27,1)      -5.0778 -4.03167e-007
ln_F(27,2)     -6.95993 -1.56416e-007
ln_F(27,3)     -2.98034 -1.93843e-006
ln_F(27,4)     -6.59676 3.53714e-009
ln_F(28,1)     -5.39901 -1.01731e-006
ln_F(28,2)     -6.74447 -8.96107e-008
ln_F(28,3)     -3.89514 -1.77859e-006
ln_F(28,4)     -6.59676 3.53714e-009
ln_F(29,1)     -5.35843  4.2826e-007
ln_F(29,2)      -6.7426 -1.16241e-007
ln_F(29,3)     -4.29797 -1.31465e-006
ln_F(29,4)     -6.59676 3.53714e-009
ln_F(30,1)     -5.04441 -1.02462e-007
ln_F(30,2)     -6.71316 -3.35234e-007
ln_F(30,3)     -3.47522 -1.49005e-006
ln_F(30,4)     -6.59676 3.53714e-009
ln_F(31,1)     -4.89791  1.7542e-006
ln_F(31,2)     -5.93094 2.19994e-007
ln_F(31,3)     -2.96604 -4.47003e-006
ln_F(31,4)     -6.59676 3.53714e-009
ln_F(32,1)     -5.02669   1.479e-006
ln_F(32,2)     -5.72516 6.69967e-007
ln_F(32,3)     -3.60076 -2.36365e-006
ln_F(32,4)     -6.59676 3.53714e-009
ln_F(33,1)      -5.2968 4.83171e-007
ln_F(33,2)     -5.75984 4.66092e-007
ln_F(33,3)     -4.23853 -5.9452e-007
ln_F(33,4)     -6.59676 3.53714e-009
ln_F(34,1)     -5.24473 8.44151e-007
ln_F(34,2)     -6.62286  1.0934e-006
ln_F(34,3)     -4.31247 -2.10009e-006
ln_F(34,4)     -6.59676 3.53714e-009
ln_F(35,1)     -4.98148 -1.27578e-007
ln_F(35,2)     -5.65603 8.14362e-007
ln_F(35,3)      -4.0478 -2.71566e-007
ln_F(35,4)     -6.59676 3.53714e-009
ln_F(36,1)     -4.64427 1.50798e-006
ln_F(36,2)      -5.7698 1.51856e-006
ln_F(36,3)     -3.92897 7.21727e-008
ln_F(36,4)     -6.59676 3.53714e-009
ln_F(37,1)     -4.71395 8.44319e-007
ln_F(37,2)     -6.28867 1.60097e-006
ln_F(37,3)     -4.00513 -1.09862e-006
ln_F(37,4)     -6.59676 3.53714e-009
ln_F(38,1)     -4.48817 -1.0878e-006
ln_F(38,2)     -6.30109  1.2842e-006
ln_F(38,3)     -3.46968 1.08878e-006
ln_F(38,4)     -6.59676 3.53714e-009
ln_F(39,1)     -4.66519 -1.04029e-006
ln_F(39,2)     -5.20425 7.31112e-007
ln_F(39,3)     -3.92279 -7.13417e-007
ln_F(39,4)     -6.59676 3.53714e-009
ln_F(40,1)     -4.50812 -7.55012e-007
ln_F(40,2)     -5.67733 1.25636e-006
ln_F(40,3)     -3.57274  2.2608e-007
ln_F(40,4)     -6.59676 3.53714e-009
ln_F(41,1)     -4.79963 -7.43409e-007
ln_F(41,2)     -5.62998 -2.90849e-008
ln_F(41,3)     -3.87096 -1.29183e-006
ln_F(41,4)     -6.59676 3.53714e-009
ln_F(42,1)      -4.2515    1.32e-006
ln_F(42,2)     -5.89373  5.4454e-007
ln_F(42,3)     -3.09688 -1.83468e-006
ln_F(42,4)     -6.59676 3.53714e-009
ln_F(43,1)     -4.04528  2.4949e-008
ln_F(43,2)     -5.28185 1.43883e-007
ln_F(43,3)     -2.79264 -3.23418e-006
ln_F(43,4)     -6.59676 3.53714e-009
ln_F(44,1)     -4.07694 -8.00622e-007
ln_F(44,2)      -6.2793 1.80691e-008
ln_F(44,3)     -3.05166 -2.93953e-006
ln_F(44,4)     -6.59676 3.53714e-009
ln_F(45,1)     -4.34281 2.65322e-006
ln_F(45,2)      -6.2245 4.23501e-008
ln_F(45,3)     -3.43348 -2.90446e-006
ln_F(45,4)     -6.59676 3.53714e-009
ln_F(46,1)     -3.95204 1.63184e-006
ln_F(46,2)     -6.34673 1.25829e-006
ln_F(46,3)     -3.28669 -1.82638e-006
ln_F(46,4)     -6.59676 3.53714e-009
ln_F(47,1)     -3.88365 -9.20899e-008
ln_F(47,2)     -4.95815 6.21635e-007
ln_F(47,3)     -3.41034 4.09447e-007
ln_F(47,4)     -6.59676 3.53714e-009
ln_F(48,1)     -4.27759 3.42478e-007
ln_F(48,2)     -4.54659 1.49604e-006
ln_F(48,3)     -2.98887  -8.301e-007
ln_F(48,4)     -5.82829 1.39343e-007
ln_F(49,1)     -4.47692 1.30109e-006
ln_F(49,2)      -5.4553 2.07297e-006
ln_F(49,3)     -3.69429 6.68894e-008
ln_F(49,4)     -6.73801 1.09616e-006
ln_F(50,1)     -4.48675 1.53061e-006
ln_F(50,2)     -6.04961  1.4764e-006
ln_F(50,3)     -3.12317 -8.71966e-007
ln_F(50,4)     -4.89558 2.42891e-006
ln_F(51,1)     -3.85056 -7.72647e-007
ln_F(51,2)     -5.96394 -1.57094e-007
ln_F(51,3)      -3.2765 4.40893e-007
ln_F(51,4)     -4.60056 5.19937e-007
ln_F(52,1)       -4.136 1.71293e-007
ln_F(52,2)     -5.42701 -1.47372e-006
ln_F(52,3)     -3.92182 -6.63784e-008
ln_F(52,4)     -5.01418 -4.89166e-007
ln_F(53,1)     -4.44449 -9.47182e-007
ln_F(53,2)     -5.54558 -4.62625e-008
ln_F(53,3)     -4.24072 -2.78621e-008
ln_F(53,4)     -6.50579 -1.01708e-006
ln_F(54,1)     -4.62914 -1.60086e-006
ln_F(54,2)     -5.93586 -8.70498e-007
ln_F(54,3)     -3.56528 -1.65986e-006
ln_F(54,4)      -3.8086 -6.17594e-007
ln_F(55,1)     -4.40656  -9.801e-007
ln_F(55,2)      -6.4543 -5.37873e-007
ln_F(55,3)     -3.78864 -5.07682e-007
ln_F(55,4)     -5.03269 -9.32913e-007
ln_F(56,1)     -4.65207 -8.44104e-007
ln_F(56,2)     -4.96611 -9.19145e-007
ln_F(56,3)     -3.97098 -1.38995e-006
ln_F(56,4)     -4.93349 -2.10365e-006
ln_F(57,1)      -4.0613 -1.36421e-006
ln_F(57,2)     -4.83902 -8.25495e-008
ln_F(57,3)     -3.88334 -1.69483e-007
ln_F(57,4)     -6.23255 -8.03949e-007
ln_F(58,1)     -4.49087 -4.52718e-007
ln_F(58,2)     -5.00069 4.64987e-008
ln_F(58,3)     -3.79681 -3.51603e-007
ln_F(58,4)     -4.53628 -9.26506e-007
ln_F(59,1)     -3.92953 1.01845e-006
ln_F(59,2)     -5.12665 4.04693e-007
ln_F(59,3)     -3.85451 -3.43634e-007
ln_F(59,4)     -4.77235 9.33549e-007
ln_F(60,1)     -4.17562  -9.633e-007
ln_F(60,2)      -4.1464 7.05158e-007
ln_F(60,3)     -3.54948 -1.03946e-006
ln_F(60,4)     -5.39092 -2.82651e-008
ln_F(61,1)     -4.12707 -3.27655e-007
ln_F(61,2)      -3.4629 6.31431e-007
ln_F(61,3)     -4.29185 -1.33606e-006
ln_F(61,4)     -5.26427 1.13004e-007
ln_F(62,1)     -4.56247 -4.06122e-007
ln_F(62,2)     -3.86601  2.8646e-007
ln_F(62,3)     -3.51424 -6.9165e-007
ln_F(62,4)     -4.14057 -7.85312e-007
ln_F(63,1)     -3.84182 -1.02478e-006
ln_F(63,2)     -4.44149  -6.889e-007
ln_F(63,3)     -3.73318 -1.97649e-006
ln_F(63,4)     -3.85618 3.99563e-007
ln_F(64,1)     -4.04161 -1.08693e-006
ln_F(64,2)      -5.0947 -1.01709e-006
ln_F(64,3)     -3.35462 -1.8236e-006
ln_F(64,4)     -3.40257 5.45525e-007
ln_F(65,1)     -3.58495 -2.19189e-007
ln_F(65,2)     -4.60956 -3.96309e-007
ln_F(65,3)     -3.91065 -1.61751e-006
ln_F(65,4)     -3.37149 -9.38638e-008
ln_F(66,1)     -3.74418 1.20183e-006
ln_F(66,2)      -5.5358 -3.72521e-007
ln_F(66,3)     -3.27307 -7.12729e-007
ln_F(66,4)      -3.2849 -3.9718e-007
ln_F(67,1)     -3.42843 8.59174e-007
ln_F(67,2)     -5.92596 -7.37116e-007
ln_F(67,3)      -3.4176 -7.41299e-007
ln_F(67,4)     -4.12457 1.00489e-007
ln_F(68,1)     -3.70093 -1.27331e-006
ln_F(68,2)     -5.76995 -5.53692e-007
ln_F(68,3)     -2.96767 -1.63533e-006
ln_F(68,4)     -3.44387 -1.19558e-006
ln_F(69,1)     -3.13411 -1.32588e-006
ln_F(69,2)     -4.74801 -1.34474e-006
ln_F(69,3)     -2.98611 -7.17835e-007
ln_F(69,4)     -3.93973 -7.05383e-007
ln_F(70,1)     -3.48402 -1.64576e-006
ln_F(70,2)     -6.00053 -7.3033e-007
ln_F(70,3)     -2.98315 -9.80496e-007
ln_F(70,4)       -3.643 -1.56168e-006
ln_F(71,1)     -3.39537 -1.40567e-006
ln_F(71,2)     -5.25684 -1.89934e-007
ln_F(71,3)     -3.29314 -8.10955e-007
ln_F(71,4)     -3.64568 -1.16141e-006
ln_F(72,1)     -3.90629  4.9925e-007
ln_F(72,2)     -5.01828 -4.50594e-007
ln_F(72,3)     -3.69529 -1.12701e-006
ln_F(72,4)     -3.85718 -6.55736e-007
ln_F(73,1)     -3.39443 -1.95705e-007
ln_F(73,2)     -4.48143 2.02994e-007
ln_F(73,3)     -3.73796 -9.97986e-007
ln_F(73,4)     -4.12914 1.16182e-006
ln_F(74,1)     -3.83499 1.09496e-006
ln_F(74,2)     -6.02142 1.32449e-006
ln_F(74,3)     -2.52802 -2.34953e-006
ln_F(74,4)     -4.12241 1.18512e-006
ln_F(75,1)     -3.31173 6.16491e-007
ln_F(75,2)     -5.52446 4.25747e-007
ln_F(75,3)     -2.30087 -4.61133e-006
ln_F(75,4)     -4.24878 1.77472e-006
ln_F(76,1)     -3.82193 5.03056e-007
ln_F(76,2)     -5.25873 6.45117e-007
ln_F(76,3)     -2.73865 -4.04812e-006
ln_F(76,4)     -4.53246  2.3308e-006
ln_F(77,1)     -3.66002 1.28173e-006
ln_F(77,2)     -5.50138 1.83085e-007
ln_F(77,3)     -3.10999 -2.47364e-006
ln_F(77,4)     -4.70716 5.62165e-007
ln_F(78,1)     -4.13596 1.64895e-007
ln_F(78,2)     -6.19954 1.12327e-006
ln_F(78,3)     -2.66818 -2.59442e-006
ln_F(78,4)       -4.086 5.73978e-007
ln_F(79,1)     -3.28997 -2.12785e-006
ln_F(79,2)     -5.09257 -1.22688e-006
ln_F(79,3)     -2.46741 -1.82294e-006
ln_F(79,4)     -4.21695 -1.69722e-007
ln_F(80,1)     -4.15926 -1.11386e-006
ln_F(80,2)     -5.08388 -8.93585e-007
ln_F(80,3)     -3.88031 -2.15711e-006
ln_F(80,4)      -3.9507 -1.12222e-006
ln_F(81,1)     -3.57039 -7.06559e-007
ln_F(81,2)      -5.4119 1.26137e-006
ln_F(81,3)     -3.47857 -2.29524e-006
ln_F(81,4)     -4.19171 1.27432e-006
ln_F(82,1)     -4.42596 1.30602e-006
ln_F(82,2)     -6.01621 3.65901e-006
ln_F(82,3)     -3.40457 -3.02748e-006
ln_F(82,4)     -4.01448 6.89134e-007
ln_F(83,1)     -3.91962 6.71159e-007
ln_F(83,2)     -5.40984 1.97706e-006
ln_F(83,3)     -3.67303 -6.66265e-007
ln_F(83,4)     -3.68457  -4.374e-007
ln_F(84,1)     -3.86531 1.78215e-006
ln_F(84,2)     -5.38526 1.63349e-006
ln_F(84,3)     -3.15806 -1.08239e-006
ln_F(84,4)     -4.58603 3.90363e-007
ln_F(85,1)     -3.48725 -1.28448e-007
ln_F(85,2)     -5.75947 9.76853e-007
ln_F(85,3)     -2.88488 2.58457e-007
ln_F(85,4)     -5.05225 1.12736e-007
ln_F(86,1)     -3.97138 3.71107e-007
ln_F(86,2)     -5.77109 9.88515e-008
ln_F(86,3)     -2.43885 -1.96479e-007
ln_F(86,4)     -4.82068 6.81411e-007
ln_F(87,1)     -3.60519 8.89203e-007
ln_F(87,2)     -5.52901 1.18958e-006
ln_F(87,3)     -2.47094 -2.02089e-006
ln_F(87,4)     -5.23607 6.00492e-007
ln_F(88,1)     -4.06587 1.12389e-006
ln_F(88,2)     -5.39472 6.01276e-007
ln_F(88,3)     -3.45889 -1.80531e-006
ln_F(88,4)     -5.35613 1.15276e-006
ln_F(89,1)     -3.74712 -1.24972e-007
ln_F(89,2)     -5.54319 1.24192e-006
ln_F(89,3)     -3.22787 -4.18078e-007
ln_F(89,4)     -4.21423 -1.90031e-007
ln_F(90,1)     -3.67861 4.96121e-007
ln_F(90,2)     -5.65665 2.78837e-006
ln_F(90,3)     -2.47929 -2.29349e-006
ln_F(90,4)     -3.49434 7.73399e-007
ln_F(91,1)     -3.21044  4.0652e-007
ln_F(91,2)      -5.8105 1.16396e-006
ln_F(91,3)       -2.964 -8.55955e-007
ln_F(91,4)     -4.72782 1.14989e-006
ln_F(92,1)     -3.90133   9.491e-007
ln_F(92,2)      -5.3613 2.07362e-006
ln_F(92,3)     -3.22069 1.79683e-007
ln_F(92,4)     -4.56387 7.34986e-007
ln_F(93,1)     -3.59859 -3.52803e-007
ln_F(93,2)     -5.70252 -1.93879e-007
ln_F(93,3)     -3.39366 -6.25832e-008
ln_F(93,4)     -4.94565 4.08976e-007
ln_F(94,1)     -4.46377 -2.15503e-006
ln_F(94,2)     -6.06513 -2.30826e-006
ln_F(94,3)     -3.01853 1.61726e-006
ln_F(94,4)     -3.97247 -1.05419e-006
ln_F(95,1)      -3.4613 -9.95023e-007
ln_F(95,2)      -5.5476 -1.33452e-006
ln_F(95,3)     -3.01622  6.4801e-007
ln_F(95,4)      -4.2824 -7.34781e-007
ln_F(96,1)     -3.06047 4.31329e-007
ln_F(96,2)     -5.07822 -8.27956e-007
ln_F(96,3)     -3.33347 -8.7457e-007
ln_F(96,4)     -4.72721 7.36862e-010
ln_F(97,1)     -3.17463 -7.46348e-007
ln_F(97,2)     -5.27757 -1.51658e-006
ln_F(97,3)     -3.28883 -6.01848e-007
ln_F(97,4)     -4.09336 2.58194e-007
ln_F(98,1)     -3.75218 1.00215e-006
ln_F(98,2)      -6.1557 -8.31377e-007
ln_F(98,3)     -2.50464 -1.22614e-006
ln_F(98,4)     -3.47015 -2.66353e-007
ln_F(99,1)     -2.96187  8.9889e-007
ln_F(99,2)     -6.03909 -3.08831e-008
ln_F(99,3)     -2.33363 3.14346e-007
ln_F(99,4)     -4.47867 1.14546e-006
ln_F(100,1)     -3.41933 9.07712e-007
ln_F(100,2)     -5.25593 4.63235e-008
ln_F(100,3)     -2.63079 1.13704e-006
ln_F(100,4)     -4.67775  8.6705e-007
ln_F(101,1)     -3.27429   2.224e-006
ln_F(101,2)     -5.04234 9.96564e-007
ln_F(101,3)     -3.26307 4.31208e-007
ln_F(101,4)     -5.23785  1.4641e-007
ln_F(102,1)     -3.82057 1.60482e-006
ln_F(102,2)     -5.77679 1.85712e-006
ln_F(102,3)      -2.7969 1.75877e-006
ln_F(102,4)     -3.86826 1.27033e-006
ln_F(103,1)     -2.68266 -1.17215e-007
ln_F(103,2)     -5.16348 -2.12688e-006
ln_F(103,3)     -2.41522  1.8469e-006
ln_F(103,4)     -3.84805 -7.92015e-007
ln_F(104,1)     -2.55645 -5.29094e-007
ln_F(104,2)     -4.02017 -3.38492e-007
ln_F(104,3)     -2.84236 -4.8105e-007
ln_F(104,4)     -3.89827 -7.43812e-007
ln_F(105,1)     -3.02322 -7.24313e-007
ln_F(105,2)     -3.33665 9.76428e-007
ln_F(105,3)     -2.73445 -1.05165e-007
ln_F(105,4)     -4.02699 -1.09434e-006
ln_F(106,1)     -2.84709 8.70292e-007
ln_F(106,2)     -4.85504 -1.54413e-007
ln_F(106,3)     -2.33601 -9.54765e-007
ln_F(106,4)     -3.67958 2.24827e-006
ln_F(107,1)     -2.48992 1.27904e-006
ln_F(107,2)     -3.84931 1.23262e-006
ln_F(107,3)      -2.0588  9.1011e-007
ln_F(107,4)     -3.55689 4.99543e-007
ln_F(108,1)     -2.95398 3.49506e-007
ln_F(108,2)      -3.9628 -1.09846e-007
ln_F(108,3)     -2.58348 -7.19953e-008
ln_F(108,4)     -3.67887 2.95964e-007
ln_F(109,1)     -3.12216 -3.62431e-007
ln_F(109,2)     -3.82566 2.24222e-006
ln_F(109,3)     -3.06603 -1.49746e-007
ln_F(109,4)     -3.95722 1.11503e-007
ln_F(110,1)     -3.58057 5.97538e-007
ln_F(110,2)     -5.29515 9.49752e-007
ln_F(110,3)     -2.46274 -8.48907e-007
ln_F(110,4)     -3.49225 7.20014e-007
ln_F(111,1)     -3.81479 2.50895e-007
ln_F(111,2)      -4.7813 1.14339e-006
ln_F(111,3)     -2.82276 -4.34126e-007
ln_F(111,4)     -3.95123 -1.75198e-007
ln_F(112,1)     -2.88217  2.2072e-006
ln_F(112,2)     -4.35123 -4.87913e-007
ln_F(112,3)     -2.94784 9.98489e-007
ln_F(112,4)     -4.32926 -1.08871e-006
ln_F(113,1)     -3.45835 -4.6579e-007
ln_F(113,2)     -4.59804 1.22307e-006
ln_F(113,3)     -3.34333 1.14328e-006
ln_F(113,4)      -4.1259 -8.55625e-007
ln_F(114,1)     -3.62642 -2.66156e-007
ln_F(114,2)     -5.27278 1.49576e-006
ln_F(114,3)      -2.8079 2.77846e-007
ln_F(114,4)     -4.22034 -5.62816e-007
ln_F(115,1)     -3.32033 1.16817e-006
ln_F(115,2)     -4.98368 1.06417e-007
ln_F(115,3)     -2.75839 6.63028e-007
ln_F(115,4)     -4.33812 -8.76714e-007
ln_F(116,1)     -3.64279 1.14967e-006
ln_F(116,2)     -5.05398 6.82793e-007
ln_F(116,3)     -3.77895 -2.10814e-006
ln_F(116,4)     -4.25245 -7.54492e-007
ln_F(117,1)     -3.68222 2.42838e-008
ln_F(117,2)     -5.13637 1.96829e-006
ln_F(117,3)     -4.16194 1.35793e-006
ln_F(117,4)     -4.32609 7.96146e-007
ln_F(118,1)     -3.96644 1.99215e-006
ln_F(118,2)     -6.88415 5.08447e-007
ln_F(118,3)     -3.46043 -2.92706e-006
ln_F(118,4)     -4.29083 1.62336e-006
ln_F(119,1)     -3.90411 2.68978e-007
ln_F(119,2)     -6.26944 -1.84735e-007
ln_F(119,3)     -3.57142 -4.45133e-007
ln_F(119,4)     -3.90896 1.09659e-006
ln_F(120,1)     -4.04815 2.03798e-007
ln_F(120,2)     -5.59905 6.80653e-007
ln_F(120,3)     -4.00773 -2.41955e-006
ln_F(120,4)     -4.30869 7.84591e-007
ln_F(121,1)     -4.40034 3.57789e-007
ln_F(121,2)     -6.32347 -1.71079e-008
ln_F(121,3)     -3.95856 -1.0005e-006
ln_F(121,4)     -3.95791 2.88826e-007
ln_F(122,1)     -4.44681 -7.38488e-007
ln_F(122,2)      -7.4394 -6.65101e-007
ln_F(122,3)     -2.92575  1.0521e-006
ln_F(122,4)     -3.43732 7.61761e-007
ln_F(123,1)     -4.38816 6.50646e-007
ln_F(123,2)     -6.80696 -1.16446e-008
ln_F(123,3)     -3.08912 3.52544e-007
ln_F(123,4)     -3.77138 4.29449e-007
ln_F(124,1)     -4.18425 -3.84083e-007
ln_F(124,2)     -6.47254 -5.47231e-007
ln_F(124,3)     -3.33392 -7.01152e-007
ln_F(124,4)     -4.04003 5.62389e-007
ln_F(125,1)       -3.374 -3.23665e-007
ln_F(125,2)     -6.32211 -2.67905e-007
ln_F(125,3)     -3.83337  -4.996e-007
ln_F(125,4)     -3.56943 1.81657e-006
ln_F(126,1)     -4.15194 -1.42777e-007
ln_F(126,2)     -7.00313 -7.35578e-007
ln_F(126,3)     -2.85239 -3.99221e-007
ln_F(126,4)     -3.53109 2.55755e-007
ln_F(127,1)     -3.62434 3.35285e-007
ln_F(127,2)      -6.5814 1.99727e-007
ln_F(127,3)     -3.11761 -1.76723e-006
ln_F(127,4)     -3.91892 7.09176e-007
ln_F(128,1)     -3.08716 -1.14966e-007
ln_F(128,2)     -6.54484 1.37577e-006
ln_F(128,3)     -2.76317 -2.58362e-006
ln_F(128,4)      -3.8222 8.50253e-007
ln_F(129,1)       -3.278 -4.87771e-008
ln_F(129,2)     -7.01649 2.17453e-006
ln_F(129,3)     -3.12988 -8.70715e-007
ln_F(129,4)     -3.62995 8.34894e-007
ln_F(130,1)     -3.38988 8.60357e-007
ln_F(130,2)     -6.64637 2.81179e-006
ln_F(130,3)     -2.31167 -1.72075e-006
ln_F(130,4)      -3.9284 1.09747e-006
ln_F(131,1)     -3.37257 -3.58021e-007
ln_F(131,2)     -5.79874 1.12288e-006
ln_F(131,3)      -2.5233 6.76138e-007
ln_F(131,4)     -3.76083 4.05542e-007
ln_F(132,1)     -3.57138 -3.86064e-007
ln_F(132,2)     -6.70723 1.03858e-006
ln_F(132,3)     -2.81572 8.55665e-007
ln_F(132,4)     -4.57924 2.07327e-007
ln_F(133,1)     -3.15914 4.74184e-007
ln_F(133,2)     -6.59731 1.03597e-006
ln_F(133,3)     -3.38345 -1.21539e-006
ln_F(133,4)     -4.35776 4.24944e-007
ln_F(134,1)     -3.46308 3.46107e-007
ln_F(134,2)     -6.25329 1.36877e-006
ln_F(134,3)     -2.46088 -1.25579e-006
ln_F(134,4)     -3.61684 5.53781e-007
ln_F(135,1)     -3.09045 -4.83302e-007
ln_F(135,2)     -5.46699 -7.71857e-008
ln_F(135,3)     -2.22506 8.07573e-007
ln_F(135,4)     -4.26214 -1.79038e-006
ln_F(136,1)     -2.77634 -1.70235e-006
ln_F(136,2)     -5.84082 -1.04305e-006
ln_F(136,3)     -2.35229 -8.86869e-007
ln_F(136,4)     -2.56243 -1.51366e-006
ln_F(137,1)      -3.1807 -1.46668e-006
ln_F(137,2)     -5.84765 8.95845e-009
ln_F(137,3)     -3.18811 -8.57074e-007
ln_F(137,4)     -3.77792 -4.49947e-007
ln_F(138,1)     -3.01157 3.35707e-007
ln_F(138,2)     -6.94669 9.62206e-007
ln_F(138,3)     -2.62891 -2.40334e-006
ln_F(138,4)     -3.70574 -4.61606e-007
ln_F(139,1)     -2.92605 9.29479e-007
ln_F(139,2)     -5.92669 1.70379e-006
ln_F(139,3)     -2.50414 -1.73881e-006
ln_F(139,4)     -3.28958 5.33719e-007
ln_F(140,1)     -2.83215 8.87086e-007
ln_F(140,2)     -5.74724 1.95475e-006
ln_F(140,3)     -2.05098 -1.27943e-006
ln_F(140,4)     -3.17835 4.11676e-007
ln_F(141,1)     -3.37306 1.08899e-007
ln_F(141,2)     -6.35008 9.78104e-007
ln_F(141,3)     -2.96444 -7.08549e-007
ln_F(141,4)     -3.95092 -3.72464e-007
ln_F(142,1)     -3.20795 4.36571e-007
ln_F(142,2)     -7.72824 3.32118e-007
ln_F(142,3)      -2.1997 -2.07526e-006
ln_F(142,4)     -3.50419   8.704e-007
ln_F(143,1)     -2.30522 -2.42679e-007
ln_F(143,2)      -5.8905 1.23181e-007
ln_F(143,3)     -2.32475 -1.16664e-006
ln_F(143,4)     -3.08519 -2.00947e-006
ln_F(144,1)     -2.39266 -9.09487e-007
ln_F(144,2)     -5.66055 -1.88194e-007
ln_F(144,3)     -2.22069 -2.15227e-006
ln_F(144,4)     -3.60411 1.82021e-007
ln_F(145,1)     -2.27452 -1.37013e-006
ln_F(145,2)     -6.13721 1.43957e-006
ln_F(145,3)     -2.81456 -7.24169e-007
ln_F(145,4)     -3.36574 -8.76586e-007
ln_F(146,1)      -2.2749 -1.00796e-006
ln_F(146,2)     -7.65695 2.11017e-007
ln_F(146,3)     -2.21202 -1.29586e-006
ln_F(146,4)     -3.66314 9.02292e-008
ln_F(147,1)     -1.97966 -1.77044e-006
ln_F(147,2)     -5.78758 7.83022e-008
ln_F(147,3)     -2.38959 -9.79176e-007
ln_F(147,4)     -3.65237 -2.0708e-007
ln_F(148,1)     -1.76154 -5.45718e-007
ln_F(148,2)     -5.61818 8.39492e-007
ln_F(148,3)     -2.36942 -2.47695e-006
ln_F(148,4)     -3.99809 -4.41759e-007
ln_F(149,1)     -3.08843 -8.17309e-007
ln_F(149,2)       -6.312 -5.78447e-007
ln_F(149,3)     -3.00155 -7.10339e-007
ln_F(149,4)     -4.22662 1.04275e-006
ln_F(150,1)     -2.97069 -5.08958e-007
ln_F(150,2)     -7.31496 8.91303e-007
ln_F(150,3)     -2.50928 -4.12025e-007
ln_F(150,4)      -4.1771 -2.66318e-007
ln_F(151,1)     -2.81058 4.35492e-007
ln_F(151,2)      -5.8505 1.63845e-006
ln_F(151,3)     -2.31419 -1.28063e-006
ln_F(151,4)       -3.234 4.29393e-007
ln_F(152,1)     -5.06851 -2.62007e-006
ln_F(152,2)     -6.49687 -3.03928e-006
ln_F(152,3)     -7.19959 -4.23998e-006
ln_F(152,4)     -6.59676 3.53714e-009
ln_F(153,1)     -4.46985 -2.16664e-006
ln_F(153,2)     -5.67275 -3.89337e-006
ln_F(153,3)     -6.64601 -3.3206e-006
ln_F(153,4)     -6.59676 3.53714e-009
ln_F(154,1)     -5.13434 -2.24073e-006
ln_F(154,2)     -6.83871 -3.47793e-007
ln_F(154,3)     -6.31293 -2.07463e-006
ln_F(154,4)     -6.59676 3.53714e-009
ln_F(155,1)     -4.48074 -1.22685e-006
ln_F(155,2)     -6.48051 -1.79491e-006
ln_F(155,3)     -6.69116 -2.41768e-006
ln_F(155,4)     -6.59676 3.53714e-009
ln_F(156,1)     -5.03665 8.15554e-007
ln_F(156,2)     -6.05174 2.54224e-006
ln_F(156,3)     -6.96305 1.33837e-006
ln_F(156,4)     -6.59676 3.53714e-009
ln_F(157,1)     -4.27901 5.11389e-007
ln_F(157,2)      -5.3065 5.95662e-007
ln_F(157,3)     -6.69314 2.09702e-006
ln_F(157,4)     -6.59676 3.53714e-009
ln_F(158,1)     -4.68197 -9.64744e-007
ln_F(158,2)     -6.24648 6.50555e-008
ln_F(158,3)     -6.64684 1.11863e-006
ln_F(158,4)     -6.59676 3.53714e-009
ln_F(159,1)      -4.6232 -1.95788e-006
ln_F(159,2)     -5.98071 -5.57948e-007
ln_F(159,3)     -6.74961 9.02807e-007
ln_F(159,4)     -6.59676 3.53714e-009
ln_F(160,1)     -4.44084 -1.51508e-006
ln_F(160,2)     -5.71714 -6.11174e-007
ln_F(160,3)     -6.78989  2.8398e-006
ln_F(160,4)     -6.59676 3.53714e-009
ln_F(161,1)      -3.8004 -6.35127e-008
ln_F(161,2)      -5.5479 8.28215e-007
ln_F(161,3)     -6.42044 1.22217e-006
ln_F(161,4)     -6.59676 3.53714e-009
ln_F(162,1)     -4.75632 4.51506e-007
ln_F(162,2)     -6.64145 1.24515e-006
ln_F(162,3)     -6.37516 1.32089e-006
ln_F(162,4)     -6.59676 3.53714e-009
ln_F(163,1)     -4.71997 4.76146e-007
ln_F(163,2)     -6.20376 8.85233e-008
ln_F(163,3)     -6.52464 1.19883e-006
ln_F(163,4)     -6.59676 3.53714e-009
ln_F(164,1)      -4.1716  6.3452e-007
ln_F(164,2)     -6.41214 2.25558e-007
ln_F(164,3)     -6.93979 1.39909e-007
ln_F(164,4)     -6.59676 3.53714e-009
ln_F(165,1)     -4.26562  1.5087e-007
ln_F(165,2)     -6.18172 2.89953e-007
ln_F(165,3)     -6.86897 1.60193e-006
ln_F(165,4)     -6.59676 3.53714e-009
ln_F(166,1)     -5.05802 2.16114e-006
ln_F(166,2)     -6.68796 1.33118e-006
ln_F(166,3)      -6.8005 1.38774e-006
ln_F(166,4)     -6.59676 3.53714e-009
ln_F(167,1)     -5.19262 4.65123e-007
ln_F(167,2)     -6.58784 6.12542e-007
ln_F(167,3)     -6.41904 3.55007e-006
ln_F(167,4)     -6.59676 3.53714e-009
ln_F(168,1)     -4.59831 8.98002e-007
ln_F(168,2)     -6.80763 1.18504e-006
ln_F(168,3)     -6.91318 1.89605e-006
ln_F(168,4)     -6.59676 3.53714e-009
ln_F(169,1)     -5.09946 1.09533e-006
ln_F(169,2)     -6.66192 6.02173e-007
ln_F(169,3)     -6.51351 -4.15907e-007
ln_F(169,4)     -6.59676 3.53714e-009
ln_F(170,1)     -5.26439 -1.85116e-007
ln_F(170,2)     -6.60769    2.07e-006
ln_F(170,3)     -6.46895 1.88964e-008
ln_F(170,4)     -6.59676 3.53714e-009
ln_F(171,1)     -5.63464 2.34023e-007
ln_F(171,2)     -6.16644 1.00782e-006
ln_F(171,3)     -6.58591 1.62432e-006
ln_F(171,4)     -6.59676 3.53714e-009
ln_F(172,1)     -5.35863 -8.81956e-007
ln_F(172,2)     -6.98223 -1.11814e-006
ln_F(172,3)     -7.03269 1.72628e-007
ln_F(172,4)     -6.59676 3.53714e-009
ln_F(173,1)      -4.6638 -4.22913e-007
ln_F(173,2)     -6.50262 -1.58571e-006
ln_F(173,3)      -6.4272 -2.2043e-006
ln_F(173,4)     -6.59676 3.53714e-009
ln_F(174,1)     -5.22362 -1.77338e-006
ln_F(174,2)     -6.69634 3.31306e-007
ln_F(174,3)     -6.40233 -1.76556e-007
ln_F(174,4)     -6.59676 3.53714e-009
ln_F(175,1)     -5.10489 -1.26547e-006
ln_F(175,2)     -6.29134 7.45313e-007
ln_F(175,3)     -6.39368 -1.40041e-006
ln_F(175,4)     -6.59676 3.53714e-009
ln_F(176,1)     -4.44928 -8.29686e-007
ln_F(176,2)      -6.8182 2.17519e-006
ln_F(176,3)     -6.76351 -2.5343e-006
ln_F(176,4)     -6.59676 3.53714e-009
ln_F(177,1)      -4.5558 7.30692e-007
ln_F(177,2)     -6.57754 2.51359e-006
ln_F(177,3)     -6.12224 -6.49815e-007
ln_F(177,4)     -6.59676 3.53714e-009
ln_F(178,1)     -5.17237 -7.58316e-008
ln_F(178,2)     -6.52599 1.06591e-006
ln_F(178,3)     -6.13937 8.45489e-008
ln_F(178,4)     -6.59676 3.53714e-009
ln_F(179,1)     -5.15489 -3.53823e-007
ln_F(179,2)      -5.9614 6.83515e-007
ln_F(179,3)     -6.01941 -7.46835e-007
ln_F(179,4)     -6.59676 3.53714e-009
ln_F(180,1)     -5.00945 -3.67702e-007
ln_F(180,2)     -6.37492  1.2605e-006
ln_F(180,3)     -6.78389 1.95797e-006
ln_F(180,4)     -6.59676 3.53714e-009
ln_F(181,1)     -3.95087 8.76393e-007
ln_F(181,2)     -6.08692 4.95145e-007
ln_F(181,3)     -6.71212 9.82209e-007
ln_F(181,4)     -6.59676 3.53714e-009
ln_F(182,1)     -4.83214 4.59268e-007
ln_F(182,2)     -6.88036 -2.60229e-007
ln_F(182,3)     -6.66539 1.35846e-006
ln_F(182,4)     -6.59676 3.53714e-009
ln_F(183,1)     -5.23039  1.0132e-006
ln_F(183,2)        -5.86 1.12673e-006
ln_F(183,3)     -7.69178 1.15888e-007
ln_F(183,4)     -6.59676 3.53714e-009
ln_F(184,1)      -5.0117 2.87979e-009
ln_F(184,2)     -7.01955 -6.61368e-008
ln_F(184,3)      -7.2984 -1.02005e-007
ln_F(184,4)     -6.59676 3.53714e-009
ln_F(185,1)      -4.2267 -1.33242e-006
ln_F(185,2)     -6.34871 -4.26689e-007
ln_F(185,3)     -6.61426 7.58979e-007
ln_F(185,4)     -6.59676 3.53714e-009
ln_F(186,1)     -5.18185 -9.91363e-007
ln_F(186,2)     -6.49952 -9.5789e-009
ln_F(186,3)     -6.65184 -3.80095e-007
ln_F(186,4)     -6.59676 3.53714e-009
ln_F(187,1)     -4.43966 -2.88504e-007
ln_F(187,2)     -5.73297 -1.37924e-007
ln_F(187,3)     -6.54879 -1.46193e-006
ln_F(187,4)     -6.59676 3.53714e-009
ln_F(188,1)     -4.33205 3.00973e-007
ln_F(188,2)     -6.45216 3.45103e-007
ln_F(188,3)     -7.12444 -2.12659e-006
ln_F(188,4)     -6.59676 3.53714e-009
ln_F(189,1)     -4.17496 1.83499e-007
ln_F(189,2)     -6.62337 -1.00413e-006
ln_F(189,3)     -6.77815 -6.59267e-007
ln_F(189,4)     -6.59676 3.53714e-009
ln_F(190,1)     -4.58715  1.1868e-007
ln_F(190,2)     -6.50225 2.05526e-008
ln_F(190,3)     -6.72629 -2.95071e-007
ln_F(190,4)     -6.59676 3.53714e-009
ln_F(191,1)     -4.49223 -1.73288e-007
ln_F(191,2)     -5.39609 7.78994e-007
ln_F(191,3)     -6.51234 -1.76503e-007
ln_F(191,4)     -6.59676 3.53714e-009
ln_F(192,1)     -4.53039 -1.34397e-007
ln_F(192,2)     -6.14167 5.02292e-007
ln_F(192,3)     -7.21836 -2.18488e-007
ln_F(192,4)     -6.59676 3.53714e-009
ln_F(193,1)     -4.43536 -8.29942e-007
ln_F(193,2)     -6.16445 -1.50519e-006
ln_F(193,3)     -6.67073 5.07909e-007
ln_F(193,4)     -6.59676 3.53714e-009
ln_F(194,1)     -4.72373 -7.57413e-007
ln_F(194,2)     -6.12091 -4.49413e-007
ln_F(194,3)      -6.4979 6.21286e-008
ln_F(194,4)     -6.59676 3.53714e-009
ln_F(195,1)       -4.651 -2.47198e-007
ln_F(195,2)     -4.75766 1.24388e-006
ln_F(195,3)     -5.61668   1.567e-006
ln_F(195,4)     -6.59676 3.53714e-009
ln_F(196,1)     -4.99536 -6.6285e-007
ln_F(196,2)     -5.39875 4.87524e-008
ln_F(196,3)     -6.65131 2.00409e-006
ln_F(196,4)     -6.59676 3.53714e-009
ln_F(197,1)     -4.50865 -5.68218e-007
ln_F(197,2)     -5.55335 -8.82451e-007
ln_F(197,3)     -6.56147 2.87275e-006
ln_F(197,4)     -6.59676 3.53714e-009
ln_F(198,1)     -3.67329 1.34351e-007
ln_F(198,2)     -4.40462 -9.63718e-007
ln_F(198,3)     -6.12777 1.35135e-006
ln_F(198,4)     -6.59676 3.53714e-009
ln_F(199,1)     -4.26234 3.28838e-007
ln_F(199,2)     -4.23172 -7.51459e-007
ln_F(199,3)      -6.1227 1.08296e-006
ln_F(199,4)     -6.59676 3.53714e-009
ln_F(200,1)      -4.8789 -9.6402e-007
ln_F(200,2)     -6.31823 -2.47443e-007
ln_F(200,3)     -6.65146 -1.33503e-006
ln_F(200,4)     -6.59676 3.53714e-009
ln_F(201,1)     -4.36294 -1.07897e-006
ln_F(201,2)     -4.47517 -1.29187e-006
ln_F(201,3)     -6.51342 -3.21756e-006
ln_F(201,4)     -6.59676 3.53714e-009
ln_F(202,1)     -4.77546 -5.66865e-007
ln_F(202,2)     -5.35044 -8.11258e-007
ln_F(202,3)     -6.39477 -2.41736e-006
ln_F(202,4)     -6.59676 3.53714e-009
ln_F(203,1)     -4.85819 -1.7031e-006
ln_F(203,2)     -4.31178 -7.83247e-008
ln_F(203,3)     -6.25335 -1.69836e-006
ln_F(203,4)     -6.59676 3.53714e-009
ln_F(204,1)     -4.75447 -1.34499e-006
ln_F(204,2)      -5.8853 3.65682e-007
ln_F(204,3)     -6.70823 -1.39579e-006
ln_F(204,4)     -6.59676 3.53714e-009
ln_F(205,1)     -4.32883 -2.27151e-006
ln_F(205,2)      -4.9313 1.50133e-007
ln_F(205,3)     -6.01825 -1.8988e-006
ln_F(205,4)     -6.59676 3.53714e-009
ln_F(206,1)     -4.50837 -4.41618e-007
ln_F(206,2)     -5.76822 9.24244e-007
ln_F(206,3)     -5.74302 -1.50984e-006
ln_F(206,4)     -6.59676 3.53714e-009
ln_F(207,1)     -4.40314 -6.05794e-008
ln_F(207,2)     -5.51187 -3.79156e-007
ln_F(207,3)     -6.14487 -5.9219e-008
ln_F(207,4)     -6.59676 3.53714e-009
ln_F(208,1)     -4.37263 1.33534e-008
ln_F(208,2)     -4.54106 -1.93475e-007
ln_F(208,3)     -6.45966 -2.4603e-007
ln_F(208,4)     -6.59676 3.53714e-009
ln_F(209,1)     -4.20683 -9.23013e-008
ln_F(209,2)     -4.43025 1.07364e-008
ln_F(209,3)     -5.91951 -9.16187e-008
ln_F(209,4)     -6.59676 3.53714e-009
ln_F(210,1)      -4.4302 -1.1625e-006
ln_F(210,2)      -4.0542 4.92132e-007
ln_F(210,3)     -5.88492 -1.96809e-006
ln_F(210,4)     -6.59676 3.53714e-009
ln_F(211,1)     -4.15891  -3.445e-007
ln_F(211,2)     -4.70529 -1.68504e-006
ln_F(211,3)     -5.74212 -2.40838e-006
ln_F(211,4)     -6.59676 3.53714e-009
ln_F(212,1)     -4.13212 -1.63395e-006
ln_F(212,2)     -4.81661 -1.58819e-006
ln_F(212,3)     -6.03578 -2.38089e-006
ln_F(212,4)     -6.59676 3.53714e-009
ln_F(213,1)     -3.90917 -2.58286e-006
ln_F(213,2)     -4.83856 -2.2783e-006
ln_F(213,3)     -5.65931 -1.88549e-006
ln_F(213,4)     -6.59676 3.53714e-009
ln_F(214,1)     -3.87033 -1.71226e-006
ln_F(214,2)      -4.1156 -7.02971e-007
ln_F(214,3)     -4.82483 -1.34644e-006
ln_F(214,4)     -6.59676 3.53714e-009
ln_F(215,1)     -3.72179 -2.15694e-006
ln_F(215,2)     -3.72979 -8.09003e-008
ln_F(215,3)      -4.6632 -1.20245e-006
ln_F(215,4)     -6.59676 3.53714e-009
ln_F(216,1)     -3.69056 -1.16317e-006
ln_F(216,2)     -4.46529 -1.23776e-006
ln_F(216,3)     -5.14716 -3.21243e-007
ln_F(216,4)     -6.59676 3.53714e-009
ln_F(217,1)     -3.40688 -1.60124e-006
ln_F(217,2)     -4.08123 -9.15452e-007
ln_F(217,3)     -4.65615 -3.25678e-007
ln_F(217,4)     -6.59676 3.53714e-009
ln_F(218,1)     -3.37457 -1.07911e-006
ln_F(218,2)     -3.57944 -1.25523e-006
ln_F(218,3)     -4.34469 -2.96065e-007
ln_F(218,4)     -6.59676 3.53714e-009
ln_F(219,1)     -3.37592 -1.0425e-006
ln_F(219,2)     -4.00832  1.9835e-007
ln_F(219,3)      -4.5168 3.08984e-007
ln_F(219,4)     -6.59676 3.53714e-009
ln_F(220,1)     -3.39223 1.59459e-007
ln_F(220,2)     -5.17323 7.15318e-007
ln_F(220,3)     -4.54212 7.65462e-008
ln_F(220,4)     -6.59676 3.53714e-009
ln_F(221,1)     -3.23975 -2.8142e-007
ln_F(221,2)      -4.3233 1.01029e-006
ln_F(221,3)     -4.56413   -4.22e-008
ln_F(221,4)     -6.59676 3.53714e-009
ln_F(222,1)     -3.55169 -1.59788e-007
ln_F(222,2)     -3.45286 -1.4965e-007
ln_F(222,3)     -4.34364 -1.80827e-006
ln_F(222,4)     -6.59676 3.53714e-009
ln_F(223,1)     -3.48455 -7.70586e-007
ln_F(223,2)     -3.27177 -6.37327e-007
ln_F(223,3)     -4.62895 -1.92174e-006
ln_F(223,4)     -6.59676 3.53714e-009
ln_F(224,1)     -3.60078 -1.08393e-006
ln_F(224,2)     -6.06966 -1.91164e-006
ln_F(224,3)     -5.15916 -2.38337e-006
ln_F(224,4)     -6.59676 3.53714e-009
ln_F(225,1)     -3.43697 -1.00757e-006
ln_F(225,2)     -4.43123 -3.77422e-007
ln_F(225,3)     -4.97016 -1.9106e-006
ln_F(225,4)     -6.59676 3.53714e-009
ln_F(226,1)     -3.74111 -7.91572e-007
ln_F(226,2)     -3.67739 -5.39822e-007
ln_F(226,3)     -4.52524 -1.43861e-006
ln_F(226,4)     -6.59676 3.53714e-009
ln_F(227,1)     -3.81467 -2.17691e-006
ln_F(227,2)     -3.87143 -3.34346e-007
ln_F(227,3)     -4.88836 -1.08908e-006
ln_F(227,4)     -6.59676 3.53714e-009
ln_F(228,1)     -3.93887 -5.42842e-007
ln_F(228,2)      -6.0871 -3.79923e-007
ln_F(228,3)     -5.27783 -5.96919e-007
ln_F(228,4)     -6.59676 3.53714e-009
ln_F(229,1)      -3.8566 -3.87824e-007
ln_F(229,2)     -4.23151 2.01415e-007
ln_F(229,3)     -5.35325 1.45814e-006
ln_F(229,4)     -6.59676 3.53714e-009
ln_F(230,1)     -3.98388 7.09131e-007
ln_F(230,2)     -3.63852 2.26659e-007
ln_F(230,3)     -4.42777 2.69061e-007
ln_F(230,4)     -6.59676 3.53714e-009
ln_F(231,1)     -4.08083 1.48523e-007
ln_F(231,2)     -3.70864 1.52204e-006
ln_F(231,3)     -3.59855 -8.28436e-007
ln_F(231,4)     -6.59676 3.53714e-009
ln_F(232,1)     -4.23515 -9.28939e-007
ln_F(232,2)     -4.78093 -8.31005e-007
ln_F(232,3)     -5.18681 8.29738e-007
ln_F(232,4)     -6.59676 3.53714e-009
ln_F(233,1)     -4.00931 -1.42541e-006
ln_F(233,2)     -5.30641 -4.96033e-007
ln_F(233,3)     -5.07089 -6.08877e-007
ln_F(233,4)     -6.59676 3.53714e-009
ln_F(234,1)     -4.03815 -5.93132e-007
ln_F(234,2)     -3.89243 -9.19112e-007
ln_F(234,3)     -4.03554 -8.39067e-007
ln_F(234,4)     -6.59676 3.53714e-009
ln_F(235,1)     -3.73281 -1.81587e-007
ln_F(235,2)     -3.74138 9.20943e-007
ln_F(235,3)     -3.93519 1.27932e-007
ln_F(235,4)     -6.59676 3.53714e-009
ln_F(236,1)     -3.73804 -5.2644e-007
ln_F(236,2)     -4.58202 -2.71347e-007
ln_F(236,3)     -4.68068 -3.31837e-006
ln_F(236,4)     -6.59676 3.53714e-009
ln_F(237,1)     -3.60302 -1.03221e-006
ln_F(237,2)     -4.57334 -1.0429e-006
ln_F(237,3)     -4.66983 -3.03433e-006
ln_F(237,4)     -6.59676 3.53714e-009
ln_F(238,1)     -3.89851 -1.04548e-006
ln_F(238,2)     -3.59533 -1.54087e-007
ln_F(238,3)     -4.62882 -1.69798e-006
ln_F(238,4)     -6.59676 3.53714e-009
ln_F(239,1)     -4.03765 -1.22723e-006
ln_F(239,2)     -3.88277 -4.68738e-007
ln_F(239,3)      -4.5867  -1.456e-007
ln_F(239,4)     -6.59676 3.53714e-009
ln_F(240,1)     -4.25508 -7.84522e-007
ln_F(240,2)     -4.19345 -1.02146e-006
ln_F(240,3)     -5.19364 5.27648e-007
ln_F(240,4)     -6.59676 3.53714e-009
ln_F(241,1)     -3.91492 -6.07118e-007
ln_F(241,2)     -4.60122 -7.93668e-007
ln_F(241,3)     -4.90041 -1.30172e-006
ln_F(241,4)     -6.59676 3.53714e-009
ln_F(242,1)     -3.97592 -4.88809e-007
ln_F(242,2)     -4.51096 -1.55373e-006
ln_F(242,3)     -4.63674 1.46017e-006
ln_F(242,4)     -6.59676 3.53714e-009
ln_F(243,1)     -4.21046 -1.17102e-006
ln_F(243,2)     -3.97435 -8.59149e-007
ln_F(243,3)     -4.80312  4.9409e-007
ln_F(243,4)     -6.59676 3.53714e-009
ln_F(244,1)     -4.26072 -1.52976e-007
ln_F(244,2)     -4.86338 3.63858e-007
ln_F(244,3)     -5.12696 4.13142e-007
ln_F(244,4)     -6.59676 3.53714e-009
ln_F(245,1)      -4.0971 1.45648e-006
ln_F(245,2)       -4.805  1.3303e-006
ln_F(245,3)     -5.01437 1.23156e-007
ln_F(245,4)     -6.59676 3.53714e-009
ln_F(246,1)     -4.32007 1.27624e-006
ln_F(246,2)     -4.81037 1.49247e-006
ln_F(246,3)      -4.9407 1.07288e-007
ln_F(246,4)     -6.59676 3.53714e-009
ln_F(247,1)     -3.90173 1.76341e-006
ln_F(247,2)     -4.23902 1.56718e-006
ln_F(247,3)     -4.32146 1.32407e-006
ln_F(247,4)     -6.59676 3.53714e-009
ln_F(248,1)     -4.15773 7.98995e-007
ln_F(248,2)     -5.03113 1.41119e-006
ln_F(248,3)     -5.38924 -6.48332e-007
ln_F(248,4)     -6.59676 3.53714e-009
ln_F(249,1)     -3.89314 1.48564e-006
ln_F(249,2)     -5.36694 2.70724e-006
ln_F(249,3)     -5.18972 4.04121e-007
ln_F(249,4)     -6.59676 3.53714e-009
ln_F(250,1)     -4.06767 3.78412e-007
ln_F(250,2)     -4.15758 1.27985e-006
ln_F(250,3)     -5.07971 -6.41594e-007
ln_F(250,4)     -6.59676 3.53714e-009
ln_F(251,1)     -3.82347 5.89189e-007
ln_F(251,2)     -4.23881 2.81739e-007
ln_F(251,3)     -4.38908 2.15105e-007
ln_F(251,4)     -6.59676 3.53714e-009
ln_F(252,1)     -3.96169 -5.91264e-007
ln_F(252,2)     -5.40115 8.08347e-007
ln_F(252,3)     -4.98514 -9.05006e-007
ln_F(252,4)     -6.59676 3.53714e-009
ln_F(253,1)     -3.59723 -2.97578e-008
ln_F(253,2)     -5.02167 3.95544e-007
ln_F(253,3)     -4.60097 -7.67704e-007
ln_F(253,4)     -6.59676 3.53714e-009
ln_F(254,1)     -3.89131 1.63817e-006
ln_F(254,2)     -4.84249 7.80024e-007
ln_F(254,3)     -4.78867 9.04037e-007
ln_F(254,4)     -6.59676 3.53714e-009
ln_F(255,1)     -4.18984 1.45241e-006
ln_F(255,2)     -4.31862 1.35093e-006
ln_F(255,3)     -4.62596 -5.24229e-007
ln_F(255,4)     -6.59676 3.53714e-009
ln_F(256,1)     -4.43659 6.67159e-007
ln_F(256,2)     -5.15672 1.14179e-006
ln_F(256,3)     -5.13038 2.28496e-007
ln_F(256,4)     -6.59676 3.53714e-009
ln_F(257,1)     -3.94532 7.39114e-008
ln_F(257,2)     -4.47558 2.02243e-006
ln_F(257,3)     -5.15807 -1.74319e-007
ln_F(257,4)     -6.59676 3.53714e-009
ln_F(258,1)     -3.58694 1.45374e-006
ln_F(258,2)     -4.49021 2.35949e-006
ln_F(258,3)     -4.65729 -3.87836e-007
ln_F(258,4)     -6.59676 3.53714e-009
ln_F(259,1)     -3.67161 1.26199e-006
ln_F(259,2)     -3.66196 1.02863e-006
ln_F(259,3)     -4.61677 -6.10617e-007
ln_F(259,4)     -6.59676 3.53714e-009
ln_F(260,1)      -3.6378 1.65102e-006
ln_F(260,2)     -4.78036 2.69165e-007
ln_F(260,3)     -4.43868 1.40857e-006
ln_F(260,4)     -6.59676 3.53714e-009
ln_F(261,1)     -3.50417 2.44312e-007
ln_F(261,2)      -4.2585 1.33222e-006
ln_F(261,3)      -4.7066 1.11331e-006
ln_F(261,4)     -6.59676 3.53714e-009
ln_F(262,1)     -3.43311 9.55293e-007
ln_F(262,2)     -4.59826 2.17653e-006
ln_F(262,3)     -4.20691 4.64228e-007
ln_F(262,4)     -6.59676 3.53714e-009
ln_F(263,1)     -3.81936 4.64567e-007
ln_F(263,2)     -4.29249 1.99131e-006
ln_F(263,3)     -3.99633 1.87698e-006
ln_F(263,4)     -6.59676 3.53714e-009
ln_F(264,1)     -3.54718 2.05291e-007
ln_F(264,2)     -5.22999   1.554e-007
ln_F(264,3)     -3.62797 7.54332e-007
ln_F(264,4)     -6.59676 3.53714e-009
ln_F(265,1)     -3.73458 1.52851e-007
ln_F(265,2)     -4.45278 -7.36231e-007
ln_F(265,3)     -3.88842 8.23446e-008
ln_F(265,4)     -6.59676 3.53714e-009
ln_F(266,1)     -3.72204 -1.15081e-007
ln_F(266,2)     -3.99002 1.50246e-007
ln_F(266,3)     -3.84604 -7.28163e-007
ln_F(266,4)     -6.59676 3.53714e-009
ln_F(267,1)     -3.38537 -1.93565e-007
ln_F(267,2)     -4.05433   6.814e-007
ln_F(267,3)     -4.09452 -1.85633e-006
ln_F(267,4)     -6.59676 3.53714e-009
ln_F(268,1)     -3.69138 -1.76484e-006
ln_F(268,2)     -5.71165 -2.06284e-006
ln_F(268,3)     -4.35778 -3.49559e-006
ln_F(268,4)     -6.59676 3.53714e-009
ln_F(269,1)     -3.84461 5.92413e-007
ln_F(269,2)     -5.22968 5.82353e-007
ln_F(269,3)     -4.58933 -1.75048e-006
ln_F(269,4)     -6.59676 3.53714e-009
ln_F(270,1)     -3.90521 9.76958e-007
ln_F(270,2)     -4.36318 2.84044e-006
ln_F(270,3)     -4.37448 -1.27333e-006
ln_F(270,4)     -6.59676 3.53714e-009
ln_F(271,1)     -3.99141 -2.94519e-007
ln_F(271,2)     -4.35828 1.61622e-006
ln_F(271,3)     -4.43821 -2.29192e-006
ln_F(271,4)     -6.59676 3.53714e-009
ln_F(272,1)     -5.09965 -1.6563e-006
ln_F(272,2)      -6.0635 -4.49972e-007
ln_F(272,3)     -5.04068 -9.20749e-007
ln_F(272,4)     -6.59676 3.53714e-009
ln_F(273,1)      -5.1191 -1.14889e-006
ln_F(273,2)     -6.44896 -2.48434e-006
ln_F(273,3)     -4.93928 -6.48095e-007
ln_F(273,4)     -6.59676 3.53714e-009
ln_F(274,1)     -5.11697 -1.37609e-006
ln_F(274,2)     -4.65096 1.18934e-006
ln_F(274,3)     -4.69569 -2.0284e-008
ln_F(274,4)     -6.59676 3.53714e-009
ln_F(275,1)     -5.29688 -1.17991e-007
ln_F(275,2)      -4.9107 9.45615e-007
ln_F(275,3)     -4.79731 -3.94111e-007
ln_F(275,4)     -6.59676 3.53714e-009
ln_F(276,1)     -4.85516 8.87704e-007
ln_F(276,2)     -6.32102 1.60736e-006
ln_F(276,3)     -4.44027 -2.87271e-007
ln_F(276,4)     -6.59676 3.53714e-009
ln_F(277,1)     -4.83232 8.26436e-007
ln_F(277,2)     -6.03611 4.22094e-006
ln_F(277,3)     -4.51181 1.02287e-006
ln_F(277,4)     -6.59676 3.53714e-009
ln_F(278,1)     -4.85031  4.5395e-007
ln_F(278,2)      -4.7596 2.67752e-006
ln_F(278,3)      -4.4132 -3.49368e-008
ln_F(278,4)     -6.59676 3.53714e-009
ln_F(279,1)     -4.50656 2.83983e-007
ln_F(279,2)     -4.51501 2.18464e-006
ln_F(279,3)     -4.17709 8.67515e-008
ln_F(279,4)     -6.59676 3.53714e-009
ln_F(280,1)     -4.59977 -9.73286e-007
ln_F(280,2)     -6.10827 3.81393e-007
ln_F(280,3)     -4.41165 -7.94168e-007
ln_F(280,4)     -6.59676 3.53714e-009
ln_F(281,1)     -4.46169 -2.81214e-006
ln_F(281,2)     -6.19988 -1.59319e-006
ln_F(281,3)     -4.49106 -3.02318e-006
ln_F(281,4)     -6.59676 3.53714e-009
ln_F(282,1)     -4.29873 -3.01789e-006
ln_F(282,2)     -4.48505  3.8424e-007
ln_F(282,3)     -4.11619 -2.01428e-006
ln_F(282,4)     -6.59676 3.53714e-009
ln_F(283,1)     -4.38813 -2.65512e-006
ln_F(283,2)     -3.88952 2.06722e-007
ln_F(283,3)     -4.06216 -1.78223e-006
ln_F(283,4)     -6.59676 3.53714e-009
ln_F(284,1)     -4.34757 -1.0083e-006
ln_F(284,2)     -5.84218 -4.54893e-007
ln_F(284,3)     -4.46919 -1.48425e-006
ln_F(284,4)     -6.59676 3.53714e-009
ln_F(285,1)     -4.37768 -1.79902e-006
ln_F(285,2)     -6.26173 -3.32278e-008
ln_F(285,3)     -4.35351 -2.1137e-006
ln_F(285,4)     -6.59676 3.53714e-009
ln_F(286,1)     -4.32056 4.02386e-007
ln_F(286,2)     -5.37779 -3.52932e-007
ln_F(286,3)     -4.37216 -1.16933e-008
ln_F(286,4)     -6.59676 3.53714e-009
ln_F(287,1)     -3.78209 7.51806e-007
ln_F(287,2)     -3.69576 2.82963e-008
ln_F(287,3)     -4.06084 1.37598e-006
ln_F(287,4)     -6.59676 3.53714e-009
ln_F(288,1)     -3.73215 -4.85168e-007
ln_F(288,2)      -4.8918 5.15573e-007
ln_F(288,3)     -4.22944 -2.84152e-007
ln_F(288,4)     -6.59676 3.53714e-009
ln_F(289,1)     -3.83593 -7.61763e-007
ln_F(289,2)     -5.52003 -1.51968e-006
ln_F(289,3)     -4.28957 -1.61154e-007
ln_F(289,4)     -6.59676 3.53714e-009
ln_F(290,1)     -3.93407 -1.11137e-006
ln_F(290,2)     -6.37837 -4.0194e-007
ln_F(290,3)      -4.2828 -1.74263e-006
ln_F(290,4)     -6.59676 3.53714e-009
ln_F(291,1)     -4.11508 -1.77339e-006
ln_F(291,2)     -5.05395 -1.75003e-006
ln_F(291,3)     -4.66998 -4.83508e-006
ln_F(291,4)     -6.59676 3.53714e-009
ln_F(292,1)     -4.04986 -2.11321e-006
ln_F(292,2)     -5.06268 -8.77711e-007
ln_F(292,3)     -4.64072 -1.7183e-006
ln_F(292,4)     -6.59676 3.53714e-009
ln_F(293,1)     -3.93139 -2.34381e-006
ln_F(293,2)     -4.39609 8.15172e-007
ln_F(293,3)     -4.51733 -2.19426e-006
ln_F(293,4)     -6.59676 3.53714e-009
ln_F(294,1)      -2.8027 -7.27924e-007
ln_F(294,2)     -3.91764  1.1169e-006
ln_F(294,3)     -4.01263 -1.26484e-007
ln_F(294,4)     -6.59676 3.53714e-009
ln_F(295,1)     -3.14157 -1.14452e-007
ln_F(295,2)     -4.30904 7.94327e-007
ln_F(295,3)     -4.40898 6.22189e-007
ln_F(295,4)     -6.59676 3.53714e-009
ln_F(296,1)     -3.25283 -1.12495e-006
ln_F(296,2)     -5.67927 -6.44136e-007
ln_F(296,3)     -4.49376 1.30737e-006
ln_F(296,4)     -6.59676 3.53714e-009
ln_F(297,1)     -3.28068 -2.0932e-007
ln_F(297,2)     -4.45813 -1.15068e-006
ln_F(297,3)     -4.72141 -2.47377e-007
ln_F(297,4)     -6.59676 3.53714e-009
ln_F(298,1)     -3.04553 -7.2285e-007
ln_F(298,2)     -4.30469 -1.00303e-006
ln_F(298,3)     -4.22069 -1.48534e-006
ln_F(298,4)     -6.59676 3.53714e-009
ln_F(299,1)     -3.81517 -2.56953e-006
ln_F(299,2)     -3.88009 -5.22628e-007
ln_F(299,3)     -4.51668 -1.8256e-006
ln_F(299,4)     -6.59676 3.53714e-009
ln_F(300,1)     -3.93191 -2.22928e-007
ln_F(300,2)     -4.88886  1.6882e-006
ln_F(300,3)     -4.61109 2.18169e-006
ln_F(300,4)     -6.59676 3.53714e-009
ln_F(301,1)     -3.98703 5.52442e-007
ln_F(301,2)     -4.50717 2.03633e-006
ln_F(301,3)      -4.7805 2.26298e-006
ln_F(301,4)     -6.59676 3.53714e-009
ln_F(302,1)     -4.13538 9.69319e-007
ln_F(302,2)     -5.49959 2.14845e-006
ln_F(302,3)     -4.66658 2.43826e-006
ln_F(302,4)     -6.59676 3.53714e-009
ln_init_abund(1,1)           10 -1.35894e-007
ln_init_abund(1,2)           10 3.43337e-006
ln_init_abund(1,3)           10 1.12727e-006
ln_init_abund(1,4)           10  1.9417e-006
ln_init_abund(1,5)           10 -8.28229e-006
ln_init_abund(1,6)      9.90063 -1.68766e-006
ln_init_abund(1,7)           10 -1.90372e-008
ln_init_abund(1,8)       9.7891 -1.99054e-006
ln_init_abund(1,9)           10 -7.53852e-007
ln_init_abund(1,10)      9.98731  4.5588e-007
ln_init_abund(1,11)           10 -2.01869e-007
ln_init_abund(1,12)       9.4929 -1.38343e-006
ln_init_abund(1,13)           10 -8.58367e-010
ln_init_abund(1,14)      8.87644 -1.48162e-006
ln_init_abund(1,15)      8.78235  2.4819e-007
ln_init_abund(1,16)      8.57001 1.34733e-006
ln_init_abund(1,17)      8.57876 -7.35026e-007
ln_init_abund(1,18)      8.37697 -1.65076e-006
ln_init_abund(1,19)      8.28064  1.0982e-006
ln_init_abund(1,20)      7.81589 -5.13391e-008
ln_init_abund(1,21)      7.40679 -3.12287e-007
ln_init_abund(1,22)      6.91793 -1.33505e-007
ln_init_abund(1,23)      6.90426 2.65078e-007
ln_init_abund(1,24)      6.02154 -5.46007e-008
ln_init_abund(1,25)      7.44165  1.6064e-008
ln_init_abund(1,26)      7.28244 1.47426e-007
ln_init_abund(1,27)           10 -6.75396e-008
