ParName   Value   Gradient
ln_R_ave(1)      12.0289   -0.0100317
ln_rec_devs(1,1)     0.724527 -7.83651e-005
ln_rec_devs(1,2)     0.317076  2.7198e-005
ln_rec_devs(1,3)    -0.218253 -0.000113958
ln_rec_devs(1,4)     0.397642  -0.00016553
ln_rec_devs(1,5)      1.15879 -3.66837e-005
ln_rec_devs(1,6)     0.403723 -2.81244e-005
ln_rec_devs(1,7)     0.828341 1.65283e-005
ln_rec_devs(1,8)      1.15481 -3.06774e-005
ln_rec_devs(1,9)      1.23542 -0.000172842
ln_rec_devs(1,10)       1.0223 2.95501e-005
ln_rec_devs(1,11)      1.14015 8.49191e-005
ln_rec_devs(1,12)     0.320399 1.22185e-005
ln_rec_devs(1,13)     0.783649 -1.32868e-005
ln_rec_devs(1,14)     0.631302  -0.00023053
ln_rec_devs(1,15)     0.590759 -8.38863e-005
ln_rec_devs(1,16)     0.246106 -5.6808e-005
ln_rec_devs(1,17)     0.659299  -9.394e-005
ln_rec_devs(1,18)     0.692162 -6.86371e-005
ln_rec_devs(1,19)     0.627323 -5.4541e-005
ln_rec_devs(1,20)     0.750603 -8.49891e-005
ln_rec_devs(1,21)      1.04367 -0.000113677
ln_rec_devs(1,22)      0.85153 -0.000110678
ln_rec_devs(1,23)       1.0578 -0.000109621
ln_rec_devs(1,24)     0.620163 -7.82585e-005
ln_rec_devs(1,25)     0.638296 -6.9765e-005
ln_rec_devs(1,26)     0.632111 -7.88325e-005
ln_rec_devs(1,27)     0.374701 -5.4374e-005
ln_rec_devs(1,28)      0.36568 -7.20892e-005
ln_rec_devs(1,29)     0.454093 -6.6771e-005
ln_rec_devs(1,30)     0.565566 -8.07099e-005
ln_rec_devs(1,31)     0.928755 -9.56646e-005
ln_rec_devs(1,32)     0.801384 -0.000105482
ln_rec_devs(1,33)     0.914614 -0.000126865
ln_rec_devs(1,34)     0.721061 -7.36177e-005
ln_rec_devs(1,35)     0.349808 -6.27904e-005
ln_rec_devs(1,36)     0.480167 -8.44555e-005
ln_rec_devs(1,37)     0.243923 -7.36314e-005
ln_rec_devs(1,38)     0.472671 -8.88412e-005
ln_rec_devs(1,39)     0.765738 -0.000182328
ln_rec_devs(1,40)     0.756304 -7.67501e-005
ln_rec_devs(1,41)       1.1053 -0.000100714
ln_rec_devs(1,42)     0.779907 -5.96836e-005
ln_rec_devs(1,43)     0.958074 -9.89693e-005
ln_rec_devs(1,44)     0.480816 -9.18029e-005
ln_rec_devs(1,45)      0.62913 -0.000104433
ln_rec_devs(1,46)     0.579823 -5.51804e-005
ln_rec_devs(1,47)     0.769072 -9.45385e-005
ln_rec_devs(1,48)      0.19678 -5.20056e-005
ln_rec_devs(1,49)     0.407212 -5.6111e-005
ln_rec_devs(1,50)      1.08436 -0.000168281
ln_rec_devs(1,51)      1.01048 -0.000122027
ln_rec_devs(1,52)     0.632612 -9.17095e-005
ln_rec_devs(1,53)     0.651206 -6.20963e-005
ln_rec_devs(1,54)      0.52971 -4.34618e-005
ln_rec_devs(1,55)     0.625981 -6.22439e-005
ln_rec_devs(1,56)     0.722279 1.47014e-005
ln_rec_devs(1,57)     0.465616 -8.09518e-005
ln_rec_devs(1,58)     0.139602 -8.00124e-005
ln_rec_devs(1,59)    0.0206362 -6.80133e-005
ln_rec_devs(1,60)     0.193234 -6.11068e-005
ln_rec_devs(1,61)     0.211976 -3.50607e-005
ln_rec_devs(1,62)     0.689665 -3.72796e-005
ln_rec_devs(1,63)     0.624326 -3.02872e-005
ln_rec_devs(1,64)     0.488052 -3.32318e-005
ln_rec_devs(1,65)     0.551321  -3.569e-005
ln_rec_devs(1,66)     0.519629 -2.36953e-005
ln_rec_devs(1,67)     0.480998 -3.2738e-005
ln_rec_devs(1,68)      1.13803 -3.31802e-005
ln_rec_devs(1,69)     0.902984 -3.58701e-005
ln_rec_devs(1,70)      1.04819 -3.60253e-005
ln_rec_devs(1,71)     0.843031 -3.45333e-005
ln_rec_devs(1,72)      1.34408 -5.68501e-005
ln_rec_devs(1,73)      1.01635 -3.80942e-005
ln_rec_devs(1,74)     0.761498 -3.89095e-005
ln_rec_devs(1,75)      0.60173 -3.43479e-005
ln_rec_devs(1,76)     0.599504 -7.73348e-005
ln_rec_devs(1,77)     0.274268 -3.40918e-005
ln_rec_devs(1,78)     0.845088 -3.14227e-005
ln_rec_devs(1,79)     0.700399 -3.81205e-005
ln_rec_devs(1,80)     0.968982 -6.91221e-005
ln_rec_devs(1,81)      1.09485 -6.6523e-005
ln_rec_devs(1,82)     0.660227 -7.07296e-005
ln_rec_devs(1,83)     0.429559 -9.87316e-005
ln_rec_devs(1,84)     0.569965 -7.98934e-005
ln_rec_devs(1,85)     0.757974 -4.40569e-005
ln_rec_devs(1,86)     0.940345 -7.95696e-005
ln_rec_devs(1,87)     0.572131 -6.89859e-005
ln_rec_devs(1,88)     0.773404 -6.50968e-005
ln_rec_devs(1,89)     0.446854 -5.60763e-005
ln_rec_devs(1,90)     0.887035 -0.000131064
ln_rec_devs(1,91)     0.965483 -0.000181068
ln_rec_devs(1,92)     0.831029 -9.05258e-005
ln_rec_devs(1,93)      1.05118 -0.000128228
ln_rec_devs(1,94)     0.782905 -8.76042e-005
ln_rec_devs(1,95)      1.00151 -0.000157887
ln_rec_devs(1,96)     0.693789 -0.000136021
ln_rec_devs(1,97)      0.94539 -0.000177603
ln_rec_devs(1,98)     0.492512 -0.000116719
ln_rec_devs(1,99)     0.509375 -0.000128703
ln_rec_devs(1,100)     0.300366 -7.46339e-005
ln_rec_devs(1,101)     0.406922 -0.000110866
ln_rec_devs(1,102)     0.823618 -0.000207968
ln_rec_devs(1,103)      0.57862 -0.000249922
ln_rec_devs(1,104)     0.379629 -0.000119358
ln_rec_devs(1,105)     0.660322 -0.000172778
ln_rec_devs(1,106)     0.208962 -0.000115755
ln_rec_devs(1,107)     0.190768 -7.99635e-005
ln_rec_devs(1,108)      0.70168 -0.000126433
ln_rec_devs(1,109)     0.922676 -0.000140759
ln_rec_devs(1,110)      0.87017 -0.000106528
ln_rec_devs(1,111)       1.1349 -0.000144786
ln_rec_devs(1,112)     0.916954 -0.000113852
ln_rec_devs(1,113)      1.20362 -0.000136551
ln_rec_devs(1,114)      1.05774  -0.00013024
ln_rec_devs(1,115)     0.683018 -0.000103692
ln_rec_devs(1,116)     0.612232  -0.00010269
ln_rec_devs(1,117)      0.54215 -7.73545e-005
ln_rec_devs(1,118)     0.643001 -0.000108422
ln_rec_devs(1,119)     0.780888 -0.000166745
ln_rec_devs(1,120)     0.444226 -9.98656e-005
ln_rec_devs(1,121)     0.431418 -9.82921e-005
ln_rec_devs(1,122)     0.341404 -9.13071e-005
ln_rec_devs(1,123)     0.157071 -8.19833e-005
ln_rec_devs(1,124)    0.0959874 -5.71644e-005
ln_rec_devs(1,125)     0.625469 -8.08545e-005
ln_rec_devs(1,126)     0.613789 -9.28232e-005
ln_rec_devs(1,127)     0.711447 -8.69066e-005
ln_rec_devs(1,128)     0.153119 -2.79429e-005
ln_rec_devs(1,129)     0.705838 -0.000111894
ln_rec_devs(1,130)     0.523184 -7.20657e-005
ln_rec_devs(1,131)     0.497366 -5.65064e-005
ln_rec_devs(1,132)     0.786407 -6.96889e-005
ln_rec_devs(1,133)     0.689707 -3.86466e-005
ln_rec_devs(1,134)     0.748326 -7.34069e-005
ln_rec_devs(1,135)      1.23981 -3.91731e-005
ln_rec_devs(1,136)     0.763878 -6.8096e-005
ln_rec_devs(1,137)     0.767424 -6.85492e-005
ln_rec_devs(1,138)     0.458467 -3.10257e-005
ln_rec_devs(1,139)     0.791703 -4.98916e-005
ln_rec_devs(1,140)     0.963805 -4.29775e-005
ln_rec_devs(1,141)     0.980588 -2.85075e-005
ln_rec_devs(1,142)      1.06279 -9.57866e-006
ln_rec_devs(1,143)     0.923278 -7.43961e-006
ln_rec_devs(1,144)     0.923402 4.73669e-007
ln_rec_devs(1,145)     0.429892 -1.40038e-005
ln_rec_devs(1,146)     0.263952 -1.84663e-005
ln_rec_devs(1,147)     0.492058  1.6364e-005
ln_rec_devs(1,148)    -0.150082 -3.5062e-006
ln_rec_devs(1,149)   -0.0975289 -3.61629e-006
ln_rec_devs(1,150)   -0.0348512 -2.69676e-005
ln_T_CNST(1,1)    -0.810867  -0.00513988
ln_T_CNST(2,1)       1.0209  0.000225761
log_sel_beta1(1,1)     0.749206  0.000404312
log_sel_beta1(1,2)     0.104701    0.0015861
log_sel_beta1(1,3)     0.284973 7.93875e-005
log_sel_beta1(1,4)    0.0245217  0.000699865
log_sel_beta1(2,1)     0.642368 -3.40965e-005
log_sel_beta1(2,2)      0.06635  4.3293e-005
log_sel_beta1(2,3)      0.20762  0.000200805
log_sel_beta1(2,4)     -0.20583 7.95512e-008
log_sel_beta2(1,1)      2.01763  0.000554197
log_sel_beta2(1,2)       2.0281  0.000468443
log_sel_beta2(1,3)      1.96969   0.00147212
log_sel_beta2(1,4)      1.91715   0.00736307
log_sel_beta2(2,1)      1.99165 -1.95608e-005
log_sel_beta2(2,2)      2.13934  0.000327927
log_sel_beta2(2,3)      1.90577  -0.00419449
log_sel_beta2(2,4)      1.33036 2.81487e-007
log_sel_beta3(1,1)     -1.10541 -8.98429e-006
log_sel_beta3(1,2)    -0.201078 8.00469e-008
log_sel_beta3(1,3)     -2.73868 -3.08525e-005
log_sel_beta3(1,4)    -0.640271 -0.000699893
log_sel_beta3(2,1)     -1.54207 -1.27402e-005
log_sel_beta3(2,2)    -0.201078 8.00469e-008
log_sel_beta3(2,3)     -2.31485 -8.00904e-005
log_sel_beta3(2,4)    -0.201078 8.00469e-008
log_sel_beta4(1,1)     -4.99999 1.65959e-006
log_sel_beta4(1,2)    -0.126663 8.78593e-008
log_sel_beta4(1,3)     -4.72221   0.00445747
log_sel_beta4(1,4)     -4.99999 6.54768e-006
log_sel_beta4(2,1)     -4.99996 4.03004e-007
log_sel_beta4(2,2)    -0.126663 8.78593e-008
log_sel_beta4(2,3)     -4.75161  -0.00357124
log_sel_beta4(2,4)    -0.126663 8.78593e-008
ln_q(1,1)          -15  -0.00178362
ln_F(1,1)     -6.73095 -1.96357e-005
ln_F(1,2)     -7.96113 1.30379e-005
ln_F(1,3)     -13.2183 1.37359e-006
ln_F(1,4)     -7.36546 1.53515e-005
ln_F(2,1)     -6.35619 1.74358e-005
ln_F(2,2)     -8.91126  3.6899e-006
ln_F(2,3)     -13.2189 4.90389e-006
ln_F(2,4)     -6.11111 2.63594e-005
ln_F(3,1)     -6.24367 1.91093e-005
ln_F(3,2)     -7.24045 9.04095e-006
ln_F(3,3)     -13.2208 -5.07774e-006
ln_F(3,4)     -7.41107 -1.14902e-005
ln_F(4,1)     -6.16569 5.18802e-006
ln_F(4,2)     -7.72256 1.61502e-005
ln_F(4,3)     -7.21145 8.18274e-006
ln_F(4,4)     -2.44915 1.16314e-007
ln_F(5,1)     -6.43168 1.92519e-006
ln_F(5,2)     -7.98715 9.70778e-006
ln_F(5,3)     -6.77352 4.67473e-007
ln_F(5,4)     -2.44915 1.16314e-007
ln_F(6,1)     -6.05553 3.25616e-005
ln_F(6,2)     -8.35089 4.34501e-006
ln_F(6,3)     -5.77367 -3.5264e-006
ln_F(6,4)     -2.44915 1.16314e-007
ln_F(7,1)     -5.96626  8.1076e-006
ln_F(7,2)     -8.01602 -2.02385e-007
ln_F(7,3)     -7.54243 6.61321e-006
ln_F(7,4)     -2.44915 1.16314e-007
ln_F(8,1)     -5.82711 -8.17447e-006
ln_F(8,2)     -8.09596 1.30415e-006
ln_F(8,3)     -6.54756 1.54234e-005
ln_F(8,4)     -2.44915 1.16314e-007
ln_F(9,1)     -6.11383 -1.61712e-005
ln_F(9,2)     -8.39638 1.61532e-006
ln_F(9,3)     -6.80604 1.06457e-005
ln_F(9,4)     -2.44915 1.16314e-007
ln_F(10,1)     -5.62739 1.32755e-005
ln_F(10,2)     -8.74629 -3.86635e-006
ln_F(10,3)     -5.36052 3.32499e-005
ln_F(10,4)     -2.44915 1.16314e-007
ln_F(11,1)     -5.40241  2.5666e-005
ln_F(11,2)     -7.85463 6.40724e-006
ln_F(11,3)     -7.84889 2.55913e-005
ln_F(11,4)     -2.44915 1.16314e-007
ln_F(12,1)     -5.30672 -8.09577e-006
ln_F(12,2)     -7.75601 -1.29528e-005
ln_F(12,3)      -6.0412 1.41491e-005
ln_F(12,4)     -9.05262  3.2956e-005
ln_F(13,1)     -5.68243 1.52614e-005
ln_F(13,2)     -7.53177 -8.30934e-007
ln_F(13,3)     -6.11579 -1.64053e-005
ln_F(13,4)      -9.1347 3.96858e-006
ln_F(14,1)     -5.39291 1.08469e-005
ln_F(14,2)      -7.5948 -2.2459e-005
ln_F(14,3)     -5.26779 -1.10416e-005
ln_F(14,4)     -9.20581 4.82891e-006
ln_F(15,1)     -5.49718 1.36601e-005
ln_F(15,2)      -7.2586 -1.12922e-005
ln_F(15,3)     -6.91078 4.25152e-005
ln_F(15,4)     -9.29447 1.73171e-005
ln_F(16,1)     -6.14183  2.9004e-006
ln_F(16,2)     -7.16832 -3.21325e-005
ln_F(16,3)     -6.17765 3.25169e-005
ln_F(16,4)     -10.7216  8.8649e-006
ln_F(17,1)     -6.23056 -3.16676e-005
ln_F(17,2)     -6.82971 1.29088e-005
ln_F(17,3)     -6.93536 2.49939e-005
ln_F(17,4)     -10.7119 2.44205e-006
ln_F(18,1)     -6.09857 -2.16014e-006
ln_F(18,2)     -7.19841 7.45146e-006
ln_F(18,3)     -4.96339 4.08479e-005
ln_F(18,4)     -10.6261 8.49446e-006
ln_F(19,1)     -5.87275 2.23186e-005
ln_F(19,2)     -6.57305 -4.83712e-005
ln_F(19,3)     -6.11858 2.23778e-005
ln_F(19,4)     -10.5538  1.9397e-005
ln_F(20,1)      -6.3821 -3.22247e-005
ln_F(20,2)     -7.37556 3.53384e-005
ln_F(20,3)     -5.22953 1.21682e-005
ln_F(20,4)     -2.44915 1.16314e-007
ln_F(21,1)     -6.38339 1.80032e-005
ln_F(21,2)     -7.05729 -2.4853e-005
ln_F(21,3)     -4.52242 1.51014e-005
ln_F(21,4)     -2.44915 1.16314e-007
ln_F(22,1)     -6.18703 -2.11324e-005
ln_F(22,2)     -7.24813 1.53631e-005
ln_F(22,3)     -4.46286 1.02026e-005
ln_F(22,4)     -2.44915 1.16314e-007
ln_F(23,1)      -6.0956 -6.18583e-006
ln_F(23,2)     -7.03164 -8.1312e-008
ln_F(23,3)     -5.14563 1.82994e-005
ln_F(23,4)     -2.44915 1.16314e-007
ln_F(24,1)      -6.0265 4.80442e-006
ln_F(24,2)     -7.19984 -1.07343e-005
ln_F(24,3)     -4.44723 1.31502e-005
ln_F(24,4)     -2.44915 1.16314e-007
ln_F(25,1)     -5.98844 -2.63701e-005
ln_F(25,2)     -7.27868 3.11572e-005
ln_F(25,3)     -4.26875 2.45105e-005
ln_F(25,4)     -2.44915 1.16314e-007
ln_F(26,1)      -5.7678 9.35735e-006
ln_F(26,2)     -7.92025 -9.54608e-006
ln_F(26,3)     -4.21806 2.02116e-005
ln_F(26,4)     -2.44915 1.16314e-007
ln_F(27,1)     -5.63658 1.30475e-005
ln_F(27,2)     -7.52883 -1.1496e-005
ln_F(27,3)     -3.53226 2.60215e-005
ln_F(27,4)     -2.44915 1.16314e-007
ln_F(28,1)     -5.96817 -1.99875e-005
ln_F(28,2)     -7.29329 2.73478e-005
ln_F(28,3)     -4.47389 2.55122e-005
ln_F(28,4)     -2.44915 1.16314e-007
ln_F(29,1)     -6.08777 -4.35874e-006
ln_F(29,2)     -7.35972 1.56385e-005
ln_F(29,3)     -4.98299 1.19212e-005
ln_F(29,4)     -2.44915 1.16314e-007
ln_F(30,1)     -5.94072 4.66068e-006
ln_F(30,2)     -7.43684 9.27578e-006
ln_F(30,3)     -4.23941 1.90542e-005
ln_F(30,4)     -2.44915 1.16314e-007
ln_F(31,1)     -5.84189 5.12006e-006
ln_F(31,2)     -6.70987 2.32225e-006
ln_F(31,3)     -3.75203  3.5473e-005
ln_F(31,4)     -2.44915 1.16314e-007
ln_F(32,1)     -5.89503 3.09836e-005
ln_F(32,2)     -6.46561 -2.68378e-005
ln_F(32,3)     -4.38716 2.17752e-005
ln_F(32,4)     -2.44915 1.16314e-007
ln_F(33,1)     -6.04149 -1.27154e-005
ln_F(33,2)     -6.41533 -2.00974e-006
ln_F(33,3)     -4.95871 3.07711e-005
ln_F(33,4)     -2.44915 1.16314e-007
ln_F(34,1)     -5.91227 -1.91534e-005
ln_F(34,2)     -7.23394  1.2377e-005
ln_F(34,3)     -4.97195 2.38278e-005
ln_F(34,4)     -2.44915 1.16314e-007
ln_F(35,1)     -5.64621 9.98762e-006
ln_F(35,2)     -6.24432 -2.05968e-005
ln_F(35,3)     -4.68692 2.03714e-005
ln_F(35,4)     -2.44915 1.16314e-007
ln_F(36,1)     -5.33115 -6.54747e-006
ln_F(36,2)      -6.3591 -9.56102e-006
ln_F(36,3)     -4.58218 1.95683e-005
ln_F(36,4)     -2.44915 1.16314e-007
ln_F(37,1)      -5.4848 -2.49123e-005
ln_F(37,2)      -6.9369 7.17132e-006
ln_F(37,3)     -4.72283 2.22925e-005
ln_F(37,4)     -2.44915 1.16314e-007
ln_F(38,1)     -5.35626 -5.32572e-007
ln_F(38,2)     -7.02061 -1.0343e-005
ln_F(38,3)     -4.24328 1.64265e-005
ln_F(38,4)     -2.44915 1.16314e-007
ln_F(39,1)     -5.36384 3.22085e-005
ln_F(39,2)     -5.82807 -3.90262e-005
ln_F(39,3)     -4.60496 1.30846e-005
ln_F(39,4)     -2.44915 1.16314e-007
ln_F(40,1)     -5.12221 -3.64875e-005
ln_F(40,2)     -6.26594 2.79906e-005
ln_F(40,3)     -4.18989 3.42341e-005
ln_F(40,4)     -2.44915 1.16314e-007
ln_F(41,1)      -5.5674   1.617e-005
ln_F(41,2)     -6.28708 -1.41945e-005
ln_F(41,3)      -4.5882 1.20891e-005
ln_F(41,4)     -2.44915 1.16314e-007
ln_F(42,1)     -5.17446 -3.62172e-005
ln_F(42,2)     -6.66455 4.24532e-005
ln_F(42,3)     -3.89299 2.54141e-005
ln_F(42,4)     -2.44915 1.16314e-007
ln_F(43,1)     -4.94468 4.68573e-006
ln_F(43,2)     -6.08065 -3.17344e-006
ln_F(43,3)     -3.57728 2.79939e-005
ln_F(43,4)     -2.44915 1.16314e-007
ln_F(44,1)     -4.89356 2.42294e-005
ln_F(44,2)     -7.05117 -2.21359e-005
ln_F(44,3)      -3.8094 1.57785e-005
ln_F(44,4)     -2.44915 1.16314e-007
ln_F(45,1)     -5.07724 -2.31141e-005
ln_F(45,2)     -6.92636 2.25746e-005
ln_F(45,3)     -4.14965 3.64268e-005
ln_F(45,4)     -2.44915 1.16314e-007
ln_F(46,1)     -4.67877  2.6492e-005
ln_F(46,2)     -7.03584 -1.64344e-005
ln_F(46,3)     -3.99312  2.5819e-005
ln_F(46,4)     -2.44915 1.16314e-007
ln_F(47,1)     -4.60302  -1.949e-005
ln_F(47,2)     -5.62051 2.53454e-005
ln_F(47,3)     -4.11183 4.33861e-005
ln_F(47,4)     -2.44915 1.16314e-007
ln_F(48,1)     -5.03031 1.56183e-005
ln_F(48,2)       -5.215 2.85784e-006
ln_F(48,3)      -3.6764 3.16338e-005
ln_F(48,4)     -6.63757 7.65783e-006
ln_F(49,1)     -5.30167 -4.48422e-007
ln_F(49,2)     -6.16327 -4.0455e-006
ln_F(49,3)     -4.46014  2.6894e-005
ln_F(49,4)     -7.67883 3.35685e-005
ln_F(50,1)     -5.44379 -8.32418e-006
ln_F(50,2)     -6.86134 2.42417e-005
ln_F(50,3)     -3.96454 3.29763e-005
ln_F(50,4)     -5.97517 4.85292e-007
ln_F(51,1)     -4.71275 1.93151e-005
ln_F(51,2)     -6.74566 3.78426e-006
ln_F(51,3)     -4.07336 2.07144e-005
ln_F(51,4)     -5.58564 -1.9193e-005
ln_F(52,1)     -4.89784 7.89837e-006
ln_F(52,2)     -6.13802 -3.61356e-005
ln_F(52,3)     -4.67985 1.52883e-005
ln_F(52,4)     -5.88256 3.80977e-005
ln_F(53,1)     -5.17078 -2.05612e-005
ln_F(53,2)     -6.23153 -5.87804e-006
ln_F(53,3)     -4.97932 2.43394e-005
ln_F(53,4)     -7.30798 3.93074e-005
ln_F(54,1)      -5.3867 -2.11752e-005
ln_F(54,2)     -6.65663 1.20178e-005
ln_F(54,3)     -4.32568 2.41775e-005
ln_F(54,4)      -4.5714 2.77076e-005
ln_F(55,1)     -5.05399 -6.48015e-006
ln_F(55,2)     -7.08676 -8.81413e-006
ln_F(55,3)     -4.45967 2.11315e-005
ln_F(55,4)     -5.70979 9.63936e-006
ln_F(56,1)     -5.21983 -2.10298e-006
ln_F(56,2)     -5.53551 1.43186e-005
ln_F(56,3)     -4.57247 2.13082e-005
ln_F(56,4)     -5.55301 -3.67238e-006
ln_F(57,1)     -4.62174 -1.80741e-005
ln_F(57,2)     -5.38509 -1.84983e-005
ln_F(57,3)     -4.47927  3.6039e-005
ln_F(57,4)     -6.85691 5.52125e-005
ln_F(58,1)     -5.07724 -8.13203e-006
ln_F(58,2)     -5.54247 -7.53504e-006
ln_F(58,3)     -4.38989 3.29805e-005
ln_F(58,4)     -5.16216 2.20375e-005
ln_F(59,1)     -4.48393 2.34901e-007
ln_F(59,2)     -5.67105 -9.00554e-006
ln_F(59,3)     -4.43399 2.13372e-005
ln_F(59,4)     -5.37419  1.7676e-005
ln_F(60,1)     -4.75042 -2.84475e-006
ln_F(60,2)     -4.70128 2.43322e-005
ln_F(60,3)     -4.15078 1.13266e-005
ln_F(60,4)     -5.98596 -8.93682e-006
ln_F(61,1)     -4.71701 -2.03359e-006
ln_F(61,2)      -4.0247 -1.42738e-005
ln_F(61,3)     -4.93043 2.92806e-005
ln_F(61,4)     -5.86791 8.10742e-006
ln_F(62,1)     -5.17084 4.39122e-005
ln_F(62,2)     -4.45851 -2.13736e-005
ln_F(62,3)     -4.14952 3.43161e-005
ln_F(62,4)     -4.74466 -7.00093e-006
ln_F(63,1)     -4.40228 -2.56014e-005
ln_F(63,2)     -4.99611 -2.77357e-006
ln_F(63,3)     -4.33219  3.1289e-005
ln_F(63,4)     -4.46486 3.42115e-005
ln_F(64,1)     -4.61095 -1.50899e-005
ln_F(64,2)     -5.64705 4.59911e-006
ln_F(64,3)     -3.92605 2.03305e-005
ln_F(64,4)     -4.02946 1.29767e-005
ln_F(65,1)     -4.10751 -6.06289e-006
ln_F(65,2)     -5.13201 2.85579e-005
ln_F(65,3)     -4.47868 -6.38322e-007
ln_F(65,4)     -3.93734 1.78163e-005
ln_F(66,1)     -4.22111 2.39717e-005
ln_F(66,2)      -6.0566 -4.7186e-006
ln_F(66,3)     -3.79394 1.47722e-005
ln_F(66,4)     -3.79347 -1.3507e-005
ln_F(67,1)     -3.85012 5.56109e-006
ln_F(67,2)     -6.41218 -8.23629e-006
ln_F(67,3)     -3.91439 1.25742e-005
ln_F(67,4)     -4.59372 1.00193e-005
ln_F(68,1)     -4.10762 -2.11773e-006
ln_F(68,2)     -6.24635 -1.89238e-005
ln_F(68,3)     -3.43245  1.8943e-005
ln_F(68,4)     -3.88319 1.41619e-005
ln_F(69,1)     -3.57094 5.93893e-006
ln_F(69,2)     -5.22681 -7.96598e-006
ln_F(69,3)     -3.46813 2.35248e-005
ln_F(69,4)     -4.45003 8.37422e-006
ln_F(70,1)     -3.97921 1.73025e-006
ln_F(70,2)     -6.50028 -8.08164e-006
ln_F(70,3)     -3.48723 1.81181e-005
ln_F(70,4)     -4.19875 6.47767e-006
ln_F(71,1)     -3.91388 -1.32231e-005
ln_F(71,2)     -5.75078 2.83129e-006
ln_F(71,3)     -3.81715 2.34715e-005
ln_F(71,4)     -4.23789 2.46368e-005
ln_F(72,1)     -4.41279 -2.91167e-006
ln_F(72,2)      -5.4844 -4.40595e-007
ln_F(72,3)      -4.2093 2.04728e-005
ln_F(72,4)     -4.45186 2.37743e-005
ln_F(73,1)     -3.90903 1.64662e-005
ln_F(73,2)     -4.97877 -6.62966e-006
ln_F(73,3)     -4.28652 7.03546e-006
ln_F(73,4)     -4.71302 1.14014e-005
ln_F(74,1)     -4.40242 1.54716e-005
ln_F(74,2)     -6.58161 1.36395e-006
ln_F(74,3)     -3.07619 1.74185e-005
ln_F(74,4)     -4.70071 1.15169e-005
ln_F(75,1)     -3.94625 5.81927e-006
ln_F(75,2)     -6.13868 -1.73837e-005
ln_F(75,3)     -2.88869 8.83855e-006
ln_F(75,4)     -4.93137 1.47532e-005
ln_F(76,1)     -4.50188 1.43218e-005
ln_F(76,2)     -5.86891 -2.8199e-005
ln_F(76,3)     -3.34745 1.16942e-005
ln_F(76,4)     -5.26924  7.7177e-006
ln_F(77,1)     -4.33086 -3.57041e-005
ln_F(77,2)     -6.11097 2.10252e-005
ln_F(77,3)     -3.74179 2.24494e-005
ln_F(77,4)     -5.45331 2.98138e-005
ln_F(78,1)     -4.84325 3.66836e-005
ln_F(78,2)     -6.84028 -5.18368e-005
ln_F(78,3)     -3.29525 1.35589e-005
ln_F(78,4)     -4.85282 1.12455e-005
ln_F(79,1)     -3.98842 -1.80971e-005
ln_F(79,2)     -5.76085 9.23803e-006
ln_F(79,3)     -3.11211  7.1606e-006
ln_F(79,4)      -4.9716 3.04167e-005
ln_F(80,1)     -4.78335 -1.51147e-005
ln_F(80,2)     -5.65754  1.7409e-005
ln_F(80,3)     -4.50545 1.36961e-005
ln_F(80,4)     -4.60439 3.58001e-005
ln_F(81,1)     -4.19618 2.18412e-005
ln_F(81,2)     -5.99411 -2.30181e-005
ln_F(81,3)     -4.09762 9.96364e-006
ln_F(81,4)      -4.9119  1.1046e-005
ln_F(82,1)     -5.03489 1.04134e-006
ln_F(82,2)     -6.57433  9.2737e-006
ln_F(82,3)     -3.99385 2.14693e-005
ln_F(82,4)     -4.73397 4.22957e-006
ln_F(83,1)     -4.42802 -1.15971e-005
ln_F(83,2)     -5.92528 1.49793e-005
ln_F(83,3)     -4.21215 1.00414e-005
ln_F(83,4)     -4.22454 3.24133e-005
ln_F(84,1)      -4.2978 2.15181e-005
ln_F(84,2)     -5.87119 -1.79834e-005
ln_F(84,3)     -3.63803 4.00426e-006
ln_F(84,4)      -5.0403  7.3028e-006
ln_F(85,1)     -3.91729 1.13317e-006
ln_F(85,2)     -6.24656 6.16611e-006
ln_F(85,3)     -3.35813 8.19152e-006
ln_F(85,4)     -5.57398 1.05065e-005
ln_F(86,1)     -4.47421 -9.70103e-006
ln_F(86,2)     -6.28916 1.02082e-005
ln_F(86,3)     -2.92427 1.63239e-005
ln_F(86,4)     -5.40881 2.26336e-005
ln_F(87,1)     -4.17776 -3.39696e-006
ln_F(87,2)     -6.10467 4.90515e-006
ln_F(87,3)     -3.01069 7.99342e-006
ln_F(87,4)     -5.88701 3.09825e-005
ln_F(88,1)     -4.62656 -8.96818e-006
ln_F(88,2)      -5.9337 2.23665e-005
ln_F(88,3)     -4.01792 1.39902e-005
ln_F(88,4)     -5.98885 2.20815e-005
ln_F(89,1)     -4.36093   -9.43e-006
ln_F(89,2)     -6.12158 -7.75659e-006
ln_F(89,3)     -3.81516  1.1298e-005
ln_F(89,4)     -4.93691 4.35544e-005
ln_F(90,1)     -4.37786 7.46386e-006
ln_F(90,2)     -6.32334 7.86079e-007
ln_F(90,3)     -3.10076 1.10837e-005
ln_F(90,4)     -4.29658 1.22051e-005
ln_F(91,1)     -3.80703 3.19732e-006
ln_F(91,2)     -6.43669 1.37328e-005
ln_F(91,3)     -3.57573  2.1322e-005
ln_F(91,4)     -5.39761 -7.34521e-006
ln_F(92,1)     -4.44079 1.80371e-005
ln_F(92,2)     -5.92404 -7.09164e-006
ln_F(92,3)     -3.78877  2.2869e-005
ln_F(92,4)     -5.11437 -7.49849e-006
ln_F(93,1)     -4.06877 1.67996e-005
ln_F(93,2)      -6.2066 -1.40054e-005
ln_F(93,3)     -3.90579 1.07045e-005
ln_F(93,4)     -5.46247  3.9039e-005
ln_F(94,1)     -4.94861 -1.17076e-005
ln_F(94,2)     -6.56019 -1.20997e-005
ln_F(94,3)     -3.51212 1.75314e-005
ln_F(94,4)     -4.47121  5.5966e-005
ln_F(95,1)     -3.95059 1.48719e-005
ln_F(95,2)     -6.07893 -2.31083e-006
ln_F(95,3)     -3.53209 3.22436e-005
ln_F(95,4)     -4.80958 2.35602e-006
ln_F(96,1)     -3.53211 1.08642e-005
ln_F(96,2)     -5.61597 -7.64344e-006
ln_F(96,3)     -3.86935 2.02611e-005
ln_F(96,4)     -5.26362 1.13664e-005
ln_F(97,1)     -3.68048 1.54325e-005
ln_F(97,2)     -5.83164 -1.36922e-005
ln_F(97,3)     -3.84648 2.43564e-005
ln_F(97,4)     -4.66808 1.85989e-005
ln_F(98,1)     -4.34241  1.9455e-006
ln_F(98,2)     -6.76583 -5.27218e-007
ln_F(98,3)     -3.05673 2.37182e-005
ln_F(98,4)      -4.1017 3.54562e-005
ln_F(99,1)     -3.55454 -1.70743e-007
ln_F(99,2)     -6.67888 -1.83027e-005
ln_F(99,3)      -2.9147 3.72935e-005
ln_F(99,4)     -5.11532 3.52971e-005
ln_F(100,1)     -4.00072 -1.02599e-007
ln_F(100,2)     -5.86161 4.31405e-006
ln_F(100,3)     -3.20322 2.60736e-005
ln_F(100,4)     -5.26756 1.32535e-006
ln_F(101,1)     -3.74271 -1.40949e-006
ln_F(101,2)     -5.56731 1.89457e-005
ln_F(101,3)     -3.78311  1.9579e-005
ln_F(101,4)     -5.68113 1.18573e-006
ln_F(102,1)     -4.24825 -4.58505e-006
ln_F(102,2)     -6.27975 4.15186e-006
ln_F(102,3)     -3.24383 2.49976e-005
ln_F(102,4)     -4.23299 3.08295e-005
ln_F(103,1)     -3.29233 7.58524e-006
ln_F(103,2)     -5.84569 -1.97426e-005
ln_F(103,3)      -3.0193 4.10099e-005
ln_F(103,4)     -4.56707 4.38159e-005
ln_F(104,1)     -3.30069  1.2688e-005
ln_F(104,2)     -4.77645 -1.20894e-005
ln_F(104,3)     -3.59601 2.42907e-005
ln_F(104,4)     -4.86384 2.34761e-005
ln_F(105,1)      -3.8372 1.82351e-005
ln_F(105,2)     -4.09453 -9.17549e-006
ln_F(105,3)     -3.51779 3.08217e-005
ln_F(105,4)     -4.92065 3.31344e-006
ln_F(106,1)     -3.62134 1.09804e-005
ln_F(106,2)     -5.69126 5.04367e-006
ln_F(106,3)     -3.07777 4.30396e-005
ln_F(106,4)     -4.50515 1.63732e-005
ln_F(107,1)     -3.26762 4.32556e-006
ln_F(107,2)     -4.70767 -2.0492e-005
ln_F(107,3)     -2.83851 5.05059e-005
ln_F(107,4)      -4.3545 3.08028e-005
ln_F(108,1)     -3.67487 1.45137e-005
ln_F(108,2)     -4.74546 -1.12643e-005
ln_F(108,3)     -3.32055 3.87573e-005
ln_F(108,4)     -4.41616 2.03529e-005
ln_F(109,1)     -3.68516 5.64498e-006
ln_F(109,2)     -4.45902 8.76342e-006
ln_F(109,3)     -3.68078 3.53065e-005
ln_F(109,4)     -4.57344 5.70804e-006
ln_F(110,1)     -4.14614 5.31712e-006
ln_F(110,2)     -5.96274 1.33324e-006
ln_F(110,3)     -2.95837  2.9067e-005
ln_F(110,4)     -4.05838 2.04656e-005
ln_F(111,1)     -4.13675 -4.46713e-007
ln_F(111,2)     -5.24322 -1.68411e-005
ln_F(111,3)     -3.15232 3.09044e-005
ln_F(111,4)     -4.22933 4.32892e-005
ln_F(112,1)     -3.07931 1.83189e-005
ln_F(112,2)     -4.74746 -5.87285e-006
ln_F(112,3)     -3.21129 3.25285e-005
ln_F(112,4)     -4.56838 1.96298e-005
ln_F(113,1)     -3.66819 1.50405e-006
ln_F(113,2)     -4.95853 6.84916e-007
ln_F(113,3)     -3.60843 4.14588e-005
ln_F(113,4)     -4.35732 1.52242e-005
ln_F(114,1)     -3.80832 1.86933e-006
ln_F(114,2)     -5.62078 -9.8823e-006
ln_F(114,3)     -3.02955 3.57919e-005
ln_F(114,4)     -4.46389 2.54533e-005
ln_F(115,1)     -3.50133 1.51983e-006
ln_F(115,2)     -5.33434 -4.59414e-006
ln_F(115,3)     -2.98964 3.59599e-005
ln_F(115,4)     -4.60702 2.48674e-005
ln_F(116,1)      -3.8295 2.76352e-006
ln_F(116,2)     -5.36721 -1.66435e-007
ln_F(116,3)     -4.04914 3.03283e-005
ln_F(116,4)     -4.51795 1.51877e-005
ln_F(117,1)     -3.90443 -6.36381e-006
ln_F(117,2)     -5.46577 -6.85698e-006
ln_F(117,3)     -4.48008 3.62253e-005
ln_F(117,4)     -4.64231 2.90641e-005
ln_F(118,1)     -4.25754 -1.60577e-006
ln_F(118,2)     -7.27204 3.85804e-006
ln_F(118,3)     -3.76624 3.61007e-005
ln_F(118,4)     -4.64019 2.66251e-005
ln_F(119,1)     -4.24355  9.5502e-007
ln_F(119,2)     -6.67272 -3.04965e-005
ln_F(119,3)     -3.93028 2.34102e-005
ln_F(119,4)     -4.24376 4.95678e-005
ln_F(120,1)     -4.37896 1.00812e-005
ln_F(120,2)     -5.98729 -7.03854e-006
ln_F(120,3)     -4.40201 2.96581e-005
ln_F(120,4)     -4.63344 1.68549e-005
ln_F(121,1)     -4.75182 5.30736e-006
ln_F(121,2)     -6.72365 -3.59763e-006
ln_F(121,3)     -4.36592  3.2533e-005
ln_F(121,4)     -4.28898 2.29774e-005
ln_F(122,1)     -4.86668 -1.25949e-006
ln_F(122,2)     -7.91352 -1.11396e-005
ln_F(122,3)     -3.35491 3.19671e-005
ln_F(122,4)     -3.81719 3.02329e-005
ln_F(123,1)      -4.8377 2.00794e-005
ln_F(123,2)     -7.31138 -4.96833e-005
ln_F(123,3)     -3.56232 3.43469e-005
ln_F(123,4)     -4.21145 2.04452e-005
ln_F(124,1)     -4.65371 -2.04868e-005
ln_F(124,2)     -6.99511 3.68395e-005
ln_F(124,3)     -3.84209 4.26147e-005
ln_F(124,4)     -4.52354 -8.46316e-006
ln_F(125,1)     -3.80735 -2.56769e-005
ln_F(125,2)     -6.83488 1.67897e-005
ln_F(125,3)     -4.35461  2.8586e-005
ln_F(125,4)     -4.00191   1.675e-005
ln_F(126,1)     -4.59202 -6.3032e-006
ln_F(126,2)     -7.52161 -3.02944e-006
ln_F(126,3)     -3.32371 2.96577e-005
ln_F(126,4)     -3.94351 2.11169e-005
ln_F(127,1)     -4.04989 1.70733e-005
ln_F(127,2)     -7.08501 -3.91716e-005
ln_F(127,3)     -3.59902   1.153e-005
ln_F(127,4)     -4.35133 2.03303e-005
ln_F(128,1)      -3.5391 2.44527e-005
ln_F(128,2)     -7.08839 -3.42494e-005
ln_F(128,3)     -3.27596 2.20751e-005
ln_F(128,4)     -4.28215 1.40962e-005
ln_F(129,1)     -3.76232 -2.76016e-005
ln_F(129,2)     -7.60005 1.68335e-005
ln_F(129,3)     -3.69008 1.85881e-005
ln_F(129,4)     -4.11922 3.26003e-005
ln_F(130,1)     -3.94857 5.01302e-007
ln_F(130,2)     -7.31285 -8.22848e-006
ln_F(130,3)     -2.88752  1.6848e-005
ln_F(130,4)     -4.48062 7.96474e-006
ln_F(131,1)     -3.85557 -4.72258e-006
ln_F(131,2)     -6.38399 4.41087e-006
ln_F(131,3)      -3.0452 3.48787e-005
ln_F(131,4)     -4.23616 1.14601e-005
ln_F(132,1)     -3.98132 -9.02493e-006
ln_F(132,2)     -7.21019  2.3298e-005
ln_F(132,3)     -3.27331 3.00152e-005
ln_F(132,4)     -5.00405 2.40553e-005
ln_F(133,1)     -3.54927 8.59336e-007
ln_F(133,2)      -7.0917 -3.92046e-006
ln_F(133,3)     -3.86559 8.16791e-006
ln_F(133,4)      -4.7374 1.75635e-005
ln_F(134,1)     -3.89751 1.99018e-005
ln_F(134,2)     -6.79032 -3.4055e-005
ln_F(134,3)     -2.94183 2.32706e-005
ln_F(134,4)     -4.00179  2.0812e-006
ln_F(135,1)     -3.53328 -4.05818e-006
ln_F(135,2)     -6.01607 -2.10493e-005
ln_F(135,3)     -2.70518 1.32433e-005
ln_F(135,4)     -4.65817 1.34586e-005
ln_F(136,1)      -3.2331 -3.59379e-006
ln_F(136,2)     -6.43844 -1.62233e-005
ln_F(136,3)     -2.87342 5.49886e-006
ln_F(136,4)      -2.9439 3.27549e-005
ln_F(137,1)     -3.65313 -2.04077e-005
ln_F(137,2)     -6.39684 9.91423e-006
ln_F(137,3)     -3.71448 2.56614e-005
ln_F(137,4)     -4.24573 1.56146e-005
ln_F(138,1)     -3.54216 -3.4969e-007
ln_F(138,2)      -7.5476 -1.18075e-006
ln_F(138,3)     -3.17614 1.64776e-005
ln_F(138,4)      -4.2542 1.24964e-005
ln_F(139,1)     -3.48031 8.39839e-006
ln_F(139,2)     -6.57658 -1.87725e-005
ln_F(139,3)     -3.08145 2.81638e-005
ln_F(139,4)      -3.7952 1.60483e-005
ln_F(140,1)     -3.42698 -3.05846e-005
ln_F(140,2)     -6.44458 -4.40883e-006
ln_F(140,3)     -2.65668 2.21099e-005
ln_F(140,4)     -3.64995 3.23799e-005
ln_F(141,1)      -3.8045 -8.82674e-006
ln_F(141,2)      -6.8807 4.49222e-006
ln_F(141,3)     -3.45581 2.27338e-005
ln_F(141,4)     -4.28858 9.61453e-006
ln_F(142,1)     -3.59221 -1.81694e-005
ln_F(142,2)      -8.2206 -6.61101e-006
ln_F(142,3)      -2.6055 2.49491e-005
ln_F(142,4)     -3.79458 2.03297e-005
ln_F(143,1)      -2.7128 -7.12957e-006
ln_F(143,2)     -6.46773 -7.84582e-006
ln_F(143,3)     -2.79927 1.66213e-005
ln_F(143,4)     -3.44597 1.87758e-005
ln_F(144,1)     -2.85108 2.44077e-006
ln_F(144,2)     -6.29079 -1.30051e-005
ln_F(144,3)     -2.73246 1.33601e-005
ln_F(144,4)     -4.03097 3.46435e-005
ln_F(145,1)     -2.76587 -5.07354e-006
ln_F(145,2)     -6.81757 -1.75602e-005
ln_F(145,3)     -3.41361 8.15277e-007
ln_F(145,4)     -3.82816 3.29702e-005
ln_F(146,1)     -2.82451 -2.59068e-005
ln_F(146,2)     -8.38611 -5.00043e-006
ln_F(146,3)     -2.82483 1.81245e-005
ln_F(146,4)     -4.15661 2.80185e-005
ln_F(147,1)     -2.42064 -1.09688e-005
ln_F(147,2)     -6.42366 -3.55972e-006
ln_F(147,3)     -2.93303  3.6133e-006
ln_F(147,4)     -4.02195 1.55519e-005
ln_F(148,1)     -2.14807 -4.68496e-006
ln_F(148,2)     -6.19544 -3.37256e-006
ln_F(148,3)     -2.86767 1.01442e-005
ln_F(148,4)      -4.3033 1.97677e-005
ln_F(149,1)     -3.48241 -4.16353e-006
ln_F(149,2)     -6.81708 -9.23426e-007
ln_F(149,3)     -3.46228 9.70574e-006
ln_F(149,4)     -4.52196 1.16062e-005
ln_F(150,1)     -3.37231 -3.57179e-006
ln_F(150,2)     -7.82999 -1.66791e-007
ln_F(150,3)     -2.95336 5.90634e-006
ln_F(150,4)     -4.47354 1.69413e-005
ln_F(151,1)     -3.23255 -1.48829e-005
ln_F(151,2)     -6.41425 6.58948e-006
ln_F(151,3)     -2.76336 8.97365e-006
ln_F(151,4)     -3.53297 -2.2717e-006
ln_F(152,1)     -5.68522 -2.88479e-005
ln_F(152,2)      -7.3399  2.1689e-005
ln_F(152,3)     -7.87033 6.39138e-007
ln_F(152,4)     -2.44915 1.16314e-007
ln_F(153,1)     -5.34682 -1.52134e-005
ln_F(153,2)     -6.87323 2.42777e-005
ln_F(153,3)     -7.57906 -1.58559e-005
ln_F(153,4)     -2.44915 1.16314e-007
ln_F(154,1)     -6.02445 6.26629e-006
ln_F(154,2)      -8.0548 -3.97252e-006
ln_F(154,3)     -7.22477 -1.63003e-005
ln_F(154,4)     -2.44915 1.16314e-007
ln_F(155,1)     -5.37127 1.46082e-005
ln_F(155,2)     -7.73735 -2.07899e-005
ln_F(155,3)     -7.62661 -2.4202e-005
ln_F(155,4)     -2.44915 1.16314e-007
ln_F(156,1)     -5.95837 -6.48399e-006
ln_F(156,2)     -7.32172 -1.16652e-005
ln_F(156,3)     -7.87061 -1.24807e-005
ln_F(156,4)     -2.44915 1.16314e-007
ln_F(157,1)      -5.1849 -1.44903e-005
ln_F(157,2)     -6.60293 2.36299e-005
ln_F(157,3)     -7.52884 -1.85564e-005
ln_F(157,4)     -2.44915 1.16314e-007
ln_F(158,1)     -5.44378 -9.82006e-006
ln_F(158,2)     -7.48411 3.51255e-007
ln_F(158,3)     -7.30238 -6.13034e-006
ln_F(158,4)     -2.44915 1.16314e-007
ln_F(159,1)     -5.12707 -3.37714e-005
ln_F(159,2)     -7.15213 -1.46538e-006
ln_F(159,3)     -7.23884 3.37563e-005
ln_F(159,4)     -2.44915 1.16314e-007
ln_F(160,1)     -4.91044 -3.57653e-006
ln_F(160,2)     -6.86274 3.44535e-005
ln_F(160,3)     -7.33896 -2.42757e-005
ln_F(160,4)     -2.44915 1.16314e-007
ln_F(161,1)     -4.22908 -1.36799e-005
ln_F(161,2)     -6.65864 -5.75755e-006
ln_F(161,3)     -6.99485 7.52016e-006
ln_F(161,4)     -2.44915 1.16314e-007
ln_F(162,1)     -5.11078 -1.16156e-005
ln_F(162,2)     -7.63956 -6.94389e-006
ln_F(162,3)      -6.8385 -1.90982e-005
ln_F(162,4)     -2.44915 1.16314e-007
ln_F(163,1)      -5.0025 5.77231e-006
ln_F(163,2)     -7.11081 1.75161e-005
ln_F(163,3)     -6.90865 -1.37327e-005
ln_F(163,4)     -2.44915 1.16314e-007
ln_F(164,1)     -4.26381 6.08528e-006
ln_F(164,2)     -7.24417 -2.95853e-005
ln_F(164,3)     -7.12071 -5.65144e-006
ln_F(164,4)     -2.44915 1.16314e-007
ln_F(165,1)     -4.22864 -2.12493e-006
ln_F(165,2)     -6.92437 -4.28653e-005
ln_F(165,3)     -6.90116 1.68601e-005
ln_F(165,4)     -2.44915 1.16314e-007
ln_F(166,1)     -5.07909 -1.8049e-007
ln_F(166,2)     -7.37468 3.15437e-006
ln_F(166,3)     -6.88389 -4.91082e-005
ln_F(166,4)     -2.44915 1.16314e-007
ln_F(167,1)      -5.2723 -1.50676e-005
ln_F(167,2)     -7.25029 -4.7193e-005
ln_F(167,3)     -6.55173 3.99934e-005
ln_F(167,4)     -2.44915 1.16314e-007
ln_F(168,1)     -4.66331 -5.85857e-006
ln_F(168,2)     -7.42627 2.70597e-006
ln_F(168,3)     -7.02846 -1.25499e-005
ln_F(168,4)     -2.44915 1.16314e-007
ln_F(169,1)     -5.15248 -8.50444e-006
ln_F(169,2)     -7.24446 1.31296e-005
ln_F(169,3)     -6.61786 -5.83494e-006
ln_F(169,4)     -2.44915 1.16314e-007
ln_F(170,1)     -5.26663 -7.86076e-006
ln_F(170,2)     -7.21993 8.07084e-006
ln_F(170,3)      -6.5198 -1.88637e-005
ln_F(170,4)     -2.44915 1.16314e-007
ln_F(171,1)     -5.59622 -1.17952e-005
ln_F(171,2)     -6.77087 -5.60774e-007
ln_F(171,3)     -6.59968 -1.66733e-005
ln_F(171,4)     -2.44915 1.16314e-007
ln_F(172,1)     -5.35622 -2.04421e-005
ln_F(172,2)      -7.5583 -1.97236e-005
ln_F(172,3)     -7.10258 1.46214e-005
ln_F(172,4)     -2.44915 1.16314e-007
ln_F(173,1)     -4.69539 3.30616e-006
ln_F(173,2)     -7.06521 2.59532e-005
ln_F(173,3)     -6.54455 -4.22175e-005
ln_F(173,4)     -2.44915 1.16314e-007
ln_F(174,1)     -5.26198 2.99366e-006
ln_F(174,2)      -7.2556 1.24222e-005
ln_F(174,3)     -6.52464 -3.55023e-005
ln_F(174,4)     -2.44915 1.16314e-007
ln_F(175,1)     -5.14662 -7.18656e-006
ln_F(175,2)     -6.84993 -8.03713e-006
ln_F(175,3)     -6.51559 -1.06764e-005
ln_F(175,4)     -2.44915 1.16314e-007
ln_F(176,1)     -4.51549 7.96947e-006
ln_F(176,2)     -7.36933 -7.30488e-006
ln_F(176,3)     -6.91161 -2.16974e-005
ln_F(176,4)     -2.44915 1.16314e-007
ln_F(177,1)     -4.65046 -3.32038e-006
ln_F(177,2)      -7.1322 1.12749e-005
ln_F(177,3)      -6.2933 -2.31935e-005
ln_F(177,4)     -2.44915 1.16314e-007
ln_F(178,1)     -5.23221 -2.43598e-005
ln_F(178,2)     -7.05712 6.15047e-006
ln_F(178,3)     -6.25736 3.38188e-005
ln_F(178,4)     -2.44915 1.16314e-007
ln_F(179,1)     -5.19579 4.49745e-006
ln_F(179,2)     -6.47802 -1.58268e-005
ln_F(179,3)     -6.09902 -1.12874e-005
ln_F(179,4)     -2.44915 1.16314e-007
ln_F(180,1)     -4.90141 -4.11854e-006
ln_F(180,2)     -6.88438 4.04764e-007
ln_F(180,3)     -6.68057 -5.12958e-006
ln_F(180,4)     -2.44915 1.16314e-007
ln_F(181,1)     -3.74924 -4.75546e-006
ln_F(181,2)     -6.56664 -1.58628e-005
ln_F(181,3)     -6.50075 3.79931e-006
ln_F(181,4)     -2.44915 1.16314e-007
ln_F(182,1)     -4.61856 -1.33147e-005
ln_F(182,2)      -7.3252 4.01388e-005
ln_F(182,3)     -6.47697 -2.53939e-005
ln_F(182,4)     -2.44915 1.16314e-007
ln_F(183,1)      -5.0146 -1.32634e-005
ln_F(183,2)     -6.27197 1.13262e-005
ln_F(183,3)     -7.51941 -1.0023e-005
ln_F(183,4)     -2.44915 1.16314e-007
ln_F(184,1)      -4.8581 -7.77707e-006
ln_F(184,2)     -7.46694 -2.57191e-006
ln_F(184,3)     -7.19427 5.22897e-006
ln_F(184,4)     -2.44915 1.16314e-007
ln_F(185,1)     -4.11783 -4.62127e-006
ln_F(185,2)     -6.82583 -3.42228e-005
ln_F(185,3)     -6.55999 3.50795e-006
ln_F(185,4)     -2.44915 1.16314e-007
ln_F(186,1)     -5.07634 6.67568e-006
ln_F(186,2)     -7.05759 -2.59381e-005
ln_F(186,3)     -6.58516 -3.64331e-005
ln_F(186,4)     -2.44915 1.16314e-007
ln_F(187,1)     -4.31931 5.13829e-006
ln_F(187,2)     -6.32183 -4.88248e-005
ln_F(187,3)     -6.44019 7.04962e-006
ln_F(187,4)     -2.44915 1.16314e-007
ln_F(188,1)     -4.12333 -1.10189e-005
ln_F(188,2)     -6.91668 2.72419e-005
ln_F(188,3)     -6.92998 -3.39029e-005
ln_F(188,4)     -2.44915 1.16314e-007
ln_F(189,1)     -3.91105 -1.1275e-005
ln_F(189,2)     -7.01032 -2.97533e-006
ln_F(189,3)     -6.52906 -3.61778e-006
ln_F(189,4)     -2.44915 1.16314e-007
ln_F(190,1)     -4.43959 -1.29334e-005
ln_F(190,2)     -6.89297 -4.10894e-006
ln_F(190,3)     -6.62943 -1.49091e-005
ln_F(190,4)     -2.44915 1.16314e-007
ln_F(191,1)     -4.45816 -6.59802e-006
ln_F(191,2)     -5.81208 -4.53376e-005
ln_F(191,3)      -6.5298 2.32895e-005
ln_F(191,4)     -2.44915 1.16314e-007
ln_F(192,1)     -4.35612 -1.52492e-005
ln_F(192,2)     -6.57275 -1.13513e-005
ln_F(192,3)     -7.05659 9.31383e-006
ln_F(192,4)     -2.44915 1.16314e-007
ln_F(193,1)     -4.17641 -1.04297e-005
ln_F(193,2)     -6.57687 3.15859e-005
ln_F(193,3)     -6.42447 -3.72005e-005
ln_F(193,4)     -2.44915 1.16314e-007
ln_F(194,1)     -4.47554 -1.44327e-005
ln_F(194,2)     -6.48254 1.41676e-006
ln_F(194,3)     -6.29584 -1.17196e-005
ln_F(194,4)     -2.44915 1.16314e-007
ln_F(195,1)     -4.42671 -7.42736e-006
ln_F(195,2)     -5.07978 3.30628e-005
ln_F(195,3)     -5.45534 -4.32067e-005
ln_F(195,4)     -2.44915 1.16314e-007
ln_F(196,1)     -4.83043 -1.86585e-005
ln_F(196,2)     -5.75758 2.81029e-005
ln_F(196,3)     -6.54181 -2.25986e-005
ln_F(196,4)     -2.44915 1.16314e-007
ln_F(197,1)     -4.38842 1.72645e-006
ln_F(197,2)      -5.9505 -5.23379e-005
ln_F(197,3)      -6.4808 2.21497e-005
ln_F(197,4)     -2.44915 1.16314e-007
ln_F(198,1)     -3.59785  -3.145e-006
ln_F(198,2)     -4.83129 -8.1881e-006
ln_F(198,3)     -6.08344 -2.36756e-005
ln_F(198,4)     -2.44915 1.16314e-007
ln_F(199,1)     -4.23237 -1.14189e-005
ln_F(199,2)     -4.70101 2.45215e-005
ln_F(199,3)      -6.1109 -3.5307e-005
ln_F(199,4)     -2.44915 1.16314e-007
ln_F(200,1)     -4.74664 -8.85003e-006
ln_F(200,2)     -6.76775  -5.839e-006
ln_F(200,3)     -6.51834 -8.8127e-006
ln_F(200,4)     -2.44915 1.16314e-007
ln_F(201,1)     -4.15055 -1.37219e-005
ln_F(201,2)     -4.89521  1.0273e-005
ln_F(201,3)     -6.29551 -1.30591e-005
ln_F(201,4)     -2.44915 1.16314e-007
ln_F(202,1)     -4.59593 -1.36935e-005
ln_F(202,2)     -5.78244 -2.19527e-005
ln_F(202,3)     -6.23083 9.90634e-006
ln_F(202,4)     -2.44915 1.16314e-007
ln_F(203,1)     -4.70262 -8.73771e-006
ln_F(203,2)      -4.7449 -1.3246e-005
ln_F(203,3)     -6.12616 -4.27678e-006
ln_F(203,4)     -2.44915 1.16314e-007
ln_F(204,1)     -4.58746 -1.41061e-005
ln_F(204,2)     -6.26677 2.18071e-005
ln_F(204,3)     -6.58535 -3.34556e-005
ln_F(204,4)     -2.44915 1.16314e-007
ln_F(205,1)     -4.16215 -1.09135e-005
ln_F(205,2)      -5.2805 -6.32268e-006
ln_F(205,3)     -5.90573 -1.86171e-005
ln_F(205,4)     -2.44915 1.16314e-007
ln_F(206,1)     -4.40746 -1.94934e-005
ln_F(206,2)     -6.17927 3.33003e-005
ln_F(206,3)     -5.71099 -3.81201e-005
ln_F(206,4)     -2.44915 1.16314e-007
ln_F(207,1)     -4.35427 -1.92028e-005
ln_F(207,2)     -5.96533 1.83647e-005
ln_F(207,3)     -6.16879 -1.80051e-005
ln_F(207,4)     -2.44915 1.16314e-007
ln_F(208,1)     -4.36354 -1.39915e-005
ln_F(208,2)     -5.02172 2.71807e-005
ln_F(208,3)      -6.4934 -2.8771e-005
ln_F(208,4)     -2.44915 1.16314e-007
ln_F(209,1)     -4.20435  1.5161e-006
ln_F(209,2)      -4.9312 -1.12644e-006
ln_F(209,3)      -5.9415 -2.92964e-005
ln_F(209,4)     -2.44915 1.16314e-007
ln_F(210,1)     -4.41499 -3.60012e-006
ln_F(210,2)     -4.53572 -8.34103e-006
ln_F(210,3)     -5.90387 -1.6899e-006
ln_F(210,4)     -2.44915 1.16314e-007
ln_F(211,1)     -4.13825 -2.19088e-005
ln_F(211,2)     -5.16828 3.57806e-005
ln_F(211,3)     -5.76463 -3.62095e-005
ln_F(211,4)     -2.44915 1.16314e-007
ln_F(212,1)     -4.07653 -6.0029e-006
ln_F(212,2)     -5.23576 -1.23021e-005
ln_F(212,3)      -6.0233 -4.06855e-006
ln_F(212,4)     -2.44915 1.16314e-007
ln_F(213,1)     -3.82542 -1.58096e-005
ln_F(213,2)     -5.21513 2.53515e-005
ln_F(213,3)     -5.61886 -1.57086e-005
ln_F(213,4)     -2.44915 1.16314e-007
ln_F(214,1)     -3.82265 8.57858e-007
ln_F(214,2)      -4.5849 -3.22277e-005
ln_F(214,3)     -4.81039 1.00509e-005
ln_F(214,4)     -2.44915 1.16314e-007
ln_F(215,1)     -3.66222 -4.36937e-006
ln_F(215,2)     -4.24739 -3.05087e-005
ln_F(215,3)     -4.64638 2.01059e-005
ln_F(215,4)     -2.44915 1.16314e-007
ln_F(216,1)     -3.64784 -1.78338e-005
ln_F(216,2)     -5.00081 -6.82852e-007
ln_F(216,3)     -5.18268 3.45985e-006
ln_F(216,4)     -2.44915 1.16314e-007
ln_F(217,1)     -3.39991 -4.9378e-006
ln_F(217,2)     -4.62793 -1.55066e-005
ln_F(217,3)     -4.74688 -7.44288e-006
ln_F(217,4)     -2.44915 1.16314e-007
ln_F(218,1)     -3.42903 -5.06417e-008
ln_F(218,2)      -4.1334 -6.98618e-006
ln_F(218,3)     -4.50029 -1.95931e-005
ln_F(218,4)     -2.44915 1.16314e-007
ln_F(219,1)     -3.49059 -2.16539e-006
ln_F(219,2)     -4.58782 -2.25214e-005
ln_F(219,3)     -4.73227 4.02603e-006
ln_F(219,4)     -2.44915 1.16314e-007
ln_F(220,1)     -3.50298 -1.94471e-005
ln_F(220,2)     -5.78275 2.40993e-005
ln_F(220,3)     -4.69968 -1.71442e-005
ln_F(220,4)     -2.44915 1.16314e-007
ln_F(221,1)     -3.30906 -6.27829e-006
ln_F(221,2)     -4.94232 -2.17553e-005
ln_F(221,3)      -4.6609 6.15746e-006
ln_F(221,4)     -2.44915 1.16314e-007
ln_F(222,1)     -3.60827 7.55246e-006
ln_F(222,2)     -4.12519 -5.48126e-006
ln_F(222,3)     -4.40711 -1.18673e-005
ln_F(222,4)     -2.44915 1.16314e-007
ln_F(223,1)     -3.52639 2.11135e-006
ln_F(223,2)     -3.97029 -5.60142e-006
ln_F(223,3)     -4.67251 -8.39373e-007
ln_F(223,4)     -2.44915 1.16314e-007
ln_F(224,1)     -3.60858 -7.05977e-007
ln_F(224,2)     -6.66907 1.55792e-005
ln_F(224,3)     -5.18756 -2.03674e-005
ln_F(224,4)     -2.44915 1.16314e-007
ln_F(225,1)     -3.44183 1.71208e-006
ln_F(225,2)     -4.96315 4.43467e-006
ln_F(225,3)     -4.99903 -1.98278e-005
ln_F(225,4)     -2.44915 1.16314e-007
ln_F(226,1)     -3.71575 -2.26056e-005
ln_F(226,2)     -4.21229 -8.92066e-007
ln_F(226,3)     -4.48334 1.72371e-005
ln_F(226,4)     -2.44915 1.16314e-007
ln_F(227,1)     -3.73852 -4.32165e-006
ln_F(227,2)      -4.4051 2.00359e-006
ln_F(227,3)     -4.78212 -8.57333e-006
ln_F(227,4)     -2.44915 1.16314e-007
ln_F(228,1)     -3.82768 -7.96879e-006
ln_F(228,2)     -6.61145 -5.77923e-006
ln_F(228,3)     -5.14977 5.24242e-006
ln_F(228,4)     -2.44915 1.16314e-007
ln_F(229,1)     -3.74516 -3.01651e-006
ln_F(229,2)     -4.75478 -8.45653e-006
ln_F(229,3)      -5.2234 -5.92225e-006
ln_F(229,4)     -2.44915 1.16314e-007
ln_F(230,1)     -3.90131 -6.57363e-006
ln_F(230,2)     -4.14653 -6.78938e-007
ln_F(230,3)     -4.33992 -1.51937e-005
ln_F(230,4)     -2.44915 1.16314e-007
ln_F(231,1)     -4.02859 -1.67422e-005
ln_F(231,2)     -4.21087 2.36211e-005
ln_F(231,3)     -3.55579 -6.74927e-006
ln_F(231,4)     -2.44915 1.16314e-007
ln_F(232,1)     -4.19689 2.54519e-007
ln_F(232,2)     -5.36988 -6.0735e-005
ln_F(232,3)     -5.15647 3.60835e-005
ln_F(232,4)     -2.44915 1.16314e-007
ln_F(233,1)     -3.97547 -5.01217e-006
ln_F(233,2)     -5.93097 4.99894e-006
ln_F(233,3)     -5.05065 -1.16977e-005
ln_F(233,4)     -2.44915 1.16314e-007
ln_F(234,1)     -4.09779 -4.31929e-005
ln_F(234,2)     -4.48178 5.44248e-005
ln_F(234,3)     -4.15175 -2.80659e-005
ln_F(234,4)     -2.44915 1.16314e-007
ln_F(235,1)     -3.88899  1.6618e-005
ln_F(235,2)     -4.32558 -2.83067e-005
ln_F(235,3)     -4.17029 6.22307e-006
ln_F(235,4)     -2.44915 1.16314e-007
ln_F(236,1)      -3.9114 2.61622e-006
ln_F(236,2)      -5.2142 -4.54769e-005
ln_F(236,3)     -4.90324 7.63823e-006
ln_F(236,4)     -2.44915 1.16314e-007
ln_F(237,1)     -3.75438 -9.35662e-006
ln_F(237,2)     -5.22799  1.9668e-005
ln_F(237,3)     -4.84645 -1.35672e-005
ln_F(237,4)     -2.44915 1.16314e-007
ln_F(238,1)     -3.96947 -1.54339e-005
ln_F(238,2)     -4.17801 -1.45639e-005
ln_F(238,3)     -4.71081 1.45671e-005
ln_F(238,4)     -2.44915 1.16314e-007
ln_F(239,1)     -4.06368 -6.86642e-006
ln_F(239,2)      -4.4388 3.12937e-006
ln_F(239,3)     -4.61784 -1.21724e-005
ln_F(239,4)     -2.44915 1.16314e-007
ln_F(240,1)     -4.22738 -2.36231e-005
ln_F(240,2)     -4.79947 3.52384e-005
ln_F(240,3)     -5.17074 -2.71574e-005
ln_F(240,4)     -2.44915 1.16314e-007
ln_F(241,1)     -3.84323 -2.39455e-006
ln_F(241,2)     -5.20874 -3.52281e-005
ln_F(241,3)     -4.84267 2.00754e-005
ln_F(241,4)     -2.44915 1.16314e-007
ln_F(242,1)     -3.94638 -1.84161e-005
ln_F(242,2)     -5.04978 4.84329e-005
ln_F(242,3)     -4.65173 -3.16568e-005
ln_F(242,4)     -2.44915 1.16314e-007
ln_F(243,1)     -4.25398 -1.15886e-005
ln_F(243,2)      -4.4864 -1.47166e-005
ln_F(243,3)      -4.9018 1.35035e-005
ln_F(243,4)     -2.44915 1.16314e-007
ln_F(244,1)     -4.38805 -2.69233e-005
ln_F(244,2)     -5.43988 5.71576e-005
ln_F(244,3)     -5.29158 -4.09025e-005
ln_F(244,4)     -2.44915 1.16314e-007
ln_F(245,1)     -4.26133 -6.99071e-006
ln_F(245,2)     -5.43163 -1.40489e-005
ln_F(245,3)     -5.21215 -4.3538e-006
ln_F(245,4)     -2.44915 1.16314e-007
ln_F(246,1)      -4.4389 2.52402e-006
ln_F(246,2)     -5.38341 -1.87489e-005
ln_F(246,3)      -5.0926 -5.13008e-006
ln_F(246,4)     -2.44915 1.16314e-007
ln_F(247,1)      -3.9971  2.2001e-006
ln_F(247,2)     -4.78251 -1.34404e-005
ln_F(247,3)      -4.4487 -6.21813e-006
ln_F(247,4)     -2.44915 1.16314e-007
ln_F(248,1)     -4.21381 -1.05169e-006
ln_F(248,2)     -5.56352 3.98629e-006
ln_F(248,3)     -5.45959 -2.61644e-005
ln_F(248,4)     -2.44915 1.16314e-007
ln_F(249,1)      -3.9123 -9.34058e-006
ln_F(249,2)      -5.8869 -1.51316e-006
ln_F(249,3)      -5.2136 -2.18311e-005
ln_F(249,4)     -2.44915 1.16314e-007
ln_F(250,1)      -4.0916 -1.73083e-005
ln_F(250,2)     -4.66568 -5.8899e-006
ln_F(250,3)     -5.11768 1.50832e-005
ln_F(250,4)     -2.44915 1.16314e-007
ln_F(251,1)     -3.86298 -9.16165e-006
ln_F(251,2)      -4.7495  3.9173e-006
ln_F(251,3)     -4.45034 -1.47041e-005
ln_F(251,4)     -2.44915 1.16314e-007
ln_F(252,1)     -4.10732 3.37358e-006
ln_F(252,2)      -5.9085 -6.14693e-005
ln_F(252,3)     -5.17466 1.34264e-005
ln_F(252,4)     -2.44915 1.16314e-007
ln_F(253,1)      -3.8289 1.53808e-006
ln_F(253,2)     -5.54464 2.16038e-005
ln_F(253,3)     -4.88417 -4.71946e-005
ln_F(253,4)     -2.44915 1.16314e-007
ln_F(254,1)     -3.87461 -1.56656e-006
ln_F(254,2)     -5.35051 -1.96558e-005
ln_F(254,3)     -4.75261 -6.23721e-006
ln_F(254,4)     -2.44915 1.16314e-007
ln_F(255,1)     -3.98953 -4.21925e-006
ln_F(255,2)     -4.77426 8.80416e-006
ln_F(255,3)     -4.41273 -3.08248e-005
ln_F(255,4)     -2.44915 1.16314e-007
ln_F(256,1)     -4.21505 -2.83538e-005
ln_F(256,2)     -5.55547 1.79114e-005
ln_F(256,3)     -4.92908 -9.46457e-006
ln_F(256,4)     -2.44915 1.16314e-007
ln_F(257,1)     -3.71693 -1.5204e-005
ln_F(257,2)     -4.82717 1.29639e-005
ln_F(257,3)     -4.96249 -2.15846e-005
ln_F(257,4)     -2.44915 1.16314e-007
ln_F(258,1)     -3.38877 -9.48093e-006
ln_F(258,2)      -4.8363 -7.06712e-006
ln_F(258,3)     -4.49285 -8.28033e-006
ln_F(258,4)     -2.44915 1.16314e-007
ln_F(259,1)     -3.48856  2.3529e-006
ln_F(259,2)     -4.01087 -1.50088e-005
ln_F(259,3)     -4.47077 -7.39358e-007
ln_F(259,4)     -2.44915 1.16314e-007
ln_F(260,1)     -3.61392 -7.55062e-006
ln_F(260,2)     -5.24331 -6.05106e-006
ln_F(260,3)     -4.33753 -1.53529e-005
ln_F(260,4)     -2.44915 1.16314e-007
ln_F(261,1)     -3.41064 -3.64973e-006
ln_F(261,2)     -4.66166 -8.21301e-006
ln_F(261,3)     -4.63556 -8.38222e-006
ln_F(261,4)     -2.44915 1.16314e-007
ln_F(262,1)     -3.61321 -1.69746e-005
ln_F(262,2)     -5.09562 -2.38767e-005
ln_F(262,3)     -4.45864 2.18153e-005
ln_F(262,4)     -2.44915 1.16314e-007
ln_F(263,1)     -4.09166 -8.41237e-006
ln_F(263,2)       -4.804 -1.2712e-006
ln_F(263,3)     -4.34054 -1.52728e-005
ln_F(263,4)     -2.44915 1.16314e-007
ln_F(264,1)     -3.93104 -1.30896e-005
ln_F(264,2)     -5.85552 -1.42698e-005
ln_F(264,3)     -4.01967 -4.19597e-006
ln_F(264,4)     -2.44915 1.16314e-007
ln_F(265,1)     -4.07658 -1.51865e-005
ln_F(265,2)     -5.07762 -1.36448e-005
ln_F(265,3)     -4.30623 2.58862e-006
ln_F(265,4)     -2.44915 1.16314e-007
ln_F(266,1)     -4.04441 2.68339e-006
ln_F(266,2)     -4.55551 -1.25025e-005
ln_F(266,3)     -4.24334 -1.77651e-005
ln_F(266,4)     -2.44915 1.16314e-007
ln_F(267,1)     -3.73124 -5.43388e-006
ln_F(267,2)     -4.61724 2.76381e-005
ln_F(267,3)     -4.51696 -3.79819e-005
ln_F(267,4)     -2.44915 1.16314e-007
ln_F(268,1)     -3.97917 -2.40051e-005
ln_F(268,2)     -6.24955 -2.36668e-005
ln_F(268,3)     -4.67808 2.67149e-005
ln_F(268,4)     -2.44915 1.16314e-007
ln_F(269,1)     -4.08043 1.97654e-005
ln_F(269,2)     -5.74381 -4.73269e-006
ln_F(269,3)     -4.86085 -4.64375e-005
ln_F(269,4)     -2.44915 1.16314e-007
ln_F(270,1)     -4.16609 -2.42927e-006
ln_F(270,2)     -4.82803 -1.40411e-005
ln_F(270,3)     -4.68398 -3.33409e-006
ln_F(270,4)     -2.44915 1.16314e-007
ln_F(271,1)     -4.29267 -1.05911e-005
ln_F(271,2)     -4.81664 -1.7256e-005
ln_F(271,3)     -4.78859 -1.82858e-006
ln_F(271,4)     -2.44915 1.16314e-007
ln_F(272,1)     -5.44186 -2.0898e-005
ln_F(272,2)     -6.58034 -4.21857e-006
ln_F(272,3)      -5.4025 -1.10348e-005
ln_F(272,4)     -2.44915 1.16314e-007
ln_F(273,1)     -5.43538 -1.70319e-005
ln_F(273,2)     -6.96215 2.52116e-005
ln_F(273,3)     -5.27966 -1.6758e-005
ln_F(273,4)     -2.44915 1.16314e-007
ln_F(274,1)     -5.34637 -2.23321e-005
ln_F(274,2)     -5.15155 2.45734e-005
ln_F(274,3)     -4.95281 -2.32245e-005
ln_F(274,4)     -2.44915 1.16314e-007
ln_F(275,1)     -5.45747 -8.94258e-006
ln_F(275,2)     -5.39417 -1.4401e-005
ln_F(275,3)     -4.99426 -1.90038e-006
ln_F(275,4)     -2.44915 1.16314e-007
ln_F(276,1)     -5.05075 -1.24849e-005
ln_F(276,2)     -6.81344 -4.7945e-006
ln_F(276,3)     -4.68843 -1.20724e-005
ln_F(276,4)     -2.44915 1.16314e-007
ln_F(277,1)     -5.06689 -6.20526e-006
ln_F(277,2)     -6.53423 -1.60597e-005
ln_F(277,3)     -4.79981 -1.97391e-005
ln_F(277,4)     -2.44915 1.16314e-007
ln_F(278,1)       -5.097 -2.0799e-005
ln_F(278,2)     -5.29733 4.91672e-005
ln_F(278,3)     -4.70543 -4.39185e-005
ln_F(278,4)     -2.44915 1.16314e-007
ln_F(279,1)     -4.74835 2.10903e-006
ln_F(279,2)     -5.08731 -1.63708e-005
ln_F(279,3)     -4.46716 -2.13575e-005
ln_F(279,4)     -2.44915 1.16314e-007
ln_F(280,1)     -4.73807 -2.64101e-005
ln_F(280,2)     -6.59386 2.22189e-005
ln_F(280,3)     -4.60915 -1.64255e-005
ln_F(280,4)     -2.44915 1.16314e-007
ln_F(281,1)     -4.54235 -3.77583e-005
ln_F(281,2)     -6.63172  1.1048e-005
ln_F(281,3)     -4.63679 9.38289e-006
ln_F(281,4)     -2.44915 1.16314e-007
ln_F(282,1)     -4.50642 -3.96796e-006
ln_F(282,2)     -5.03163 -2.46594e-005
ln_F(282,3)     -4.38878 -7.7574e-006
ln_F(282,4)     -2.44915 1.16314e-007
ln_F(283,1)     -4.71117 -2.6401e-005
ln_F(283,2)     -4.52304 -2.37878e-005
ln_F(283,3)     -4.42695 1.06546e-005
ln_F(283,4)     -2.44915 1.16314e-007
ln_F(284,1)     -4.66354 -9.19594e-006
ln_F(284,2)     -6.41257 6.51606e-006
ln_F(284,3)     -4.82855 -1.74579e-005
ln_F(284,4)     -2.44915 1.16314e-007
ln_F(285,1)     -4.72259 4.69815e-006
ln_F(285,2)     -6.81865 -9.53936e-006
ln_F(285,3)      -4.7295 -1.65853e-005
ln_F(285,4)     -2.44915 1.16314e-007
ln_F(286,1)     -4.68978 2.11659e-005
ln_F(286,2)     -5.96959 -4.12188e-005
ln_F(286,3)     -4.77396 -1.83647e-005
ln_F(286,4)     -2.44915 1.16314e-007
ln_F(287,1)     -4.18367 -2.75007e-005
ln_F(287,2)     -4.32493 -3.07508e-005
ln_F(287,3)     -4.49964 2.68859e-005
ln_F(287,4)     -2.44915 1.16314e-007
ln_F(288,1)     -4.02773 -3.78369e-005
ln_F(288,2)     -5.56541 -9.1317e-006
ln_F(288,3)      -4.5236 2.78087e-005
ln_F(288,4)     -2.44915 1.16314e-007
ln_F(289,1)     -4.04207 -8.9198e-007
ln_F(289,2)     -6.20238 -2.1174e-005
ln_F(289,3)      -4.4793 -7.29295e-006
ln_F(289,4)     -2.44915 1.16314e-007
ln_F(290,1)     -4.08629 -8.62672e-007
ln_F(290,2)      -6.9201 -2.45119e-006
ln_F(290,3)     -4.45388 -1.75915e-005
ln_F(290,4)     -2.44915 1.16314e-007
ln_F(291,1)     -4.26996 -2.71469e-006
ln_F(291,2)      -5.5322 -1.59917e-005
ln_F(291,3)     -4.85001 -2.81117e-006
ln_F(291,4)     -2.44915 1.16314e-007
ln_F(292,1)     -4.33966 4.36754e-006
ln_F(292,2)     -5.58658  2.0017e-005
ln_F(292,3)     -4.98034 -3.3826e-005
ln_F(292,4)     -2.44915 1.16314e-007
ln_F(293,1)     -4.36074 -3.50101e-007
ln_F(293,2)     -4.98936 -2.34531e-005
ln_F(293,3)     -4.99176 1.66857e-005
ln_F(293,4)     -2.44915 1.16314e-007
ln_F(294,1)     -3.16191 -7.19168e-006
ln_F(294,2)      -4.5197  2.0015e-005
ln_F(294,3)     -4.40714 -2.99559e-005
ln_F(294,4)     -2.44915 1.16314e-007
ln_F(295,1)     -3.40756 -1.29304e-005
ln_F(295,2)     -4.87335 2.13808e-005
ln_F(295,3)     -4.71282 -2.88715e-005
ln_F(295,4)     -2.44915 1.16314e-007
ln_F(296,1)     -3.42488 -8.91344e-006
ln_F(296,2)     -6.18749 -1.7462e-005
ln_F(296,3)     -4.69838 6.43597e-006
ln_F(296,4)     -2.44915 1.16314e-007
ln_F(297,1)     -3.40722 -4.78354e-006
ln_F(297,2)     -4.92469 2.61594e-005
ln_F(297,3)     -4.87466 -3.38088e-005
ln_F(297,4)     -2.44915 1.16314e-007
ln_F(298,1)     -3.32323 -1.26165e-005
ln_F(298,2)     -4.82454 2.09425e-006
ln_F(298,3)        -4.57 4.28254e-006
ln_F(298,4)     -2.44915 1.16314e-007
ln_F(299,1)     -4.24347 6.36471e-006
ln_F(299,2)     -4.44275 1.69703e-005
ln_F(299,3)     -4.99919 -2.95978e-005
ln_F(299,4)     -2.44915 1.16314e-007
ln_F(300,1)     -4.30454 2.06888e-005
ln_F(300,2)     -5.45976 -9.48329e-007
ln_F(300,3)     -5.00191 -2.85181e-005
ln_F(300,4)     -2.44915 1.16314e-007
ln_F(301,1)     -4.31066 -3.19367e-005
ln_F(301,2)      -5.0956 -2.95939e-005
ln_F(301,3)     -5.10887 4.79676e-005
ln_F(301,4)     -2.44915 1.16314e-007
ln_F(302,1)     -4.35092 -2.16136e-005
ln_F(302,2)     -6.03369 -1.02694e-005
ln_F(302,3)     -4.88865 2.02392e-005
ln_F(302,4)     -2.44915 1.16314e-007
