ParName   Value   Gradient
ln_R_ave(1)      11.8296 -8.02369e-005
ln_rec_devs(1,1)     0.290625 2.71103e-006
ln_rec_devs(1,2)   -0.0948732 -2.36718e-006
ln_rec_devs(1,3)    -0.593389  8.0678e-006
ln_rec_devs(1,4)   -0.0109063 1.57585e-006
ln_rec_devs(1,5)     0.728836 -1.85437e-006
ln_rec_devs(1,6)  -0.00983309 -1.75127e-006
ln_rec_devs(1,7)     0.396263 -5.09538e-008
ln_rec_devs(1,8)     0.708485 3.43917e-006
ln_rec_devs(1,9)     0.782075 -4.30547e-006
ln_rec_devs(1,10)     0.569788 6.23188e-007
ln_rec_devs(1,11)     0.679283 7.05166e-006
ln_rec_devs(1,12)    -0.116443 1.34739e-006
ln_rec_devs(1,13)     0.324623 2.37414e-006
ln_rec_devs(1,14)     0.173575 2.57202e-006
ln_rec_devs(1,15)     0.129638 1.23175e-006
ln_rec_devs(1,16)    -0.205307 1.43602e-006
ln_rec_devs(1,17)     0.188104 1.33068e-006
ln_rec_devs(1,18)     0.217192 -3.36925e-007
ln_rec_devs(1,19)     0.152163 -8.36991e-008
ln_rec_devs(1,20)     0.270422 -1.60047e-006
ln_rec_devs(1,21)     0.556095 -2.58345e-006
ln_rec_devs(1,22)     0.367566 -6.71987e-007
ln_rec_devs(1,23)     0.568815 -1.14166e-006
ln_rec_devs(1,24)     0.140756 4.80067e-007
ln_rec_devs(1,25)     0.157023 -8.32383e-007
ln_rec_devs(1,26)     0.148926 -7.24485e-007
ln_rec_devs(1,27)    -0.101372 -1.22434e-006
ln_rec_devs(1,28)    -0.111028 -2.64495e-006
ln_rec_devs(1,29)   -0.0268656 -2.90041e-006
ln_rec_devs(1,30)    0.0796987 -2.82664e-006
ln_rec_devs(1,31)      0.43229 -3.58078e-006
ln_rec_devs(1,32)     0.308281 -1.04231e-006
ln_rec_devs(1,33)     0.419276 -1.45371e-006
ln_rec_devs(1,34)      0.23067 1.22681e-006
ln_rec_devs(1,35)    -0.129123 1.32559e-006
ln_rec_devs(1,36)   -0.0037742 2.14289e-006
ln_rec_devs(1,37)    -0.232578 3.07959e-007
ln_rec_devs(1,38)   -0.0132838 2.01529e-006
ln_rec_devs(1,39)     0.269559 -5.27577e-007
ln_rec_devs(1,40)     0.259529 -2.86444e-007
ln_rec_devs(1,41)     0.601824 -8.71113e-007
ln_rec_devs(1,42)     0.282837 -4.91113e-006
ln_rec_devs(1,43)     0.458788 -3.33856e-006
ln_rec_devs(1,44)  -0.00898941 -1.71499e-006
ln_rec_devs(1,45)     0.136167 -1.87786e-006
ln_rec_devs(1,46)    0.0877059 -5.6085e-007
ln_rec_devs(1,47)     0.273363 -4.30683e-007
ln_rec_devs(1,48)    -0.286619 -2.05474e-006
ln_rec_devs(1,49)   -0.0824934 6.16762e-007
ln_rec_devs(1,50)     0.581751 2.26988e-006
ln_rec_devs(1,51)     0.508276 -1.1452e-006
ln_rec_devs(1,52)      0.13629 -2.21419e-006
ln_rec_devs(1,53)     0.153763 -1.83714e-006
ln_rec_devs(1,54)    0.0343546 -2.1358e-006
ln_rec_devs(1,55)     0.128523 -2.4933e-006
ln_rec_devs(1,56)     0.222698 -2.24947e-006
ln_rec_devs(1,57)   -0.0294707 -7.54509e-007
ln_rec_devs(1,58)    -0.347514 -6.11665e-007
ln_rec_devs(1,59)    -0.463144 9.08866e-007
ln_rec_devs(1,60)     -0.29519 -2.57141e-006
ln_rec_devs(1,61)    -0.276265 -1.40198e-006
ln_rec_devs(1,62)     0.191158 -5.96289e-006
ln_rec_devs(1,63)     0.127507 -4.43991e-006
ln_rec_devs(1,64)  -0.00609978 -3.98207e-006
ln_rec_devs(1,65)     0.055521 -6.24349e-006
ln_rec_devs(1,66)    0.0248923 -4.46485e-006
ln_rec_devs(1,67)   -0.0121512 -3.71334e-006
ln_rec_devs(1,68)     0.630745 -3.86793e-006
ln_rec_devs(1,69)       0.3991 -4.8204e-006
ln_rec_devs(1,70)     0.539999 -2.55257e-006
ln_rec_devs(1,71)      0.33985 -4.93109e-006
ln_rec_devs(1,72)     0.828837 -5.63716e-006
ln_rec_devs(1,73)     0.508322 -4.55022e-006
ln_rec_devs(1,74)     0.260955 -2.14201e-006
ln_rec_devs(1,75)     0.106382 -2.95051e-006
ln_rec_devs(1,76)     0.103271 -2.92406e-006
ln_rec_devs(1,77)    -0.206522 -3.34353e-006
ln_rec_devs(1,78)     0.338228 -7.50855e-006
ln_rec_devs(1,79)     0.200258 -5.21557e-006
ln_rec_devs(1,80)     0.462913 -7.87979e-006
ln_rec_devs(1,81)     0.588367 -9.54174e-006
ln_rec_devs(1,82)     0.166159 -4.78047e-006
ln_rec_devs(1,83)   -0.0562556 -2.72425e-006
ln_rec_devs(1,84)    0.0797586 -1.93735e-006
ln_rec_devs(1,85)     0.261864 -2.39802e-006
ln_rec_devs(1,86)     0.438118 -8.65614e-007
ln_rec_devs(1,87)    0.0793555 -7.86599e-007
ln_rec_devs(1,88)     0.273114 -6.7756e-007
ln_rec_devs(1,89)   -0.0433565 5.31315e-007
ln_rec_devs(1,90)     0.383686 2.49898e-006
ln_rec_devs(1,91)     0.460073 3.44924e-006
ln_rec_devs(1,92)     0.328735   2.281e-006
ln_rec_devs(1,93)     0.543858 8.22893e-007
ln_rec_devs(1,94)     0.280751 4.93486e-008
ln_rec_devs(1,95)     0.492691 -2.77763e-006
ln_rec_devs(1,96)     0.191305 -1.87712e-006
ln_rec_devs(1,97)     0.436164 1.30245e-006
ln_rec_devs(1,98)  -0.00600324 -4.25649e-007
ln_rec_devs(1,99)   0.00952602 3.08144e-006
ln_rec_devs(1,100)    -0.194842 2.67153e-006
ln_rec_devs(1,101)    -0.091469 3.01636e-006
ln_rec_devs(1,102)     0.317576 5.63573e-006
ln_rec_devs(1,103)    0.0773525 4.51454e-006
ln_rec_devs(1,104)    -0.116459 5.08043e-006
ln_rec_devs(1,105)     0.159554 7.28169e-006
ln_rec_devs(1,106)    -0.280439 3.90916e-006
ln_rec_devs(1,107)    -0.296918 2.86514e-006
ln_rec_devs(1,108)      0.20049 4.89064e-006
ln_rec_devs(1,109)      0.41694   3.578e-006
ln_rec_devs(1,110)      0.36531  2.2715e-006
ln_rec_devs(1,111)      0.62575 -5.32561e-007
ln_rec_devs(1,112)     0.411118 9.35676e-008
ln_rec_devs(1,113)     0.693223 2.18946e-006
ln_rec_devs(1,114)     0.549548 4.80101e-006
ln_rec_devs(1,115)     0.181551 1.68565e-006
ln_rec_devs(1,116)     0.111745 2.30457e-006
ln_rec_devs(1,117)    0.0429502 2.50099e-006
ln_rec_devs(1,118)     0.141898 3.62623e-006
ln_rec_devs(1,119)     0.277845 4.31333e-006
ln_rec_devs(1,120)   -0.0513312 1.93429e-006
ln_rec_devs(1,121)   -0.0628606  2.5683e-006
ln_rec_devs(1,122)    -0.149895 1.64262e-006
ln_rec_devs(1,123)    -0.329239 2.74713e-006
ln_rec_devs(1,124)    -0.388635 1.24504e-006
ln_rec_devs(1,125)     0.128654 1.48413e-006
ln_rec_devs(1,126)     0.116697  2.3513e-006
ln_rec_devs(1,127)      0.21172 9.33198e-007
ln_rec_devs(1,128)     -0.33359 -3.78096e-007
ln_rec_devs(1,129)     0.205529 6.65107e-007
ln_rec_devs(1,130)    0.0275201 -2.12916e-006
ln_rec_devs(1,131)   0.00353549 -1.72804e-006
ln_rec_devs(1,132)     0.288478 1.21613e-007
ln_rec_devs(1,133)     0.196146 -2.48918e-006
ln_rec_devs(1,134)     0.257494 -2.02348e-006
ln_rec_devs(1,135)     0.744984 -3.83752e-006
ln_rec_devs(1,136)     0.284156 -2.1866e-006
ln_rec_devs(1,137)     0.297302 -9.6506e-007
ln_rec_devs(1,138)   0.00893966 -1.42126e-006
ln_rec_devs(1,139)      0.34956 -2.19294e-006
ln_rec_devs(1,140)     0.538161 -4.37098e-006
ln_rec_devs(1,141)     0.579649 -3.08316e-006
ln_rec_devs(1,142)     0.688422 -4.44918e-006
ln_rec_devs(1,143)     0.579826 -2.42596e-006
ln_rec_devs(1,144)     0.613269 -1.20236e-006
ln_rec_devs(1,145)     0.180227 3.60091e-007
ln_rec_devs(1,146)    0.0745772 -2.24297e-007
ln_rec_devs(1,147)     0.344253 -3.51128e-008
ln_rec_devs(1,148)    -0.204287 1.38758e-007
ln_rec_devs(1,149)    -0.126832 -1.8586e-007
ln_rec_devs(1,150)   -0.0441256 -2.04024e-007
ln_rec_prop_CNST(1,1)     -4.99999 -9.98375e-009
ln_T_CNST(1,1)    -0.731241 2.87083e-005
ln_T_CNST(2,1)      1.19803 -8.88099e-006
log_sel_beta1(1,1)     0.752921 -4.47379e-006
log_sel_beta1(1,2)     0.103618 -5.19875e-006
log_sel_beta1(1,3)     0.288441 -8.09406e-006
log_sel_beta1(1,4)    0.0249967 2.60066e-005
log_sel_beta1(2,1)     0.642527 5.34308e-006
log_sel_beta1(2,2)    0.0445907 -8.74923e-006
log_sel_beta1(2,3)      0.21004 -4.26816e-006
log_sel_beta1(2,4)     0.446621 1.52333e-007
log_sel_beta2(1,1)      2.01762 2.75027e-005
log_sel_beta2(1,2)      2.03178 -1.25301e-005
log_sel_beta2(1,3)      1.96937 -3.22444e-005
log_sel_beta2(1,4)      1.91779 1.01485e-005
log_sel_beta2(2,1)        1.992 1.81224e-005
log_sel_beta2(2,2)      2.14874 -1.46654e-005
log_sel_beta2(2,3)       1.9065 -8.75405e-006
log_sel_beta2(2,4)     0.980739 -2.23828e-007
log_sel_beta3(1,1)     -1.11539 -1.02711e-005
log_sel_beta3(1,2)     0.465204 1.54591e-007
log_sel_beta3(1,3)     -2.77904 -1.94959e-006
log_sel_beta3(1,4)    -0.641093 2.32217e-006
log_sel_beta3(2,1)     -1.57716 8.79141e-007
log_sel_beta3(2,2)     0.465204 1.54591e-007
log_sel_beta3(2,3)     -2.32681 -4.41328e-006
log_sel_beta3(2,4)     0.465204 1.54591e-007
log_sel_beta4(1,1)     -4.99999 -5.05903e-008
log_sel_beta4(1,2)     0.786515 1.96029e-007
log_sel_beta4(1,3)      -4.9999 1.30051e-006
log_sel_beta4(1,4)     -4.99999 -2.54021e-009
log_sel_beta4(2,1)     -4.99996 -4.56877e-007
log_sel_beta4(2,2)     0.786515 1.96029e-007
log_sel_beta4(2,3)      -4.9999 -1.99888e-008
log_sel_beta4(2,4)     0.786515 1.96029e-007
ln_q(1,1)          -15 -2.32604e-006
ln_F(1,1)     -6.54419 5.24667e-007
ln_F(1,2)     -7.76743 7.76417e-007
ln_F(1,3)      -13.031 -2.00351e-006
ln_F(1,4)     -7.17572 1.00395e-007
ln_F(2,1)     -6.15211 1.74851e-006
ln_F(2,2)     -8.69936 2.49322e-008
ln_F(2,3)     -13.0136 -1.07377e-006
ln_F(2,4)      -5.9078 -8.96086e-007
ln_F(3,1)     -6.04309 6.01369e-007
ln_F(3,2)     -7.03312 9.47209e-007
ln_F(3,3)     -13.0178 -7.33319e-007
ln_F(3,4)     -7.20896 -3.80469e-007
ln_F(4,1)     -5.96538 -4.00916e-007
ln_F(4,2)     -7.51416 2.09502e-008
ln_F(4,3)     -7.01087 5.55043e-007
ln_F(4,4)     -7.16319 -9.54782e-009
ln_F(5,1)     -6.23058  1.9879e-007
ln_F(5,2)     -7.77908 -5.25471e-007
ln_F(5,3)     -6.57521 -1.08234e-006
ln_F(5,4)     -7.16319 -9.54782e-009
ln_F(6,1)     -5.85475 -5.90018e-008
ln_F(6,2)     -8.14189 -6.53069e-007
ln_F(6,3)     -5.58275 1.21519e-006
ln_F(6,4)     -7.16319 -9.54782e-009
ln_F(7,1)      -5.7714 4.72817e-007
ln_F(7,2)     -7.81412 -9.4554e-007
ln_F(7,3)     -7.35131 -9.91883e-009
ln_F(7,4)     -7.16319 -9.54782e-009
ln_F(8,1)     -5.65324 2.37662e-007
ln_F(8,2)     -7.90286 -6.68179e-007
ln_F(8,3)       -6.374 7.75225e-007
ln_F(8,4)     -7.16319 -9.54782e-009
ln_F(9,1)     -5.98878 -1.06319e-007
ln_F(9,2)     -8.21983 -2.05548e-007
ln_F(9,3)     -6.65509 6.14386e-007
ln_F(9,4)     -7.16319 -9.54782e-009
ln_F(10,1)     -5.54854 3.16726e-007
ln_F(10,2)     -8.58693 1.34896e-007
ln_F(10,3)     -5.24042 -6.54899e-007
ln_F(10,4)     -7.16319 -9.54782e-009
ln_F(11,1)     -5.36916 -7.40304e-008
ln_F(11,2)     -7.72063 -3.77364e-007
ln_F(11,3)     -7.74981 1.29447e-006
ln_F(11,4)     -7.16319 -9.54782e-009
ln_F(12,1)     -5.31362 2.79518e-007
ln_F(12,2)      -7.6463 -5.87499e-007
ln_F(12,3)     -5.97502 -1.11569e-007
ln_F(12,4)     -9.10171 -8.47702e-008
ln_F(13,1)     -5.71634 1.10799e-007
ln_F(13,2)     -7.44797 -4.56309e-007
ln_F(13,3)     -6.07636 4.62371e-007
ln_F(13,4)     -9.18687 -2.81698e-007
ln_F(14,1)     -5.43888 -7.25737e-007
ln_F(14,2)     -7.53253 4.64506e-007
ln_F(14,3)     -5.25066 1.19205e-007
ln_F(14,4)     -9.25543 -3.60026e-007
ln_F(15,1)     -5.54778 -1.66234e-007
ln_F(15,2)     -7.21611 -4.6035e-007
ln_F(15,3)     -6.90765 4.55139e-007
ln_F(15,4)     -9.34071 -4.89894e-007
ln_F(16,1)     -6.19049 -7.2936e-007
ln_F(16,2)       -7.141 9.08903e-007
ln_F(16,3)     -6.18622 -2.65866e-008
ln_F(16,4)     -10.7642 5.17879e-007
ln_F(17,1)     -6.27609 -3.75983e-007
ln_F(17,2)     -6.81398 -4.00958e-007
ln_F(17,3)     -6.95103 1.63622e-006
ln_F(17,4)     -10.7521 -1.29198e-006
ln_F(18,1)     -6.14245 1.53798e-007
ln_F(18,2)      -7.1908  5.9673e-007
ln_F(18,3)     -4.98364 -5.33008e-007
ln_F(18,4)     -10.6653 2.36491e-007
ln_F(19,1)     -5.91491 -4.78731e-009
ln_F(19,2)     -6.57165 -8.62294e-007
ln_F(19,3)     -6.14234 3.61273e-007
ln_F(19,4)      -10.592 2.87864e-007
ln_F(20,1)     -6.42525 1.05314e-006
ln_F(20,2)     -7.37853  9.1591e-007
ln_F(20,3)     -5.25495 6.46217e-007
ln_F(20,4)     -7.16319 -9.54782e-009
ln_F(21,1)     -6.42674 6.94305e-007
ln_F(21,2)      -7.0637 1.73235e-007
ln_F(21,3)     -4.54833 7.69081e-007
ln_F(21,4)     -7.16319 -9.54782e-009
ln_F(22,1)     -6.22974 7.20338e-007
ln_F(22,2)     -7.25718 -3.02691e-008
ln_F(22,3)     -4.48978 -2.9252e-007
ln_F(22,4)     -7.16319 -9.54782e-009
ln_F(23,1)     -6.13722 1.66138e-007
ln_F(23,2)     -7.04232 -4.2723e-007
ln_F(23,3)     -5.17478 -6.7037e-007
ln_F(23,4)     -7.16319 -9.54782e-009
ln_F(24,1)     -6.06777 3.18714e-007
ln_F(24,2)      -7.2121 -2.09109e-007
ln_F(24,3)     -4.47483 -2.51445e-007
ln_F(24,4)     -7.16319 -9.54782e-009
ln_F(25,1)     -6.02642 4.32395e-007
ln_F(25,2)     -7.29179 1.18932e-006
ln_F(25,3)     -4.29459 -7.56729e-007
ln_F(25,4)     -7.16319 -9.54782e-009
ln_F(26,1)     -5.80214 3.23573e-007
ln_F(26,2)     -7.93383 2.73782e-007
ln_F(26,3)     -4.24289 -6.02969e-008
ln_F(26,4)     -7.16319 -9.54782e-009
ln_F(27,1)     -5.66786 1.06342e-006
ln_F(27,2)     -7.54219 1.64033e-007
ln_F(27,3)     -3.55063 -2.41275e-007
ln_F(27,4)     -7.16319 -9.54782e-009
ln_F(28,1)      -5.9949 -2.80075e-007
ln_F(28,2)     -7.30628 2.63393e-007
ln_F(28,3)     -4.49605 8.25818e-007
ln_F(28,4)     -7.16319 -9.54782e-009
ln_F(29,1)     -6.11026 -5.90725e-007
ln_F(29,2)     -7.37187  5.3708e-008
ln_F(29,3)     -5.00477 5.71882e-007
ln_F(29,4)     -7.16319 -9.54782e-009
ln_F(30,1)     -5.96152  6.4807e-007
ln_F(30,2)     -7.44906  9.0283e-007
ln_F(30,3)     -4.25677 -6.64618e-008
ln_F(30,4)     -7.16319 -9.54782e-009
ln_F(31,1)     -5.86247  1.0317e-006
ln_F(31,2)     -6.72222 -1.55724e-007
ln_F(31,3)     -3.76593 7.31392e-007
ln_F(31,4)     -7.16319 -9.54782e-009
ln_F(32,1)     -5.91666 -1.03733e-006
ln_F(32,2)     -6.47874 5.28745e-007
ln_F(32,3)     -4.40558 7.47825e-008
ln_F(32,4)     -7.16319 -9.54782e-009
ln_F(33,1)     -6.06394  1.0616e-006
ln_F(33,2)     -6.42884 -8.35817e-007
ln_F(33,3)     -4.97973 -1.08478e-007
ln_F(33,4)     -7.16319 -9.54782e-009
ln_F(34,1)     -5.93579 4.68115e-007
ln_F(34,2)     -7.24861 -3.51419e-007
ln_F(34,3)     -4.99319 3.74444e-007
ln_F(34,4)     -7.16319 -9.54782e-009
ln_F(35,1)      -5.6716 9.68778e-008
ln_F(35,2)     -6.25925 -3.76498e-007
ln_F(35,3)     -4.70794 -4.19783e-007
ln_F(35,4)     -7.16319 -9.54782e-009
ln_F(36,1)     -5.35786 -1.43869e-006
ln_F(36,2)     -6.37475  3.9141e-007
ln_F(36,3)     -4.60379 1.13331e-007
ln_F(36,4)     -7.16319 -9.54782e-009
ln_F(37,1)     -5.51077 5.85086e-008
ln_F(37,2)     -6.95254 -1.80646e-006
ln_F(37,3)     -4.74456 -1.93627e-007
ln_F(37,4)     -7.16319 -9.54782e-009
ln_F(38,1)     -5.37927 1.18543e-007
ln_F(38,2)     -7.03552 -1.12422e-006
ln_F(38,3)     -4.26185 -7.14421e-008
ln_F(38,4)     -7.16319 -9.54782e-009
ln_F(39,1)     -5.38292 -4.14208e-007
ln_F(39,2)     -5.84091  6.2088e-007
ln_F(39,3)     -4.62337 6.70727e-007
ln_F(39,4)     -7.16319 -9.54782e-009
ln_F(40,1)     -5.13904 -1.50762e-007
ln_F(40,2)     -6.27879 4.91527e-007
ln_F(40,3)     -4.20554 1.20918e-006
ln_F(40,4)     -7.16319 -9.54782e-009
ln_F(41,1)     -5.58381 1.06829e-006
ln_F(41,2)     -6.29972 -2.99133e-007
ln_F(41,3)     -4.60504 7.83338e-007
ln_F(41,4)     -7.16319 -9.54782e-009
ln_F(42,1)     -5.19224 1.70635e-006
ln_F(42,2)      -6.6782 9.80094e-007
ln_F(42,3)     -3.90705   1.603e-006
ln_F(42,4)     -7.16319 -9.54782e-009
ln_F(43,1)     -4.96488 8.88573e-007
ln_F(43,2)     -6.09465 1.79766e-006
ln_F(43,3)     -3.58933 8.41005e-007
ln_F(43,4)     -7.16319 -9.54782e-009
ln_F(44,1)     -4.91624 1.45752e-006
ln_F(44,2)     -7.06674 6.78947e-007
ln_F(44,3)     -3.82449 9.40017e-007
ln_F(44,4)     -7.16319 -9.54782e-009
ln_F(45,1)     -5.10121 1.08609e-006
ln_F(45,2)     -6.94165 4.48507e-007
ln_F(45,3)     -4.16701 9.42043e-007
ln_F(45,4)     -7.16319 -9.54782e-009
ln_F(46,1)     -4.70064 6.50527e-007
ln_F(46,2)     -7.05045 7.56985e-007
ln_F(46,3)     -4.00913 1.24655e-007
ln_F(46,4)     -7.16319 -9.54782e-009
ln_F(47,1)     -4.62106 -3.97784e-007
ln_F(47,2)     -5.63245 -1.0591e-006
ln_F(47,3)     -4.12686 -4.95878e-007
ln_F(47,4)     -7.16319 -9.54782e-009
ln_F(48,1)     -5.04514 -1.25313e-006
ln_F(48,2)     -5.22404 -2.09923e-007
ln_F(48,3)     -3.68551 9.13065e-007
ln_F(48,4)     -6.64696 -4.71835e-007
ln_F(49,1)     -5.31442 -1.99406e-006
ln_F(49,2)     -6.17324 2.17259e-008
ln_F(49,3)     -4.47356 -1.08254e-006
ln_F(49,4)     -7.68877 -8.18898e-007
ln_F(50,1)     -5.45613 -3.7133e-007
ln_F(50,2)      -6.8712 -7.02446e-007
ln_F(50,3)     -3.97462 1.17835e-007
ln_F(50,4)     -5.98557 -9.60573e-007
ln_F(51,1)     -4.72461 -1.39976e-006
ln_F(51,2)     -6.75567 -3.6995e-007
ln_F(51,3)     -4.08419 -7.06218e-007
ln_F(51,4)     -5.59689 -1.36374e-007
ln_F(52,1)     -4.91165 -3.76442e-008
ln_F(52,2)     -6.14798 4.23876e-007
ln_F(52,3)     -4.69378 7.62979e-007
ln_F(52,4)     -5.89492 -6.42991e-007
ln_F(53,1)     -5.18595  2.8502e-007
ln_F(53,2)     -6.24144 -6.62702e-007
ln_F(53,3)     -4.99438 -1.7224e-007
ln_F(53,4)     -7.32137 -1.08151e-006
ln_F(54,1)     -5.40376 1.24062e-006
ln_F(54,2)     -6.66755  8.3173e-007
ln_F(54,3)     -4.33937 3.76015e-007
ln_F(54,4)      -4.5831 1.74734e-007
ln_F(55,1)     -5.07158 2.61774e-007
ln_F(55,2)      -7.0981 -6.00041e-007
ln_F(55,3)     -4.47434 -2.30169e-007
ln_F(55,4)     -5.72247 -6.90058e-008
ln_F(56,1)     -5.23831 6.65958e-007
ln_F(56,2)     -5.54529 -2.02451e-007
ln_F(56,3)     -4.58722 1.52482e-007
ln_F(56,4)     -5.56395  7.0603e-008
ln_F(57,1)     -4.63805 -4.56745e-007
ln_F(57,2)     -5.39385 -7.18136e-007
ln_F(57,3)     -4.49344 -9.02357e-007
ln_F(57,4)     -6.86722 -6.07443e-007
ln_F(58,1)     -5.09153 -4.23539e-007
ln_F(58,2)     -5.55083 -2.79382e-007
ln_F(58,3)     -4.40274 -4.02935e-007
ln_F(58,4)     -5.17098 -5.27689e-007
ln_F(59,1)     -4.49539 7.44452e-007
ln_F(59,2)     -5.67934 -5.33314e-007
ln_F(59,3)     -4.44611 2.41338e-007
ln_F(59,4)     -5.38352 -9.35527e-007
ln_F(60,1)     -4.76303 -3.78807e-007
ln_F(60,2)     -4.70711  9.9437e-007
ln_F(60,3)     -4.16157 6.84741e-007
ln_F(60,4)     -5.99627 1.08749e-006
ln_F(61,1)     -4.72994 1.57661e-007
ln_F(61,2)     -4.02697 6.20131e-007
ln_F(61,3)     -4.94442 -3.41963e-009
ln_F(61,4)     -5.87832 -1.01956e-006
ln_F(62,1)      -5.1852 2.96001e-007
ln_F(62,2)     -4.46345 6.32707e-007
ln_F(62,3)     -4.16041 1.04771e-006
ln_F(62,4)     -4.75418 2.27208e-007
ln_F(63,1)     -4.41518 6.49059e-008
ln_F(63,2)     -5.00336 9.72551e-007
ln_F(63,3)     -4.34447 -1.35936e-007
ln_F(63,4)     -4.47472 -4.82555e-007
ln_F(64,1)     -4.62496 -5.99794e-008
ln_F(64,2)     -5.65616 1.19821e-006
ln_F(64,3)     -3.93657 4.59515e-007
ln_F(64,4)     -4.03973 7.20984e-007
ln_F(65,1)      -4.1223 5.05405e-007
ln_F(65,2)     -5.14129 2.66202e-007
ln_F(65,3)     -4.49395 1.56299e-006
ln_F(65,4)     -3.94956  3.1401e-007
ln_F(66,1)     -4.23874 5.97296e-007
ln_F(66,2)     -6.06846 1.15966e-006
ln_F(66,3)     -3.80586 6.93107e-007
ln_F(66,4)     -3.80574 -3.08822e-007
ln_F(67,1)     -3.86953 9.05374e-007
ln_F(67,2)     -6.42521  9.5371e-007
ln_F(67,3)     -3.92979 6.43093e-008
ln_F(67,4)     -4.60867 1.74028e-008
ln_F(68,1)      -4.1288 1.84186e-008
ln_F(68,2)     -6.25903 3.17255e-007
ln_F(68,3)     -3.44385 -1.2276e-007
ln_F(68,4)     -3.89448 -1.14002e-006
ln_F(69,1)     -3.58845 9.33084e-007
ln_F(69,2)     -5.23797 4.35707e-007
ln_F(69,3)     -3.47983 9.11893e-007
ln_F(69,4)     -4.46178 6.23123e-007
ln_F(70,1)     -3.99631 -1.96594e-007
ln_F(70,2)     -6.51296 -3.51414e-007
ln_F(70,3)     -3.49883 1.20579e-007
ln_F(70,4)     -4.20937 -6.10645e-007
ln_F(71,1)     -3.92991 -6.45111e-007
ln_F(71,2)     -5.76278 -5.50628e-007
ln_F(71,3)     -3.83134 -4.90971e-007
ln_F(71,4)     -4.24802 -1.06205e-006
ln_F(72,1)     -4.42941 -5.27802e-007
ln_F(72,2)     -5.49564 -6.52242e-007
ln_F(72,3)     -4.22483 -1.0129e-008
ln_F(72,4)     -4.46181 -1.09199e-006
ln_F(73,1)       -3.924 -1.27851e-006
ln_F(73,2)     -4.98857 -1.63832e-007
ln_F(73,3)     -4.30232 -4.54257e-007
ln_F(73,4)     -4.72176 -6.84653e-007
ln_F(74,1)      -4.4178 -9.95682e-008
ln_F(74,2)     -6.59136 -3.1819e-007
ln_F(74,3)     -3.08074 2.23809e-008
ln_F(74,4)     -4.70695 -7.54911e-007
ln_F(75,1)     -3.95665 -3.73386e-007
ln_F(75,2)     -6.14539 -9.41293e-007
ln_F(75,3)     -2.88785 -9.3565e-008
ln_F(75,4)     -4.93609 -8.71381e-007
ln_F(76,1)     -4.51247 -4.92759e-007
ln_F(76,2)     -5.87526 7.06822e-007
ln_F(76,3)     -3.35228 3.72481e-007
ln_F(76,4)     -5.27442 -2.72928e-007
ln_F(77,1)     -4.33925 1.13198e-008
ln_F(77,2)     -6.11647 -5.01136e-007
ln_F(77,3)     -3.74811 -3.28784e-007
ln_F(77,4)     -5.45811 -1.20575e-006
ln_F(78,1)     -4.85112 2.02333e-007
ln_F(78,2)     -6.84454 -9.57094e-007
ln_F(78,3)     -3.29639 2.26167e-008
ln_F(78,4)     -4.85631 -8.66509e-007
ln_F(79,1)     -3.99231 -7.97711e-009
ln_F(79,2)     -5.76285 -1.64421e-007
ln_F(79,3)      -3.1094 1.24382e-006
ln_F(79,4)     -4.97551 -4.49308e-007
ln_F(80,1)     -4.79002 -5.75496e-007
ln_F(80,2)     -5.66099 -2.51505e-008
ln_F(80,3)     -4.51291 3.01294e-007
ln_F(80,4)     -4.61048 -5.1469e-008
ln_F(81,1)     -4.20214 -6.1817e-007
ln_F(81,2)     -5.99809 -2.63151e-007
ln_F(81,3)     -4.10349 3.89076e-007
ln_F(81,4)     -4.92066 -5.6867e-007
ln_F(82,1)     -5.04601 -8.61048e-007
ln_F(82,2)     -6.58054 -1.95471e-007
ln_F(82,3)     -4.00105 -9.55159e-007
ln_F(82,4)     -4.74483 -7.14313e-007
ln_F(83,1)     -4.44157 8.85539e-007
ln_F(83,2)      -5.9326 -4.69126e-007
ln_F(83,3)     -4.22234 6.25054e-007
ln_F(83,4)     -4.23573 6.77727e-008
ln_F(84,1)     -4.31398 1.79311e-007
ln_F(84,2)     -5.87918 -2.30901e-007
ln_F(84,3)     -3.64589 1.66044e-007
ln_F(84,4)     -5.05275 -1.50941e-007
ln_F(85,1)     -3.93348 3.72951e-007
ln_F(85,2)     -6.25498 5.44175e-008
ln_F(85,3)       -3.364 1.31584e-006
ln_F(85,4)     -5.58515 -7.37441e-007
ln_F(86,1)     -4.48947 -4.2517e-010
ln_F(86,2)     -6.29617 2.16916e-007
ln_F(86,3)     -2.92449 1.29543e-006
ln_F(86,4)     -5.41762 -1.33534e-006
ln_F(87,1)     -4.18984 -1.37375e-007
ln_F(87,2)     -6.11111 3.11493e-007
ln_F(87,3)     -3.01142 2.33743e-006
ln_F(87,4)     -5.89587 -1.33405e-006
ln_F(88,1)     -4.63852 1.21348e-007
ln_F(88,2)     -5.94097 -1.02835e-006
ln_F(88,3)     -4.02771 -2.49778e-007
ln_F(88,4)     -5.99933 -1.46585e-006
ln_F(89,1)      -4.3715 3.34761e-007
ln_F(89,2)     -6.12916 -5.90241e-009
ln_F(89,3)     -3.82344 1.30115e-006
ln_F(89,4)     -4.94761  -5.309e-007
ln_F(90,1)     -4.39017 1.04439e-008
ln_F(90,2)     -6.33135 -3.26925e-007
ln_F(90,3)     -3.10288 -1.59296e-007
ln_F(90,4)     -4.30665 -4.25427e-007
ln_F(91,1)     -3.82103 9.95325e-007
ln_F(91,2)     -6.44663  3.3417e-007
ln_F(91,3)     -3.58468 1.40008e-006
ln_F(91,4)     -5.41032 -3.4343e-007
ln_F(92,1)     -4.45751 -1.38375e-007
ln_F(92,2)     -5.93351 -1.58504e-006
ln_F(92,3)     -3.79957 4.18221e-007
ln_F(92,4)     -5.12585 -6.03046e-007
ln_F(93,1)     -4.08329 -7.95152e-007
ln_F(93,2)      -6.2162 -4.5005e-007
ln_F(93,3)     -3.91721 -1.07941e-007
ln_F(93,4)     -5.47399 4.18714e-007
ln_F(94,1)     -4.96437 8.18887e-007
ln_F(94,2)     -6.56993 1.58998e-007
ln_F(94,3)     -3.52053 4.94617e-007
ln_F(94,4)     -4.48032 1.71485e-007
ln_F(95,1)     -3.96376 9.89567e-007
ln_F(95,2)     -6.08856  5.1984e-007
ln_F(95,3)     -3.54061 6.64551e-007
ln_F(95,4)     -4.81919 3.59074e-007
ln_F(96,1)     -3.54382 1.04755e-006
ln_F(96,2)     -5.62522 -5.84489e-007
ln_F(96,3)      -3.8805 2.26534e-007
ln_F(96,4)     -5.27254 -3.11079e-007
ln_F(97,1)     -3.69257 7.47963e-007
ln_F(97,2)     -5.84038 5.76054e-007
ln_F(97,3)     -3.85691 1.44713e-006
ln_F(97,4)     -4.67442 1.03317e-008
ln_F(98,1)     -4.35352 -5.18245e-007
ln_F(98,2)     -6.77287 9.24616e-008
ln_F(98,3)     -3.05815 1.05212e-006
ln_F(98,4)      -4.1042 -5.90223e-008
ln_F(99,1)     -3.56014 1.43196e-006
ln_F(99,2)     -6.68416  1.5488e-006
ln_F(99,3)     -2.91344 1.72612e-006
ln_F(99,4)     -5.11911 6.54735e-008
ln_F(100,1)     -4.00784 1.23222e-007
ln_F(100,2)      -5.8662 2.68213e-007
ln_F(100,3)     -3.20467 -1.70461e-007
ln_F(100,4)     -5.27147 -1.1291e-007
ln_F(101,1)     -3.74763 2.66842e-007
ln_F(101,2)     -5.57111 -3.82085e-007
ln_F(101,3)     -3.78825 2.93346e-007
ln_F(101,4)     -5.68527 -1.15589e-006
ln_F(102,1)     -4.25366 1.20943e-007
ln_F(102,2)     -6.28288 6.33942e-007
ln_F(102,3)     -3.24355 6.41647e-007
ln_F(102,4)     -4.23416 1.12191e-007
ln_F(103,1)     -3.29213 -1.62973e-006
ln_F(103,2)     -5.84689 -4.87678e-007
ln_F(103,3)     -3.01518 -1.00871e-006
ln_F(103,4)     -4.56854 -1.30938e-006
ln_F(104,1)     -3.30275 -2.60725e-007
ln_F(104,2)     -4.77737 8.89929e-007
ln_F(104,3)     -3.59864 -8.26607e-008
ln_F(104,4)     -4.86821 -2.35641e-007
ln_F(105,1)     -3.84167 -1.0332e-006
ln_F(105,2)     -4.09258 -7.1141e-007
ln_F(105,3)     -3.51954 -5.23278e-007
ln_F(105,4)     -4.92653 -9.19675e-007
ln_F(106,1)     -3.62589 4.03369e-007
ln_F(106,2)     -5.69359 9.80585e-007
ln_F(106,3)     -3.07605 2.91445e-007
ln_F(106,4)     -4.51065  2.7662e-007
ln_F(107,1)     -3.27128 -9.87958e-007
ln_F(107,2)     -4.70724 -1.80939e-007
ln_F(107,3)     -2.83364 -1.38344e-006
ln_F(107,4)     -4.35958 -1.17688e-006
ln_F(108,1)     -3.68318 9.46852e-007
ln_F(108,2)     -4.74696 2.31117e-007
ln_F(108,3)     -3.32234 -5.80206e-007
ln_F(108,4)     -4.42234 1.29848e-007
ln_F(109,1)     -3.69219 3.07838e-007
ln_F(109,2)     -4.45879 -4.39177e-007
ln_F(109,3)     -3.68426 -5.71556e-007
ln_F(109,4)     -4.57931 -7.57179e-007
ln_F(110,1)     -4.15374 -3.5027e-007
ln_F(110,2)      -5.9652 1.35205e-006
ln_F(110,3)     -2.95579 -1.19393e-006
ln_F(110,4)     -4.06276 1.99402e-007
ln_F(111,1)     -4.14523 -8.43805e-008
ln_F(111,2)     -5.24564 8.09212e-007
ln_F(111,3)     -3.15184 -1.42468e-006
ln_F(111,4)     -4.23521 -6.21162e-007
ln_F(112,1)     -3.08111 -8.26082e-007
ln_F(112,2)     -4.74906 -1.87547e-007
ln_F(112,3)     -3.21124  5.1014e-007
ln_F(112,4)     -4.57565 2.11674e-007
ln_F(113,1)     -3.67611 -9.74081e-008
ln_F(113,2)     -4.96333 1.22915e-006
ln_F(113,3)     -3.61353 -4.42879e-007
ln_F(113,4)     -4.36517 1.42534e-007
ln_F(114,1)     -3.81851 1.53219e-006
ln_F(114,2)     -5.62518 1.19655e-006
ln_F(114,3)     -3.03054 -1.41633e-006
ln_F(114,4)     -4.46952 -6.54239e-007
ln_F(115,1)     -3.50978  2.6389e-008
ln_F(115,2)     -5.33771 3.49994e-007
ln_F(115,3)      -2.9897 -1.19576e-006
ln_F(115,4)     -4.61107 -4.10932e-007
ln_F(116,1)     -3.83786 9.22129e-007
ln_F(116,2)     -5.37043 1.60648e-007
ln_F(116,3)     -4.05521 -9.81936e-007
ln_F(116,4)     -4.52104 -7.90326e-007
ln_F(117,1)     -3.91095 3.61413e-007
ln_F(117,2)     -5.46821 -3.93773e-007
ln_F(117,3)     -4.48771 1.52572e-007
ln_F(117,4)     -4.64489 -7.96803e-007
ln_F(118,1)     -4.26393 7.20736e-008
ln_F(118,2)     -7.27538 -3.87191e-008
ln_F(118,3)     -3.77021 -3.2457e-007
ln_F(118,4)     -4.64261 -4.13146e-007
ln_F(119,1)     -4.24919 -9.49404e-007
ln_F(119,2)     -6.67584 -1.10473e-007
ln_F(119,3)     -3.93577 -5.20486e-007
ln_F(119,4)      -4.2458 -9.15365e-007
ln_F(120,1)     -4.38487 -2.29179e-007
ln_F(120,2)     -5.98969 -7.81176e-007
ln_F(120,3)     -4.40848 7.14142e-008
ln_F(120,4)     -4.63741 -6.07304e-009
ln_F(121,1)      -4.7585 -5.75615e-007
ln_F(121,2)     -6.72687 2.13552e-008
ln_F(121,3)     -4.37236 -4.66656e-007
ln_F(121,4)     -4.29354 -8.85548e-007
ln_F(122,1)     -4.87498 -1.10879e-006
ln_F(122,2)     -7.91781 6.27785e-008
ln_F(122,3)     -3.35754 -1.51896e-006
ln_F(122,4)     -3.82199 -1.76501e-006
ln_F(123,1)      -4.8486 3.69469e-007
ln_F(123,2)     -7.31717 -1.55639e-007
ln_F(123,3)     -3.56733 -1.01585e-006
ln_F(123,4)     -4.21983 -1.0787e-006
ln_F(124,1)     -4.66657 5.11154e-007
ln_F(124,2)     -7.00174 2.79642e-007
ln_F(124,3)     -3.84969   -4.03e-007
ln_F(124,4)     -4.53423 -1.97736e-009
ln_F(125,1)     -3.81956 -8.59807e-008
ln_F(125,2)     -6.84254 2.53446e-007
ln_F(125,3)     -4.36576 -1.73722e-007
ln_F(125,4)     -4.01206 -5.79249e-007
ln_F(126,1)     -4.60745 3.72025e-007
ln_F(126,2)     -7.52977 4.30652e-007
ln_F(126,3)      -3.3293 -1.80168e-006
ln_F(126,4)     -3.95396 -6.04722e-007
ln_F(127,1)     -4.06506 2.39427e-007
ln_F(127,2)     -7.09471 7.07333e-007
ln_F(127,3)     -3.60831 -7.52693e-007
ln_F(127,4)     -4.36541 -8.67398e-008
ln_F(128,1)     -3.55379 -5.10733e-007
ln_F(128,2)     -7.09901 -1.96534e-007
ln_F(128,3)     -3.28375 -9.40061e-007
ln_F(128,4)     -4.29695 -8.78273e-007
ln_F(129,1)     -3.78055 -9.37192e-007
ln_F(129,2)     -7.61291 -2.09323e-007
ln_F(129,3)     -3.70339 -1.43837e-006
ln_F(129,4)     -4.13504 -6.00232e-007
ln_F(130,1)      -3.9683 -1.22399e-006
ln_F(130,2)     -7.32519  3.3595e-007
ln_F(130,3)      -2.8933 -2.87568e-007
ln_F(130,4)     -4.49602 -2.79863e-007
ln_F(131,1)     -3.87703 4.62921e-007
ln_F(131,2)     -6.39721 1.30971e-006
ln_F(131,3)     -3.05359 -4.0558e-007
ln_F(131,4)     -4.24982 -7.27161e-008
ln_F(132,1)     -4.00239 3.84922e-007
ln_F(132,2)     -7.22376 3.53749e-007
ln_F(132,3)     -3.28421 -1.09858e-007
ln_F(132,4)     -5.01802 -9.02138e-007
ln_F(133,1)     -3.56574 -1.10529e-007
ln_F(133,2)     -7.10514 1.01029e-006
ln_F(133,3)     -3.88124 1.27095e-009
ln_F(133,4)     -4.75007 1.55943e-007
ln_F(134,1)     -3.91248 -6.35487e-007
ln_F(134,2)     -6.80207 4.60745e-007
ln_F(134,3)     -2.94661 7.93252e-008
ln_F(134,4)     -4.01131 -3.45238e-007
ln_F(135,1)      -3.5448 1.18491e-007
ln_F(135,2)     -6.02604 5.90185e-007
ln_F(135,3)     -2.70478 -1.42358e-006
ln_F(135,4)     -4.66932 2.59979e-007
ln_F(136,1)     -3.24351 4.78574e-007
ln_F(136,2)     -6.44949 5.54317e-007
ln_F(136,3)     -2.87558 -2.63743e-007
ln_F(136,4)     -2.94596 -6.34642e-007
ln_F(137,1)      -3.6681 -1.43315e-008
ln_F(137,2)     -6.40982  4.9786e-007
ln_F(137,3)      -3.7278 -3.34167e-007
ln_F(137,4)     -4.25887 -7.83035e-007
ln_F(138,1)     -3.55577 -1.4544e-007
ln_F(138,2)     -7.56001 -5.42501e-007
ln_F(138,3)     -3.18426 -2.56355e-007
ln_F(138,4)       -4.268 -1.42498e-006
ln_F(139,1)      -3.4954 4.00148e-007
ln_F(139,2)      -6.5897 2.66591e-007
ln_F(139,3)        -3.09 1.11178e-006
ln_F(139,4)      -3.8098 1.67376e-007
ln_F(140,1)     -3.44291 -2.09808e-007
ln_F(140,2)     -6.45765 -6.10786e-007
ln_F(140,3)     -2.66051 1.30423e-007
ln_F(140,4)     -3.66606 -8.27172e-007
ln_F(141,1)     -3.82561 -8.1769e-007
ln_F(141,2)     -6.89764 2.52567e-007
ln_F(141,3)     -3.47267 7.23734e-007
ln_F(141,4)     -4.31278 -7.75964e-007
ln_F(142,1)     -3.61376 6.62246e-007
ln_F(142,2)      -8.2392 6.04559e-007
ln_F(142,3)     -2.61416 1.28219e-008
ln_F(142,4)     -3.82314 -2.31257e-007
ln_F(143,1)     -2.73547 -4.27912e-007
ln_F(143,2)     -6.49402 -4.96848e-007
ln_F(143,3)     -2.81796 3.67216e-007
ln_F(143,4)     -3.48555 -3.42351e-007
ln_F(144,1)     -2.88459  6.1468e-007
ln_F(144,2)     -6.32559 1.19973e-006
ln_F(144,3)     -2.75917 1.21824e-006
ln_F(144,4)     -4.09103 7.43584e-007
ln_F(145,1)     -2.81056 5.50905e-007
ln_F(145,2)      -6.8633 1.79762e-007
ln_F(145,3)     -3.45917 1.48529e-007
ln_F(145,4)     -3.90389 -5.53876e-007
ln_F(146,1)     -2.88831 2.18336e-007
ln_F(146,2)     -8.44714 4.51815e-007
ln_F(146,3)     -2.87917 8.23939e-007
ln_F(146,4)     -4.25554 -1.5712e-007
ln_F(147,1)     -2.50149 6.44153e-007
ln_F(147,2)     -6.50418 3.22865e-007
ln_F(147,3)      -3.0097 3.66328e-007
ln_F(147,4)     -4.14749 -3.7165e-007
ln_F(148,1)      -2.2527 4.07174e-008
ln_F(148,2)     -6.30256 -4.52811e-007
ln_F(148,3)     -2.97173 -3.28241e-007
ln_F(148,4)     -4.46354 -7.79551e-007
ln_F(149,1)     -3.61848 5.25507e-009
ln_F(149,2)     -6.93771 -7.37532e-007
ln_F(149,3)     -3.58708 -1.38256e-009
ln_F(149,4)     -4.69747 1.49352e-007
ln_F(150,1)     -3.54663 -2.05535e-007
ln_F(150,2)     -7.98569 -6.10468e-007
ln_F(150,3)     -3.10705 -4.58268e-007
ln_F(150,4)     -4.68896 -8.64252e-007
ln_F(151,1)     -3.45069 -9.08318e-008
ln_F(151,2)     -6.61385 -3.00009e-007
ln_F(151,3)     -2.95107 1.60086e-007
ln_F(151,4)       -3.795 -4.31956e-008
ln_F(152,1)     -5.46366 2.20079e-007
ln_F(152,2)     -7.09563 3.68046e-007
ln_F(152,3)     -7.63897 2.10474e-008
ln_F(152,4)     -7.16319 -9.54782e-009
ln_F(153,1)     -5.16711 5.19638e-007
ln_F(153,2)     -6.66916  7.3265e-007
ln_F(153,3)     -7.38745 5.26058e-007
ln_F(153,4)     -7.16319 -9.54782e-009
ln_F(154,1)     -5.83837 9.15153e-007
ln_F(154,2)     -7.84642 3.20037e-008
ln_F(154,3)     -7.03066 -8.5916e-007
ln_F(154,4)     -7.16319 -9.54782e-009
ln_F(155,1)     -5.18831 5.25425e-007
ln_F(155,2)     -7.52868 -2.88404e-007
ln_F(155,3)     -7.43136 -5.83814e-007
ln_F(155,4)     -7.16319 -9.54782e-009
ln_F(156,1)     -5.77538 -1.32652e-007
ln_F(156,2)     -7.11613 6.58268e-007
ln_F(156,3)     -7.67876 6.51157e-007
ln_F(156,4)     -7.16319 -9.54782e-009
ln_F(157,1)     -5.00501 4.76944e-007
ln_F(157,2)     -6.39739 -7.57845e-007
ln_F(157,3)     -7.33951 -2.08922e-007
ln_F(157,4)     -7.16319 -9.54782e-009
ln_F(158,1)     -5.26964 -5.29742e-007
ln_F(158,2)     -7.28121 5.51059e-007
ln_F(158,3)     -7.12704 1.31258e-006
ln_F(158,4)     -7.16319 -9.54782e-009
ln_F(159,1)     -4.97474 -9.92475e-008
ln_F(159,2)      -6.9546 -2.21584e-007
ln_F(159,3)     -7.08433 6.63025e-008
ln_F(159,4)     -7.16319 -9.54782e-009
ln_F(160,1)     -4.79657 5.76063e-011
ln_F(160,2)      -6.6762 2.91268e-007
ln_F(160,3)     -7.21068 -2.3044e-007
ln_F(160,4)     -7.16319 -9.54782e-009
ln_F(161,1)     -4.15522  1.6889e-007
ln_F(161,2)     -6.48781 1.94609e-007
ln_F(161,3)      -6.8944 4.08067e-007
ln_F(161,4)     -7.16319 -9.54782e-009
ln_F(162,1)     -5.07215 -1.60205e-007
ln_F(162,2)       -7.492 3.10301e-007
ln_F(162,3)     -6.77327 2.98327e-007
ln_F(162,4)     -7.16319 -9.54782e-009
ln_F(163,1)     -5.00146 6.70652e-008
ln_F(163,2)     -6.98694 6.96359e-008
ln_F(163,3)     -6.87391 -2.99733e-007
ln_F(163,4)     -7.16319 -9.54782e-009
ln_F(164,1)     -4.29078 -3.94909e-008
ln_F(164,2)     -7.14315 -6.78383e-007
ln_F(164,3)     -7.10985 3.99714e-007
ln_F(164,4)     -7.16319 -9.54782e-009
ln_F(165,1)     -4.27228 -4.12689e-007
ln_F(165,2)     -6.84768 1.62707e-007
ln_F(165,3)     -6.90951 -1.82783e-007
ln_F(165,4)     -7.16319 -9.54782e-009
ln_F(166,1)      -5.1316 9.59808e-007
ln_F(166,2)     -7.32027 1.07644e-007
ln_F(166,3)     -6.90551 2.10807e-006
ln_F(166,4)     -7.16319 -9.54782e-009
ln_F(167,1)     -5.32739 3.92847e-007
ln_F(167,2)     -7.21311 -2.3551e-007
ln_F(167,3)     -6.58164 1.23108e-006
ln_F(167,4)     -7.16319 -9.54782e-009
ln_F(168,1)     -4.71837 8.97717e-007
ln_F(168,2)     -7.40228 -1.64605e-007
ln_F(168,3)     -7.06397  1.1325e-006
ln_F(168,4)     -7.16319 -9.54782e-009
ln_F(169,1)     -5.20816 5.83306e-008
ln_F(169,2)     -7.23135 -2.60088e-007
ln_F(169,3)     -6.65637 1.56329e-006
ln_F(169,4)     -7.16319 -9.54782e-009
ln_F(170,1)     -5.32325 -6.83952e-007
ln_F(170,2)     -7.21495 -2.76748e-007
ln_F(170,3)     -6.56025 9.99669e-007
ln_F(170,4)     -7.16319 -9.54782e-009
ln_F(171,1)     -5.65424 -2.24895e-007
ln_F(171,2)     -6.77256 3.49552e-007
ln_F(171,3)     -6.64134 5.15035e-007
ln_F(171,4)     -7.16319 -9.54782e-009
ln_F(172,1)     -5.41464 -5.17104e-007
ln_F(172,2)     -7.56492 7.00932e-007
ln_F(172,3)     -7.14525 6.16067e-007
ln_F(172,4)     -7.16319 -9.54782e-009
ln_F(173,1)     -4.75342 -2.64445e-007
ln_F(173,2)     -7.07553 1.73254e-006
ln_F(173,3)     -6.58823 7.12934e-007
ln_F(173,4)     -7.16319 -9.54782e-009
ln_F(174,1)     -5.32103 -3.54797e-007
ln_F(174,2)     -7.26859 2.34612e-007
ln_F(174,3)     -6.56773 9.85847e-007
ln_F(174,4)     -7.16319 -9.54782e-009
ln_F(175,1)     -5.20507 1.90579e-007
ln_F(175,2)      -6.8652 -8.07394e-007
ln_F(175,3)     -6.55794 1.22809e-006
ln_F(175,4)     -7.16319 -9.54782e-009
ln_F(176,1)     -4.57011 1.21892e-007
ln_F(176,2)      -7.3861 1.27175e-006
ln_F(176,3)     -6.95293 2.46777e-007
ln_F(176,4)     -7.16319 -9.54782e-009
ln_F(177,1)     -4.70176  2.9118e-007
ln_F(177,2)     -7.14946 1.88527e-006
ln_F(177,3)     -6.33239 1.22623e-006
ln_F(177,4)     -7.16319 -9.54782e-009
ln_F(178,1)     -5.28006 -1.58538e-007
ln_F(178,2)     -7.07404 -5.74078e-008
ln_F(178,3)     -6.29355 1.15869e-006
ln_F(178,4)     -7.16319 -9.54782e-009
ln_F(179,1)     -5.23871 1.84357e-007
ln_F(179,2)     -6.49389 8.80396e-007
ln_F(179,3)     -6.13263   1.149e-006
ln_F(179,4)     -7.16319 -9.54782e-009
ln_F(180,1)     -4.94044 -6.44286e-007
ln_F(180,2)     -6.89989 -1.08057e-006
ln_F(180,3)     -6.71324 1.52932e-006
ln_F(180,4)     -7.16319 -9.54782e-009
ln_F(181,1)     -3.78437 -1.57408e-006
ln_F(181,2)      -6.5824 1.38111e-006
ln_F(181,3)     -6.53416 -6.74867e-007
ln_F(181,4)     -7.16319 -9.54782e-009
ln_F(182,1)      -4.6549 -5.71191e-007
ln_F(182,2)      -7.3403 -5.01355e-007
ln_F(182,3)     -6.50902 8.42396e-007
ln_F(182,4)     -7.16319 -9.54782e-009
ln_F(183,1)     -5.05193 -9.38493e-007
ln_F(183,2)     -6.28666  9.0737e-008
ln_F(183,3)     -7.55115 3.57568e-007
ln_F(183,4)     -7.16319 -9.54782e-009
ln_F(184,1)     -4.89671 -5.81622e-007
ln_F(184,2)     -7.48367  4.8257e-007
ln_F(184,3)     -7.22671 2.33029e-007
ln_F(184,4)     -7.16319 -9.54782e-009
ln_F(185,1)     -4.15721 2.92232e-007
ln_F(185,2)     -6.84479 4.78899e-007
ln_F(185,3)     -6.59403 4.68413e-007
ln_F(185,4)     -7.16319 -9.54782e-009
ln_F(186,1)     -5.11919 7.54915e-007
ln_F(186,2)     -7.07728 -1.4062e-006
ln_F(186,3)     -6.61862 7.04574e-007
ln_F(186,4)     -7.16319 -9.54782e-009
ln_F(187,1)     -4.36172 -7.50409e-007
ln_F(187,2)     -6.34276 4.32289e-007
ln_F(187,3)     -6.47377 -1.22393e-007
ln_F(187,4)     -7.16319 -9.54782e-009
ln_F(188,1)     -4.16447 -5.78401e-007
ln_F(188,2)     -6.93839 2.12793e-007
ln_F(188,3)     -6.96283 1.91604e-007
ln_F(188,4)     -7.16319 -9.54782e-009
ln_F(189,1)     -3.94925 -6.97921e-007
ln_F(189,2)     -7.03159 1.66265e-006
ln_F(189,3)     -6.56062 -1.25252e-006
ln_F(189,4)     -7.16319 -9.54782e-009
ln_F(190,1)     -4.47542 -4.32377e-007
ln_F(190,2)     -6.91195 -8.57079e-007
ln_F(190,3)     -6.65917   2.066e-007
ln_F(190,4)     -7.16319 -9.54782e-009
ln_F(191,1)     -4.49142 1.49227e-007
ln_F(191,2)      -5.8288 -3.7185e-007
ln_F(191,3)     -6.55902 4.93865e-007
ln_F(191,4)     -7.16319 -9.54782e-009
ln_F(192,1)     -4.38854 8.70044e-008
ln_F(192,2)     -6.58891 -7.91764e-007
ln_F(192,3)     -7.08608 6.72691e-007
ln_F(192,4)     -7.16319 -9.54782e-009
ln_F(193,1)     -4.20999 -6.58665e-007
ln_F(193,2)     -6.59377  9.5924e-007
ln_F(193,3)     -6.45503 -1.65269e-006
ln_F(193,4)     -7.16319 -9.54782e-009
ln_F(194,1)     -4.51179 2.06174e-007
ln_F(194,2)     -6.50007 5.86223e-007
ln_F(194,3)     -6.32651 5.36752e-007
ln_F(194,4)     -7.16319 -9.54782e-009
ln_F(195,1)     -4.46587 5.10343e-007
ln_F(195,2)     -5.09797 4.16762e-007
ln_F(195,3)     -5.48641 1.35418e-006
ln_F(195,4)     -7.16319 -9.54782e-009
ln_F(196,1)     -4.87072 1.89663e-007
ln_F(196,2)     -5.77728 1.17693e-006
ln_F(196,3)      -6.5723 8.89982e-007
ln_F(196,4)     -7.16319 -9.54782e-009
ln_F(197,1)      -4.4264 9.05372e-007
ln_F(197,2)     -5.97031 7.46561e-007
ln_F(197,3)     -6.50999 5.25092e-007
ln_F(197,4)     -7.16319 -9.54782e-009
ln_F(198,1)     -3.63172 6.01329e-007
ln_F(198,2)     -4.84949 2.37161e-007
ln_F(198,3)     -6.11201 1.21975e-006
ln_F(198,4)     -7.16319 -9.54782e-009
ln_F(199,1)     -4.26351 -8.01461e-007
ln_F(199,2)     -4.71652 -1.37513e-007
ln_F(199,3)     -6.13756 -3.02051e-007
ln_F(199,4)     -7.16319 -9.54782e-009
ln_F(200,1)     -4.77433 -1.31509e-006
ln_F(200,2)     -6.78132 9.12318e-007
ln_F(200,3)     -6.54265 -3.83194e-007
ln_F(200,4)     -7.16319 -9.54782e-009
ln_F(201,1)     -4.17786 -1.97444e-007
ln_F(201,2)     -4.90709 9.66325e-009
ln_F(201,3)       -6.321 3.34515e-007
ln_F(201,4)     -7.16319 -9.54782e-009
ln_F(202,1)     -4.62455 -1.08741e-006
ln_F(202,2)     -5.79459 1.73809e-007
ln_F(202,3)     -6.25591 -1.31637e-007
ln_F(202,4)     -7.16319 -9.54782e-009
ln_F(203,1)     -4.73316  -1.054e-006
ln_F(203,2)     -4.75643 2.19448e-007
ln_F(203,3)     -6.15177 -4.40397e-007
ln_F(203,4)     -7.16319 -9.54782e-009
ln_F(204,1)     -4.61916 -8.82145e-007
ln_F(204,2)     -6.28085 4.43538e-007
ln_F(204,3)     -6.61135 1.34412e-007
ln_F(204,4)     -7.16319 -9.54782e-009
ln_F(205,1)     -4.19442 -7.55015e-007
ln_F(205,2)     -5.29508 -4.76455e-007
ln_F(205,3)     -5.93266 6.53144e-008
ln_F(205,4)     -7.16319 -9.54782e-009
ln_F(206,1)     -4.44126  6.2444e-007
ln_F(206,2)     -6.19472 -5.26434e-007
ln_F(206,3)     -5.73752 7.22511e-007
ln_F(206,4)     -7.16319 -9.54782e-009
ln_F(207,1)     -4.38926 4.96363e-008
ln_F(207,2)     -5.98121 1.41407e-006
ln_F(207,3)     -6.19513 -1.72566e-007
ln_F(207,4)     -7.16319 -9.54782e-009
ln_F(208,1)     -4.39649 -1.16509e-007
ln_F(208,2)     -5.03644 2.34921e-007
ln_F(208,3)     -6.51903 3.18011e-007
ln_F(208,4)     -7.16319 -9.54782e-009
ln_F(209,1)     -4.23441 -7.43827e-007
ln_F(209,2)     -4.94451 1.17724e-007
ln_F(209,3)     -5.96662 1.03991e-007
ln_F(209,4)     -7.16319 -9.54782e-009
ln_F(210,1)     -4.44464 -4.41657e-008
ln_F(210,2)     -4.54649 2.53105e-007
ln_F(210,3)     -5.92892 7.98686e-010
ln_F(210,4)     -7.16319 -9.54782e-009
ln_F(211,1)     -4.16735 1.35876e-007
ln_F(211,2)      -5.1802 3.95331e-007
ln_F(211,3)     -5.78949 -1.33398e-007
ln_F(211,4)     -7.16319 -9.54782e-009
ln_F(212,1)     -4.10566 -1.12298e-006
ln_F(212,2)     -5.24784 7.02397e-007
ln_F(212,3)     -6.04804 -3.83135e-007
ln_F(212,4)     -7.16319 -9.54782e-009
ln_F(213,1)     -3.85455 -3.18537e-007
ln_F(213,2)     -5.22809 -6.14236e-008
ln_F(213,3)      -5.6437 -8.11453e-008
ln_F(213,4)     -7.16319 -9.54782e-009
ln_F(214,1)     -3.85276 3.71926e-008
ln_F(214,2)     -4.59759 2.03635e-007
ln_F(214,3)     -4.83536 -5.43529e-008
ln_F(214,4)     -7.16319 -9.54782e-009
ln_F(215,1)     -3.69311 2.36823e-007
ln_F(215,2)     -4.26035 3.44151e-007
ln_F(215,3)     -4.67272  9.8244e-007
ln_F(215,4)     -7.16319 -9.54782e-009
ln_F(216,1)     -3.68073 -7.31138e-007
ln_F(216,2)     -5.01575 7.41287e-007
ln_F(216,3)     -5.21082 4.82218e-007
ln_F(216,4)     -7.16319 -9.54782e-009
ln_F(217,1)     -3.43546 -8.55828e-008
ln_F(217,2)     -4.64444 5.65355e-007
ln_F(217,3)     -4.77617 1.94749e-007
ln_F(217,4)     -7.16319 -9.54782e-009
ln_F(218,1)     -3.46782 -3.1411e-007
ln_F(218,2)     -4.15085 5.40162e-007
ln_F(218,3)     -4.53035 3.08715e-007
ln_F(218,4)     -7.16319 -9.54782e-009
ln_F(219,1)     -3.52951 1.17686e-007
ln_F(219,2)       -4.607 1.12055e-006
ln_F(219,3)     -4.76251 7.17334e-008
ln_F(219,4)     -7.16319 -9.54782e-009
ln_F(220,1)     -3.53844 -1.29809e-007
ln_F(220,2)     -5.80225  8.3218e-007
ln_F(220,3)     -4.72817 -1.58828e-007
ln_F(220,4)     -7.16319 -9.54782e-009
ln_F(221,1)     -3.34285 2.06217e-007
ln_F(221,2)     -4.96039 9.52059e-007
ln_F(221,3)     -4.68972 1.31393e-007
ln_F(221,4)     -7.16319 -9.54782e-009
ln_F(222,1)     -3.64183 1.27014e-007
ln_F(222,2)     -4.14102 3.69742e-007
ln_F(222,3)     -4.43583 1.00211e-006
ln_F(222,4)     -7.16319 -9.54782e-009
ln_F(223,1)     -3.56001 6.44582e-008
ln_F(223,2)     -3.98592 1.09708e-006
ln_F(223,3)     -4.70163 1.31256e-007
ln_F(223,4)     -7.16319 -9.54782e-009
ln_F(224,1)     -3.64017 -7.87358e-007
ln_F(224,2)      -6.6868 2.69183e-007
ln_F(224,3)     -5.21512 -1.12332e-006
ln_F(224,4)     -7.16319 -9.54782e-009
ln_F(225,1)     -3.47183 2.12615e-008
ln_F(225,2)     -4.97904  -2.966e-007
ln_F(225,3)     -5.02461 3.39495e-007
ln_F(225,4)     -7.16319 -9.54782e-009
ln_F(226,1)     -3.74407 -8.93444e-007
ln_F(226,2)     -4.22553 -3.03728e-007
ln_F(226,3)     -4.50612 1.14762e-007
ln_F(226,4)     -7.16319 -9.54782e-009
ln_F(227,1)     -3.76242 -4.83501e-007
ln_F(227,2)     -4.41522 -1.04237e-008
ln_F(227,3)     -4.80341 -1.3092e-007
ln_F(227,4)     -7.16319 -9.54782e-009
ln_F(228,1)     -3.85044 -1.10167e-006
ln_F(228,2)     -6.62109 -6.25584e-007
ln_F(228,3)     -5.17006 -7.86692e-007
ln_F(228,4)     -7.16319 -9.54782e-009
ln_F(229,1)     -3.76706 -6.7661e-007
ln_F(229,2)     -4.76193 -3.55222e-008
ln_F(229,3)     -5.24315 -3.19979e-007
ln_F(229,4)     -7.16319 -9.54782e-009
ln_F(230,1)     -3.92301 -3.57939e-007
ln_F(230,2)     -4.15171  5.3289e-007
ln_F(230,3)     -4.35835 4.15253e-007
ln_F(230,4)     -7.16319 -9.54782e-009
ln_F(231,1)     -4.05062 2.69321e-008
ln_F(231,2)     -4.21615 2.27476e-007
ln_F(231,3)     -3.57232 3.76966e-007
ln_F(231,4)     -7.16319 -9.54782e-009
ln_F(232,1)     -4.22064 -3.52653e-007
ln_F(232,2)     -5.37661 -3.34331e-007
ln_F(232,3)       -5.178 2.88116e-007
ln_F(232,4)     -7.16319 -9.54782e-009
ln_F(233,1)     -4.00097 -4.02899e-007
ln_F(233,2)      -5.9386 -2.15911e-007
ln_F(233,3)     -5.07276   2.625e-008
ln_F(233,4)     -7.16319 -9.54782e-009
ln_F(234,1)     -4.12889 -3.14753e-007
ln_F(234,2)     -4.49163 -3.13965e-007
ln_F(234,3)     -4.17486 -2.19379e-007
ln_F(234,4)     -7.16319 -9.54782e-009
ln_F(235,1)      -3.9235 -1.61248e-007
ln_F(235,2)     -4.33816 -1.38462e-006
ln_F(235,3)     -4.19497 6.58317e-007
ln_F(235,4)     -7.16319 -9.54782e-009
ln_F(236,1)      -3.9462 -9.25219e-007
ln_F(236,2)     -5.22862 1.28469e-007
ln_F(236,3)     -4.92853 -2.21617e-007
ln_F(236,4)     -7.16319 -9.54782e-009
ln_F(237,1)     -3.78641 2.55333e-007
ln_F(237,2)     -5.24194 -7.8128e-007
ln_F(237,3)     -4.87054 9.97163e-007
ln_F(237,4)     -7.16319 -9.54782e-009
ln_F(238,1)     -3.99954 1.75087e-007
ln_F(238,2)     -4.18868 -3.84354e-007
ln_F(238,3)     -4.73407 -3.68688e-007
ln_F(238,4)     -7.16319 -9.54782e-009
ln_F(239,1)      -4.0917 -2.73994e-007
ln_F(239,2)      -4.4489  7.0094e-007
ln_F(239,3)     -4.64088 4.71231e-007
ln_F(239,4)     -7.16319 -9.54782e-009
ln_F(240,1)     -4.25568 -4.26464e-007
ln_F(240,2)     -4.80966 -4.04582e-007
ln_F(240,3)     -5.19556 2.46029e-007
ln_F(240,4)     -7.16319 -9.54782e-009
ln_F(241,1)       -3.873 -4.44165e-007
ln_F(241,2)     -5.22004 -8.93202e-007
ln_F(241,3)     -4.86792 1.59343e-008
ln_F(241,4)     -7.16319 -9.54782e-009
ln_F(242,1)     -3.97759 -8.86553e-007
ln_F(242,2)     -5.06198 -5.52605e-007
ln_F(242,3)     -4.67642 -3.56089e-007
ln_F(242,4)     -7.16319 -9.54782e-009
ln_F(243,1)     -4.28724 -6.87192e-007
ln_F(243,2)     -4.49919 -1.28601e-007
ln_F(243,3)      -4.9275 -3.6294e-008
ln_F(243,4)     -7.16319 -9.54782e-009
ln_F(244,1)     -4.41994 -1.03998e-006
ln_F(244,2)      -5.4535 7.87398e-008
ln_F(244,3)     -5.31691 4.26583e-007
ln_F(244,4)     -7.16319 -9.54782e-009
ln_F(245,1)     -4.29219 -2.72468e-008
ln_F(245,2)      -5.4446 8.34786e-007
ln_F(245,3)     -5.23734 5.40006e-008
ln_F(245,4)     -7.16319 -9.54782e-009
ln_F(246,1)     -4.47025 -1.31417e-006
ln_F(246,2)     -5.39606 -3.00526e-007
ln_F(246,3)     -5.11724 7.88569e-007
ln_F(246,4)     -7.16319 -9.54782e-009
ln_F(247,1)      -4.0286 -5.10275e-007
ln_F(247,2)     -4.79557 7.85243e-007
ln_F(247,3)     -4.47269 -3.75072e-007
ln_F(247,4)     -7.16319 -9.54782e-009
ln_F(248,1)     -4.24467 3.11756e-007
ln_F(248,2)     -5.57703 -1.48783e-006
ln_F(248,3)     -5.48334 7.00794e-007
ln_F(248,4)     -7.16319 -9.54782e-009
ln_F(249,1)     -3.93995 8.37993e-008
ln_F(249,2)     -5.89962 -9.82915e-008
ln_F(249,3)      -5.2358 7.56646e-007
ln_F(249,4)     -7.16319 -9.54782e-009
ln_F(250,1)     -4.11697 -2.60892e-007
ln_F(250,2)     -4.67506 3.60257e-007
ln_F(250,3)     -5.13828 4.25715e-007
ln_F(250,4)     -7.16319 -9.54782e-009
ln_F(251,1)     -3.88663  1.2496e-006
ln_F(251,2)     -4.75775 2.73112e-007
ln_F(251,3)     -4.46897 7.73884e-007
ln_F(251,4)     -7.16319 -9.54782e-009
ln_F(252,1)     -4.13036 -4.10451e-007
ln_F(252,2)     -5.91641 -9.80938e-007
ln_F(252,3)     -5.19354 5.52472e-007
ln_F(252,4)     -7.16319 -9.54782e-009
ln_F(253,1)     -3.85097 4.43595e-007
ln_F(253,2)     -5.55187 7.87615e-007
ln_F(253,3)     -4.90244 5.57374e-007
ln_F(253,4)     -7.16319 -9.54782e-009
ln_F(254,1)     -3.89625 -2.44882e-007
ln_F(254,2)     -5.35689 7.74195e-007
ln_F(254,3)     -4.77022 9.89763e-007
ln_F(254,4)     -7.16319 -9.54782e-009
ln_F(255,1)     -4.01115 1.23232e-007
ln_F(255,2)     -4.77922 -5.85379e-007
ln_F(255,3)     -4.42927 -9.64201e-008
ln_F(255,4)     -7.16319 -9.54782e-009
ln_F(256,1)     -4.23802 -3.79447e-007
ln_F(256,2)     -5.56155  1.1025e-006
ln_F(256,3)     -4.94722 3.89216e-007
ln_F(256,4)     -7.16319 -9.54782e-009
ln_F(257,1)     -3.74106 -4.95053e-007
ln_F(257,2)     -4.83335 -1.1035e-006
ln_F(257,3)     -4.98195 4.86482e-008
ln_F(257,4)     -7.16319 -9.54782e-009
ln_F(258,1)      -3.4143 -7.3907e-007
ln_F(258,2)     -4.84416 -1.1371e-007
ln_F(258,3)     -4.51277 1.44692e-008
ln_F(258,4)     -7.16319 -9.54782e-009
ln_F(259,1)     -3.51638 -1.46825e-006
ln_F(259,2)      -4.0181 -1.46609e-006
ln_F(259,3)     -4.49091   5.569e-007
ln_F(259,4)     -7.16319 -9.54782e-009
ln_F(260,1)     -3.63434 -1.02316e-006
ln_F(260,2)     -5.25401 1.16907e-006
ln_F(260,3)      -4.3605 1.18761e-007
ln_F(260,4)     -7.16319 -9.54782e-009
ln_F(261,1)     -3.43682 -7.89586e-007
ln_F(261,2)     -4.67035 7.32451e-007
ln_F(261,3)     -4.65697 -6.88945e-007
ln_F(261,4)     -7.16319 -9.54782e-009
ln_F(262,1)     -3.63944 1.98125e-007
ln_F(262,2)      -5.1041 3.34956e-007
ln_F(262,3)     -4.47957 5.69339e-007
ln_F(262,4)     -7.16319 -9.54782e-009
ln_F(263,1)      -4.1205 1.41659e-007
ln_F(263,2)     -4.81284 8.26084e-007
ln_F(263,3)     -4.36213 2.06909e-007
ln_F(263,4)     -7.16319 -9.54782e-009
ln_F(264,1)     -3.95882 -4.16305e-007
ln_F(264,2)     -5.86629 8.90748e-007
ln_F(264,3)     -4.04437 4.39606e-007
ln_F(264,4)     -7.16319 -9.54782e-009
ln_F(265,1)     -4.10894 -4.85372e-007
ln_F(265,2)     -5.08885 1.64368e-007
ln_F(265,3)      -4.3284 2.48849e-007
ln_F(265,4)     -7.16319 -9.54782e-009
ln_F(266,1)     -4.07544  3.4415e-008
ln_F(266,2)      -4.5658  1.2477e-006
ln_F(266,3)      -4.2639 9.44143e-007
ln_F(266,4)     -7.16319 -9.54782e-009
ln_F(267,1)     -3.75978 2.36711e-007
ln_F(267,2)     -4.62774 1.17658e-007
ln_F(267,3)     -4.53769 8.92656e-007
ln_F(267,4)     -7.16319 -9.54782e-009
ln_F(268,1)     -4.00396 -2.96748e-007
ln_F(268,2)     -6.25901 1.27714e-006
ln_F(268,3)      -4.6981 1.32214e-007
ln_F(268,4)     -7.16319 -9.54782e-009
ln_F(269,1)     -4.10376 -3.46656e-007
ln_F(269,2)     -5.75062 1.04306e-006
ln_F(269,3)     -4.87952 5.31967e-007
ln_F(269,4)     -7.16319 -9.54782e-009
ln_F(270,1)     -4.18845 3.57649e-007
ln_F(270,2)     -4.83241 1.08949e-006
ln_F(270,3)     -4.70196 5.06476e-007
ln_F(270,4)     -7.16319 -9.54782e-009
ln_F(271,1)      -4.3149   -9.72e-007
ln_F(271,2)     -4.82046 7.07723e-007
ln_F(271,3)      -4.8067 5.44191e-008
ln_F(271,4)     -7.16319 -9.54782e-009
ln_F(272,1)     -5.46385 9.02505e-008
ln_F(272,2)     -6.58405 -9.55663e-008
ln_F(272,3)     -5.42074 -1.3593e-007
ln_F(272,4)     -7.16319 -9.54782e-009
ln_F(273,1)     -5.45864 -1.03793e-006
ln_F(273,2)     -6.96619 1.95303e-006
ln_F(273,3)     -5.29834 -5.01384e-007
ln_F(273,4)     -7.16319 -9.54782e-009
ln_F(274,1)     -5.37243 4.71665e-007
ln_F(274,2)     -5.15628 -7.91866e-007
ln_F(274,3)     -4.97213 -1.49083e-007
ln_F(274,4)     -7.16319 -9.54782e-009
ln_F(275,1)     -5.48696 1.74465e-007
ln_F(275,2)     -5.40177 -4.99624e-007
ln_F(275,3)     -5.01531 2.35979e-007
ln_F(275,4)     -7.16319 -9.54782e-009
ln_F(276,1)      -5.0821 -3.32821e-007
ln_F(276,2)     -6.82388 8.81038e-007
ln_F(276,3)     -4.71019 3.79707e-007
ln_F(276,4)     -7.16319 -9.54782e-009
ln_F(277,1)     -5.09923 -3.6422e-008
ln_F(277,2)     -6.54562 -1.95473e-007
ln_F(277,3)      -4.8228 -6.90395e-009
ln_F(277,4)     -7.16319 -9.54782e-009
ln_F(278,1)     -5.13063 6.17798e-007
ln_F(278,2)     -5.30856  6.4827e-007
ln_F(278,3)     -4.72943 3.69838e-007
ln_F(278,4)     -7.16319 -9.54782e-009
ln_F(279,1)     -4.78409 -3.75542e-007
ln_F(279,2)     -5.10009 1.35041e-006
ln_F(279,3)     -4.49287 7.64952e-007
ln_F(279,4)     -7.16319 -9.54782e-009
ln_F(280,1)     -4.77501 3.23003e-007
ln_F(280,2)      -6.6085 -1.69029e-007
ln_F(280,3)     -4.63568 2.02841e-007
ln_F(280,4)     -7.16319 -9.54782e-009
ln_F(281,1)     -4.58142 -9.4419e-007
ln_F(281,2)     -6.64855 7.59381e-007
ln_F(281,3)     -4.66491 1.14189e-006
ln_F(281,4)     -7.16319 -9.54782e-009
ln_F(282,1)     -4.54719 -2.80175e-007
ln_F(282,2)     -5.04841 -4.25674e-007
ln_F(282,3)     -4.41673  5.9697e-007
ln_F(282,4)     -7.16319 -9.54782e-009
ln_F(283,1)      -4.7517 2.59793e-007
ln_F(283,2)     -4.54022 6.38731e-008
ln_F(283,3)     -4.45492 -1.20294e-007
ln_F(283,4)     -7.16319 -9.54782e-009
ln_F(284,1)     -4.69982 -1.41601e-006
ln_F(284,2)     -6.43021 -9.18304e-007
ln_F(284,3)      -4.8559 -2.72274e-008
ln_F(284,4)     -7.16319 -9.54782e-009
ln_F(285,1)      -4.7563 -6.83143e-007
ln_F(285,2)     -6.83482 1.08669e-007
ln_F(285,3)     -4.75597  4.3958e-007
ln_F(285,4)     -7.16319 -9.54782e-009
ln_F(286,1)      -4.7221 -9.36314e-007
ln_F(286,2)     -5.98368 1.10419e-007
ln_F(286,3)     -4.79947 3.48389e-007
ln_F(286,4)     -7.16319 -9.54782e-009
ln_F(287,1)      -4.2159 3.73169e-007
ln_F(287,2)     -4.33778 4.91343e-007
ln_F(287,3)     -4.52557 1.52414e-007
ln_F(287,4)     -7.16319 -9.54782e-009
ln_F(288,1)      -4.0582 1.60598e-007
ln_F(288,2)     -5.57986 -1.77397e-007
ln_F(288,3)     -4.54879 3.13674e-007
ln_F(288,4)     -7.16319 -9.54782e-009
ln_F(289,1)     -4.07498 -2.70817e-007
ln_F(289,2)     -6.21884 7.78193e-008
ln_F(289,3)      -4.5063 3.34715e-007
ln_F(289,4)     -7.16319 -9.54782e-009
ln_F(290,1)     -4.11847 -7.75072e-007
ln_F(290,2)     -6.93594 -1.8272e-007
ln_F(290,3)     -4.48075 2.80297e-008
ln_F(290,4)     -7.16319 -9.54782e-009
ln_F(291,1)     -4.30254 -3.20994e-007
ln_F(291,2)     -5.54717 -7.2484e-007
ln_F(291,3)      -4.8786 -1.06485e-007
ln_F(291,4)     -7.16319 -9.54782e-009
ln_F(292,1)     -4.37254 -3.68647e-007
ln_F(292,2)     -5.60093 -1.30783e-007
ln_F(292,3)     -5.01037 8.34891e-007
ln_F(292,4)     -7.16319 -9.54782e-009
ln_F(293,1)     -4.39735 -6.38334e-007
ln_F(293,2)     -5.00597 -1.20872e-007
ln_F(293,3)     -5.02667 1.18311e-007
ln_F(293,4)     -7.16319 -9.54782e-009
ln_F(294,1)     -3.19898 -3.64478e-007
ln_F(294,2)     -4.53969 -6.68327e-009
ln_F(294,3)     -4.44886 4.25571e-008
ln_F(294,4)     -7.16319 -9.54782e-009
ln_F(295,1)     -3.45358 -2.57324e-007
ln_F(295,2)     -4.89935 8.68717e-008
ln_F(295,3)     -4.76357 1.85836e-007
ln_F(295,4)     -7.16319 -9.54782e-009
ln_F(296,1)     -3.48197 -9.98286e-007
ln_F(296,2)     -6.22309 3.63155e-007
ln_F(296,3)     -4.76002 -7.76389e-008
ln_F(296,4)     -7.16319 -9.54782e-009
ln_F(297,1)     -3.47938 -1.27596e-006
ln_F(297,2)     -4.97092  5.7855e-007
ln_F(297,3)     -4.95208 -6.26147e-008
ln_F(297,4)     -7.16319 -9.54782e-009
ln_F(298,1)     -3.41146 -1.15081e-006
ln_F(298,2)     -4.88428 -7.13733e-008
ln_F(298,3)     -4.66589 1.06291e-006
ln_F(298,4)     -7.16319 -9.54782e-009
ln_F(299,1)     -4.35323 -9.59797e-007
ln_F(299,2)     -4.51285 5.74795e-007
ln_F(299,3)     -5.11303 1.18737e-006
ln_F(299,4)     -7.16319 -9.54782e-009
ln_F(300,1)     -4.43573 -3.76026e-007
ln_F(300,2)     -5.54978 -6.91633e-007
ln_F(300,3)     -5.13783 -1.10871e-006
ln_F(300,4)     -7.16319 -9.54782e-009
ln_F(301,1)      -4.4668 -7.84494e-007
ln_F(301,2)     -5.20608 1.02438e-006
ln_F(301,3)     -5.27011 3.81818e-007
ln_F(301,4)     -7.16319 -9.54782e-009
ln_F(302,1)     -4.53321 -1.60017e-006
ln_F(302,2)      -6.1688 5.48376e-008
ln_F(302,3)     -5.07513 3.02395e-007
ln_F(302,4)     -7.16319 -9.54782e-009
