ParName   Value   Gradient
ln_R_ave(1)      11.6253    0.0028645
ln_rec_devs(1,1)  -0.00399684 -2.00407e-005
ln_rec_devs(1,2)    -0.423142 7.35458e-005
ln_rec_devs(1,3)    -0.853863 -1.30366e-005
ln_rec_devs(1,4)    -0.369552 -5.18415e-005
ln_rec_devs(1,5)     0.468566 -0.000126142
ln_rec_devs(1,6)    -0.316149 -6.02552e-005
ln_rec_devs(1,7)     0.157043 -7.86945e-005
ln_rec_devs(1,8)     0.161109 -8.73908e-005
ln_rec_devs(1,9)     0.308288 -6.5912e-005
ln_rec_devs(1,10)    -0.055439 -5.62852e-005
ln_rec_devs(1,11)      0.40207 -6.63019e-005
ln_rec_devs(1,12)    -0.694513 -5.0221e-007
ln_rec_devs(1,13)     -0.27082 -7.27331e-005
ln_rec_devs(1,14)     0.181984 -3.67386e-005
ln_rec_devs(1,15)    0.0889324 -6.2295e-005
ln_rec_devs(1,16)    -0.272192 -3.80329e-005
ln_rec_devs(1,17)     -0.60592 -4.77131e-005
ln_rec_devs(1,18)    -0.183078 -3.52312e-005
ln_rec_devs(1,19)    -0.465275 1.15695e-006
ln_rec_devs(1,20)    -0.335786 9.13532e-006
ln_rec_devs(1,21)     0.158373 5.34927e-005
ln_rec_devs(1,22)     0.188446   0.00013998
ln_rec_devs(1,23)     0.117892 8.30096e-005
ln_rec_devs(1,24)    0.0137498 9.24062e-005
ln_rec_devs(1,25)    0.0766548 8.25963e-005
ln_rec_devs(1,26)     -0.34701 6.83459e-005
ln_rec_devs(1,27)    -0.256018 5.04375e-005
ln_rec_devs(1,28)    -0.489021 -1.05443e-006
ln_rec_devs(1,29)    -0.581894  1.5711e-005
ln_rec_devs(1,30)    -0.136243 4.65561e-005
ln_rec_devs(1,31)     0.271762 8.16462e-005
ln_rec_devs(1,32)   0.00599632 8.99954e-005
ln_rec_devs(1,33)      0.23906 4.80899e-005
ln_rec_devs(1,34)   -0.0595113 6.47423e-005
ln_rec_devs(1,35)    -0.566365 2.68767e-005
ln_rec_devs(1,36)    -0.293135 4.96076e-005
ln_rec_devs(1,37)    -0.405235  6.6993e-005
ln_rec_devs(1,38)    0.0439642  0.000133529
ln_rec_devs(1,39)    -0.301763 6.73473e-005
ln_rec_devs(1,40)    -0.407675 6.40188e-005
ln_rec_devs(1,41)     0.102169  0.000152265
ln_rec_devs(1,42)     0.119183  0.000105883
ln_rec_devs(1,43)     0.213098  0.000178919
ln_rec_devs(1,44)    -0.263026 7.29879e-005
ln_rec_devs(1,45)    -0.127819 3.83404e-005
ln_rec_devs(1,46)    -0.311876 3.88584e-005
ln_rec_devs(1,47)   -0.0820974  0.000119683
ln_rec_devs(1,48)    -0.469718 3.41087e-005
ln_rec_devs(1,49)    -0.544469 3.70367e-005
ln_rec_devs(1,50)     0.445183 4.46237e-005
ln_rec_devs(1,51)     0.414181 5.17644e-005
ln_rec_devs(1,52)     0.119838 1.74755e-005
ln_rec_devs(1,53)    0.0369975 6.99315e-007
ln_rec_devs(1,54)     0.190802 2.85788e-005
ln_rec_devs(1,55)     0.112449 2.95679e-005
ln_rec_devs(1,56)    0.0826516  1.9231e-005
ln_rec_devs(1,57)    -0.105582 2.33357e-005
ln_rec_devs(1,58)    -0.125624 -2.07689e-005
ln_rec_devs(1,59)     -0.31675 -4.23918e-006
ln_rec_devs(1,60)    -0.331945 7.78479e-005
ln_rec_devs(1,61)    -0.422747 7.03179e-005
ln_rec_devs(1,62)    0.0648674 3.82645e-005
ln_rec_devs(1,63)    0.0221033 8.13674e-005
ln_rec_devs(1,64)    -0.379852 5.63017e-005
ln_rec_devs(1,65)     -0.13993 3.21152e-005
ln_rec_devs(1,66)    -0.145617 1.20979e-005
ln_rec_devs(1,67)    -0.345201 1.90842e-005
ln_rec_devs(1,68)     0.185399  0.000100765
ln_rec_devs(1,69)     0.231922 9.56841e-005
ln_rec_devs(1,70)     0.258328 2.32495e-005
ln_rec_devs(1,71)     0.292488 6.09616e-005
ln_rec_devs(1,72)     0.673603 7.85834e-005
ln_rec_devs(1,73)     0.622041 8.29296e-005
ln_rec_devs(1,74)     0.211793 -6.73965e-006
ln_rec_devs(1,75)   -0.0218874 -2.17914e-005
ln_rec_devs(1,76)    0.0836742 5.80982e-006
ln_rec_devs(1,77)     0.189847  3.8081e-006
ln_rec_devs(1,78)     0.440888 9.41924e-006
ln_rec_devs(1,79)     0.205945 1.10883e-005
ln_rec_devs(1,80)     0.235381 -3.55415e-006
ln_rec_devs(1,81)     0.578873 -1.33017e-005
ln_rec_devs(1,82)     0.226024 -3.19812e-005
ln_rec_devs(1,83)    -0.305442 -7.63863e-006
ln_rec_devs(1,84)     0.113256 3.13122e-005
ln_rec_devs(1,85)     0.112353  6.1656e-005
ln_rec_devs(1,86)     0.122765  3.3318e-005
ln_rec_devs(1,87)  -0.00272346 -5.07085e-007
ln_rec_devs(1,88)    0.0376295 4.49653e-005
ln_rec_devs(1,89)     0.310438 8.25641e-005
ln_rec_devs(1,90)     0.338694 5.77578e-005
ln_rec_devs(1,91)      0.26967 3.73863e-005
ln_rec_devs(1,92)     0.338321 6.99774e-005
ln_rec_devs(1,93)     0.464578 7.06947e-005
ln_rec_devs(1,94)     0.241826 2.12763e-005
ln_rec_devs(1,95)     0.635174 2.56624e-005
ln_rec_devs(1,96)      0.15441 4.80068e-005
ln_rec_devs(1,97)     0.362501 4.79095e-005
ln_rec_devs(1,98)    0.0156186 4.11151e-005
ln_rec_devs(1,99)    0.0436707 3.35609e-005
ln_rec_devs(1,100)    -0.050145 7.15639e-005
ln_rec_devs(1,101)    -0.296186 6.11924e-005
ln_rec_devs(1,102)      0.40423 6.20756e-005
ln_rec_devs(1,103)    0.0554118 3.93053e-005
ln_rec_devs(1,104)   -0.0519328 -2.64899e-006
ln_rec_devs(1,105)    0.0856271 3.02919e-005
ln_rec_devs(1,106)     -0.30785 2.24343e-005
ln_rec_devs(1,107)     -0.33145 2.70603e-005
ln_rec_devs(1,108)    0.0530154 1.80051e-005
ln_rec_devs(1,109)     0.153701 5.95619e-005
ln_rec_devs(1,110)     0.175451  0.000101462
ln_rec_devs(1,111)     0.310376  0.000122012
ln_rec_devs(1,112)      0.26272 6.08087e-005
ln_rec_devs(1,113)     0.473757  0.000140376
ln_rec_devs(1,114)       0.3357 6.88428e-005
ln_rec_devs(1,115)   -0.0217876 1.65995e-005
ln_rec_devs(1,116)    0.0738993  2.2066e-005
ln_rec_devs(1,117)    0.0897927 -7.91091e-007
ln_rec_devs(1,118)     0.132638 1.28657e-005
ln_rec_devs(1,119)     0.197851 -9.14517e-006
ln_rec_devs(1,120)    -0.084317 -3.27221e-005
ln_rec_devs(1,121)    -0.113259 -1.11232e-005
ln_rec_devs(1,122)    -0.227536 1.12487e-005
ln_rec_devs(1,123)    -0.201694 -2.31239e-005
ln_rec_devs(1,124)    -0.338723 -1.63255e-005
ln_rec_devs(1,125)     0.179083 -2.83206e-005
ln_rec_devs(1,126)      0.17639 -1.27333e-005
ln_rec_devs(1,127)     0.254724 -3.41072e-005
ln_rec_devs(1,128)    -0.125579 4.28047e-005
ln_rec_devs(1,129)     0.255201 4.03587e-006
ln_rec_devs(1,130)    0.0726652 2.21718e-005
ln_rec_devs(1,131)     0.183008 4.28092e-005
ln_rec_devs(1,132)     0.171665 2.08466e-005
ln_rec_devs(1,133)     0.269101 3.98433e-005
ln_rec_devs(1,134)     0.344639 3.59607e-005
ln_rec_devs(1,135)     0.839749  0.000202874
ln_rec_devs(1,136)     0.284351  2.6099e-005
ln_rec_devs(1,137)     0.438312 -4.48586e-005
ln_rec_devs(1,138)      0.22945 -6.0975e-005
ln_rec_devs(1,139)     0.316903 -5.75254e-005
ln_rec_devs(1,140)     0.553836 -6.60671e-005
ln_rec_devs(1,141)        0.535 -3.58238e-005
ln_rec_devs(1,142)     0.673832 -0.000192716
ln_rec_devs(1,143)      0.43024 -4.23464e-005
ln_rec_devs(1,144)     0.687681 -4.67884e-005
ln_rec_devs(1,145)     0.285125 1.43436e-005
ln_rec_devs(1,146)    0.0959043 2.47877e-005
ln_rec_devs(1,147)     0.658357  1.4755e-005
ln_rec_devs(1,148)    -0.166262 5.32639e-006
ln_rec_devs(1,149)    -0.116193 2.02906e-005
ln_rec_devs(1,150)   -0.0149371 -5.70516e-006
log_sel_beta1(1,1)     0.605751  0.000504492
log_sel_beta1(1,2)     0.880499 -0.000287632
log_sel_beta1(1,3)   -0.0567234  -0.00106261
log_sel_beta1(1,4)     0.185579 1.69713e-005
log_sel_beta1(1,5)    0.0445157  -0.00171114
log_sel_beta1(1,6)     0.315796 -0.000101834
log_sel_beta1(1,7)     0.280673   0.00117966
log_sel_beta2(1,1)      2.03828   0.00414808
log_sel_beta2(1,2)      2.01406   0.00245042
log_sel_beta2(1,3)      2.18192  -0.00400341
log_sel_beta2(1,4)      1.93176  0.000545417
log_sel_beta2(1,5)      1.91852  -0.00890619
log_sel_beta2(1,6)      1.96627  0.000489871
log_sel_beta2(1,7)      1.93835  -0.00338787
log_sel_beta3(1,1)     -1.52148 -0.000410969
log_sel_beta3(1,2)     -1.26258  0.000279967
log_sel_beta3(1,3)      -1.7811 -2.84321e-008
log_sel_beta3(1,4)      -1.7811 -2.84321e-008
log_sel_beta3(1,5)    -0.800381   0.00131254
log_sel_beta3(1,6)      -1.7811 -2.84321e-008
log_sel_beta3(1,7)    -0.510155  0.000956382
log_sel_beta4(1,1)     -9.93629 2.13434e-005
log_sel_beta4(1,2)     -9.99919 3.67672e-007
log_sel_beta4(1,3)   -0.0890622 -1.39904e-009
log_sel_beta4(1,4)   -0.0890622 -1.39904e-009
log_sel_beta4(1,5)     -9.99954 -4.15668e-006
log_sel_beta4(1,6)   -0.0890622 -1.39904e-009
log_sel_beta4(1,7)      1.69482 -0.000271228
ln_q(1,1)     -14.6926  0.000368253
ln_F(1,1)      -5.8797 -2.6965e-006
ln_F(1,2)     -7.63813 -7.43781e-005
ln_F(1,3)     -6.42088 -1.14756e-005
ln_F(1,4)     -7.89293 -2.01359e-005
ln_F(1,5)     -6.02716 -1.10542e-006
ln_F(1,6)     -13.7388 -3.44042e-005
ln_F(1,7)     -5.47113 -2.84959e-005
ln_F(2,1)     -5.38756 -3.05583e-005
ln_F(2,2)     -7.74855 -6.21115e-005
ln_F(2,3)     -6.48399 1.33534e-005
ln_F(2,4)     -7.55475 -5.62202e-005
ln_F(2,5)     -4.84602 -4.85982e-006
ln_F(2,6)     -10.5505 -1.71234e-005
ln_F(2,7)     -5.02001 1.20067e-005
ln_F(3,1)     -5.52645 -1.30495e-005
ln_F(3,2)     -6.98574 -6.45841e-006
ln_F(3,3)     -5.93764 -4.1586e-005
ln_F(3,4)     -7.44058 1.89717e-005
ln_F(3,5)     -5.16923 -5.80817e-005
ln_F(3,6)      -8.3804 -3.3378e-005
ln_F(3,7)     -5.36544 1.54402e-005
ln_F(4,1)     -5.69276 -5.82509e-005
ln_F(4,2)     -7.28548 -3.88378e-005
ln_F(4,3)       -6.211 -2.56732e-005
ln_F(4,4)     -5.99995 -9.07907e-006
ln_F(4,5)     -5.21583 5.80255e-005
ln_F(4,6)     -10.9526 -6.89141e-006
ln_F(4,7)     -4.65892 -2.13202e-005
ln_F(5,1)     -5.65933 -3.27149e-005
ln_F(5,2)     -7.36513 9.59516e-006
ln_F(5,3)      -6.2293 -2.47463e-005
ln_F(5,4)     -5.68751 -4.84498e-005
ln_F(5,5)     -6.24632 -1.14536e-005
ln_F(5,6)      -10.465 -1.6143e-005
ln_F(5,7)      -5.3041 -2.25096e-005
ln_F(6,1)      -5.0776 -1.05352e-005
ln_F(6,2)     -7.15594 -4.97633e-005
ln_F(6,3)     -5.95529 -3.92258e-005
ln_F(6,4)       -4.783  1.8807e-005
ln_F(6,5)      -8.9188 -1.57713e-005
ln_F(6,6)     -10.9478 -1.12755e-005
ln_F(6,7)     -4.79478 5.76287e-006
ln_F(7,1)     -5.05676 -6.50622e-005
ln_F(7,2)     -7.11051 -3.23396e-005
ln_F(7,3)     -6.30889 1.67138e-005
ln_F(7,4)     -6.28227 7.47525e-005
ln_F(7,5)     -6.37381 -7.11381e-006
ln_F(7,6)     -9.61431 -2.15498e-005
ln_F(7,7)     -5.23843 -2.74927e-005
ln_F(8,1)       -5.994 -9.4142e-006
ln_F(8,2)     -7.13612 1.78783e-005
ln_F(8,3)     -6.23577 3.40441e-006
ln_F(8,4)     -5.59025 -2.96967e-005
ln_F(8,5)     -5.47512 -6.52965e-006
ln_F(8,6)     -10.3899 -1.8819e-005
ln_F(8,7)     -4.70094 2.05092e-005
ln_F(9,1)     -6.31371 -2.28296e-005
ln_F(9,2)     -7.34834 -3.19987e-005
ln_F(9,3)     -6.28287 3.53359e-005
ln_F(9,4)     -5.92386 -3.50157e-005
ln_F(9,5)     -6.22078 2.65776e-005
ln_F(9,6)      -9.9891 -1.54721e-005
ln_F(9,7)     -4.83575 3.15282e-005
ln_F(10,1)      -4.7893 -2.36602e-005
ln_F(10,2)     -7.33892 5.82323e-005
ln_F(10,3)     -6.30262 -1.87102e-005
ln_F(10,4)     -4.70309 -6.66811e-006
ln_F(10,5)      -10.021 1.64685e-005
ln_F(10,6)     -10.7042 -9.85995e-006
ln_F(10,7)     -4.79533 1.18838e-006
ln_F(11,1)     -5.59482 -5.18947e-005
ln_F(11,2)     -7.21663 2.73148e-005
ln_F(11,3)      -6.5491 3.69489e-005
ln_F(11,4)     -6.64148 -1.32282e-005
ln_F(11,5)     -7.23976 1.66498e-005
ln_F(11,6)     -9.66657 -6.26743e-006
ln_F(11,7)     -5.22479 7.21732e-007
ln_F(12,1)     -5.96626 -8.99148e-005
ln_F(12,2)     -7.18101 4.90979e-006
ln_F(12,3)      -6.3486 6.07692e-005
ln_F(12,4)     -5.48409 -2.84411e-005
ln_F(12,5)     -5.69841 1.87253e-005
ln_F(12,6)     -9.45643 -1.42829e-006
ln_F(12,7)     -5.02149 2.78314e-005
ln_F(13,1)      -6.3226 -2.37423e-005
ln_F(13,2)     -7.60679 -3.41959e-006
ln_F(13,3)      -6.3238 -1.3556e-005
ln_F(13,4)     -5.62167 3.98698e-005
ln_F(13,5)     -6.95211 -2.34654e-005
ln_F(13,6)     -12.3433 -1.68923e-005
ln_F(13,7)     -4.67504 -2.1929e-005
ln_F(14,1)     -4.84805 2.96728e-006
ln_F(14,2)     -7.49955 2.33755e-005
ln_F(14,3)     -6.28448 6.57932e-006
ln_F(14,4)     -4.87862 -1.9833e-005
ln_F(14,5)     -8.13189 -2.38104e-005
ln_F(14,6)     -12.8587 -1.51356e-006
ln_F(14,7)     -5.22811 -8.55051e-006
ln_F(15,1)     -5.90291 4.77596e-006
ln_F(15,2)     -7.50375 -6.32724e-005
ln_F(15,3)     -6.26755 -1.01822e-005
ln_F(15,4)     -6.26311 5.59638e-005
ln_F(15,5)     -6.46064 2.48651e-005
ln_F(15,6)     -9.92233 -8.4581e-006
ln_F(15,7)     -5.34378 -5.63178e-005
ln_F(16,1)     -6.29723 4.29453e-005
ln_F(16,2)     -7.77174 -8.54337e-005
ln_F(16,3)     -6.18839 -6.2361e-005
ln_F(16,4)      -5.6707 -1.51287e-005
ln_F(16,5)     -6.01796 -3.97456e-006
ln_F(16,6)     -8.41558 -3.28672e-005
ln_F(16,7)     -5.69391 4.11515e-005
ln_F(17,1)      -6.2562 -8.3279e-006
ln_F(17,2)     -8.05113 -1.30913e-005
ln_F(17,3)     -5.96972 5.39585e-005
ln_F(17,4)     -6.34224 -1.82491e-005
ln_F(17,5)     -6.68681 -2.41215e-005
ln_F(17,6)     -9.21341 -2.49294e-005
ln_F(17,7)     -5.15583 -2.07792e-005
ln_F(18,1)     -5.96541  0.000109641
ln_F(18,2)     -8.03844 -3.02513e-005
ln_F(18,3)     -6.22552 -8.39462e-005
ln_F(18,4)     -4.58524 1.15321e-005
ln_F(18,5)     -8.34833 -1.05897e-005
ln_F(18,6)     -10.8366 -5.3538e-006
ln_F(18,7)     -5.58886 -6.41888e-005
ln_F(19,1)      -5.7831 -5.21137e-005
ln_F(19,2)     -7.98219 -3.64175e-005
ln_F(19,3)     -5.74495 5.81866e-005
ln_F(19,4)     -5.65591 -8.23831e-005
ln_F(19,5)     -5.04587 4.98924e-005
ln_F(19,6)     -7.73627 -2.1665e-005
ln_F(19,7)     -5.61577  1.9309e-005
ln_F(20,1)     -7.02189 -3.2587e-007
ln_F(20,2)      -7.8331 1.16197e-005
ln_F(20,3)     -6.22815 3.25311e-005
ln_F(20,4)     -5.20426 -3.09995e-005
ln_F(20,5)     -5.93719 -2.0235e-005
ln_F(20,6)     -5.91655 -1.79385e-005
ln_F(20,7)     -5.73561 -1.80081e-005
ln_F(21,1)       -6.688 8.35212e-006
ln_F(21,2)      -7.8883 -1.06976e-005
ln_F(21,3)     -6.23867 3.85958e-005
ln_F(21,4)     -4.33016 1.01372e-006
ln_F(21,5)     -5.97557 1.49998e-005
ln_F(21,6)      -6.5387 -1.13502e-005
ln_F(21,7)     -5.66428 -6.12812e-005
ln_F(22,1)     -6.31498 3.34376e-005
ln_F(22,2)     -7.85612 -2.25151e-005
ln_F(22,3)     -6.27786 -2.30326e-005
ln_F(22,4)     -4.23072 -1.65807e-006
ln_F(22,5)     -8.78949 2.81948e-006
ln_F(22,6)     -7.64713 -3.68318e-006
ln_F(22,7)     -5.19098 -4.76743e-005
ln_F(23,1)     -6.45659 4.41601e-005
ln_F(23,2)     -7.71659 6.06161e-006
ln_F(23,3)       -6.208 -6.68081e-005
ln_F(23,4)     -5.14716 7.61091e-006
ln_F(23,5)     -5.40714 -4.89896e-005
ln_F(23,6)     -6.06496 -1.14318e-005
ln_F(23,7)     -5.65038 -1.04965e-006
ln_F(24,1)     -6.90599 -6.27439e-005
ln_F(24,2)     -7.34748  0.000127898
ln_F(24,3)     -6.21749 -4.72421e-005
ln_F(24,4)     -4.50826 9.35468e-006
ln_F(24,5)     -6.19216 -3.77407e-006
ln_F(24,6)     -5.39487 -3.12051e-006
ln_F(24,7)     -5.41513 -7.04132e-005
ln_F(25,1)       -6.513 1.40685e-005
ln_F(25,2)     -7.31355 -8.97339e-005
ln_F(25,3)      -6.4199 -9.47607e-006
ln_F(25,4)     -4.14616 3.57844e-006
ln_F(25,5)     -7.25766  9.7427e-006
ln_F(25,6)     -5.79146 7.47802e-005
ln_F(25,7)     -4.87708 -3.07724e-005
ln_F(26,1)     -5.84716 -5.19762e-005
ln_F(26,2)     -7.19802 3.33648e-005
ln_F(26,3)     -6.73198 3.33928e-005
ln_F(26,4)     -4.34702 1.79086e-005
ln_F(26,5)     -8.18272 1.89988e-005
ln_F(26,6)     -4.84478  1.8375e-005
ln_F(26,7)     -5.04095 -2.15526e-005
ln_F(27,1)     -5.78349 -1.03092e-005
ln_F(27,2)     -6.88112 3.48986e-006
ln_F(27,3)     -6.36511 -1.74724e-005
ln_F(27,4)     -4.27416 -1.38831e-005
ln_F(27,5)     -4.73731 4.60133e-005
ln_F(27,6)     -3.49314 1.61084e-005
ln_F(27,7)     -5.30697 1.13588e-005
ln_F(28,1)      -6.5476 1.34784e-005
ln_F(28,2)     -6.92192 -4.30414e-005
ln_F(28,3)     -6.03776 1.16287e-005
ln_F(28,4)     -5.32822 -3.45404e-005
ln_F(28,5)     -5.79653 2.06176e-005
ln_F(28,6)     -4.36537 5.06474e-005
ln_F(28,7)     -5.34356 4.87804e-006
ln_F(29,1)      -6.3899 -7.07353e-005
ln_F(29,2)     -6.70696 -4.1989e-005
ln_F(29,3)     -6.25148 8.44242e-005
ln_F(29,4)     -5.57639 1.87246e-005
ln_F(29,5)     -6.41008 3.57634e-005
ln_F(29,6)     -5.04645 -1.65837e-005
ln_F(29,7)     -5.26268 2.69829e-005
ln_F(30,1)     -5.76508 8.53146e-006
ln_F(30,2)     -7.02417 -1.05999e-005
ln_F(30,3)     -6.13614 4.16257e-005
ln_F(30,4)     -4.84429 1.30023e-005
ln_F(30,5)     -7.67392 -4.41534e-005
ln_F(30,6)     -4.29897 -3.8747e-006
ln_F(30,7)     -4.27284 -8.54826e-006
ln_F(31,1)     -6.11302 1.72539e-005
ln_F(31,2)     -7.11762 -1.94028e-005
ln_F(31,3)     -5.83333 -2.53078e-005
ln_F(31,4)     -5.37378 4.02074e-005
ln_F(31,5)     -6.44613 1.07372e-005
ln_F(31,6)     -3.48623 4.78811e-006
ln_F(31,7)     -4.90749  1.0247e-005
ln_F(32,1)     -7.24914 -6.89762e-005
ln_F(32,2)     -7.11436 8.92366e-005
ln_F(32,3)     -5.47432 -2.21554e-005
ln_F(32,4)     -5.09393 2.48807e-005
ln_F(32,5)     -6.07843 -2.28588e-005
ln_F(32,6)     -4.51982 1.81419e-005
ln_F(32,7)     -5.17262 -1.66752e-005
ln_F(33,1)     -7.09108 1.65124e-005
ln_F(33,2)     -7.23135 -4.17432e-005
ln_F(33,3)     -5.73186 4.29715e-005
ln_F(33,4)     -6.38097 -1.25458e-005
ln_F(33,5)     -9.14338 -5.98615e-006
ln_F(33,6)     -4.86754 6.51591e-006
ln_F(33,7)       -5.191 -3.83238e-005
ln_F(34,1)     -6.91114 5.11804e-005
ln_F(34,2)     -7.16245 -5.95987e-005
ln_F(34,3)      -6.2514 5.03531e-006
ln_F(34,4)     -6.25631 -5.39973e-005
ln_F(34,5)      -9.6195 7.87377e-006
ln_F(34,6)     -4.85601  2.4282e-005
ln_F(34,7)      -4.5957 -3.00024e-005
ln_F(35,1)     -6.59839 -3.88178e-005
ln_F(35,2)     -7.16315 2.61042e-005
ln_F(35,3)     -5.57307 4.42914e-005
ln_F(35,4)     -5.63549 6.26439e-006
ln_F(35,5)     -6.34042 -3.1407e-006
ln_F(35,6)     -4.69777 2.69998e-005
ln_F(35,7)     -5.21161 -6.8845e-005
ln_F(36,1)     -7.28963 5.62559e-005
ln_F(36,2)     -6.61726 -1.12323e-005
ln_F(36,3)     -5.50977 5.93406e-006
ln_F(36,4)     -5.17295 1.26605e-005
ln_F(36,5)     -5.94282 -3.84133e-005
ln_F(36,6)     -4.77962 2.52768e-005
ln_F(36,7)     -4.53698 -2.95202e-005
ln_F(37,1)       -6.078 -3.04471e-005
ln_F(37,2)     -6.61363 2.03748e-005
ln_F(37,3)     -6.09877 -3.13457e-006
ln_F(37,4)     -5.62947  0.000126265
ln_F(37,5)     -6.28063 5.01636e-005
ln_F(37,6)     -4.79932 -3.30701e-005
ln_F(37,7)     -4.59571 -4.39721e-005
ln_F(38,1)       -6.446 2.79615e-005
ln_F(38,2)     -6.73021 -1.89493e-005
ln_F(38,3)     -6.15995 6.67115e-005
ln_F(38,4)     -5.16927 -4.92044e-005
ln_F(38,5)     -9.05561 3.20551e-006
ln_F(38,6)     -4.32274  1.9668e-005
ln_F(38,7)     -4.33557 -4.15332e-006
ln_F(39,1)     -6.36047 -2.97867e-005
ln_F(39,2)     -7.03887 3.65647e-005
ln_F(39,3)     -5.16921 -3.69302e-006
ln_F(39,4)     -5.81956 1.82152e-005
ln_F(39,5)     -6.72076 4.70305e-005
ln_F(39,6)     -4.57959 1.36272e-005
ln_F(39,7)     -4.73823 -3.28391e-005
ln_F(40,1)     -6.54615 -4.75356e-005
ln_F(40,2)     -6.40378 3.19302e-005
ln_F(40,3)      -5.2544 4.42213e-005
ln_F(40,4)     -5.03121 -2.39274e-006
ln_F(40,5)      -5.9011 -3.32449e-005
ln_F(40,6)     -4.29095 -5.08507e-006
ln_F(40,7)     -4.60511  5.2037e-005
ln_F(41,1)      -6.1342 -1.46716e-005
ln_F(41,2)      -6.9119 1.38949e-005
ln_F(41,3)     -5.52542 -5.95832e-006
ln_F(41,4)     -6.05088 -1.96283e-005
ln_F(41,5)     -8.34813 2.55856e-005
ln_F(41,6)     -4.55435  7.9889e-006
ln_F(41,7)     -4.81773 2.57178e-005
ln_F(42,1)     -5.71713 -1.11101e-005
ln_F(42,2)     -6.94199 -2.77683e-005
ln_F(42,3)     -5.77389 -1.19966e-005
ln_F(42,4)     -5.18794  0.000133337
ln_F(42,5)     -8.58686 -1.24627e-005
ln_F(42,6)     -3.81591 1.80191e-005
ln_F(42,7)      -4.4751 -2.40923e-005
ln_F(43,1)     -5.71136  0.000124439
ln_F(43,2)     -6.34586 -6.30432e-005
ln_F(43,3)     -5.32913 4.25442e-005
ln_F(43,4)     -5.58241 -2.19216e-005
ln_F(43,5)     -6.85966 -4.08458e-005
ln_F(43,6)      -3.4602 2.33817e-005
ln_F(43,7)     -4.59912 -3.80178e-005
ln_F(44,1)     -5.45989 -4.97885e-005
ln_F(44,2)     -6.31615 4.32561e-005
ln_F(44,3)       -5.168 -2.57249e-006
ln_F(44,4)     -4.91655 2.71374e-005
ln_F(44,5)     -6.38361 7.77535e-005
ln_F(44,6)     -3.69353 2.56685e-005
ln_F(44,7)     -4.63883 -5.6136e-005
ln_F(45,1)     -5.72559 -1.53511e-005
ln_F(45,2)     -6.73794 1.98874e-005
ln_F(45,3)     -5.60871  2.9787e-005
ln_F(45,4)     -5.08781 -2.30414e-005
ln_F(45,5)      -7.7438 -1.59566e-005
ln_F(45,6)     -4.23951 -2.93469e-006
ln_F(45,7)     -4.99894 7.32414e-005
ln_F(46,1)     -5.11645 7.22105e-005
ln_F(46,2)     -6.72951 -5.14211e-005
ln_F(46,3)     -5.74444 1.72222e-005
ln_F(46,4)     -5.00726 -6.22149e-006
ln_F(46,5)     -7.90627 -6.25735e-006
ln_F(46,6)      -4.0304 -9.03078e-006
ln_F(46,7)     -4.59375 -2.93261e-006
ln_F(47,1)     -5.08372 1.83366e-005
ln_F(47,2)     -5.88077 2.96618e-005
ln_F(47,3)     -4.44544 6.84743e-005
ln_F(47,4)     -5.19632 -6.41216e-005
ln_F(47,5)     -5.48311  2.3403e-005
ln_F(47,6)     -3.96943 3.72105e-005
ln_F(47,7)     -3.86235 -3.42004e-005
ln_F(48,1)     -5.70754 -2.56531e-005
ln_F(48,2)     -5.50614 -1.48757e-006
ln_F(48,3)     -4.08397 1.56499e-005
ln_F(48,4)     -6.10649  2.5095e-005
ln_F(48,5)     -5.82525 3.72255e-006
ln_F(48,6)     -3.34904 1.15315e-005
ln_F(48,7)     -4.45537 2.15906e-005
ln_F(49,1)     -5.72089 5.48387e-005
ln_F(49,2)     -6.43504 2.80078e-005
ln_F(49,3)     -5.35331 -8.31748e-005
ln_F(49,4)     -6.63097 5.10824e-005
ln_F(49,5)     -7.31713 -5.60407e-005
ln_F(49,6)     -4.17821 1.46447e-005
ln_F(49,7)     -4.92767 1.59175e-005
ln_F(50,1)     -5.34366 -2.42425e-005
ln_F(50,2)     -7.51932 -1.19357e-005
ln_F(50,3)     -4.89885 2.30533e-005
ln_F(50,4)      -6.2255 -4.83008e-007
ln_F(50,5)     -5.63444 1.69475e-005
ln_F(50,6)     -3.65597 -1.57579e-006
ln_F(50,7)     -4.56427 4.24393e-005
ln_F(51,1)     -5.44836 5.70401e-005
ln_F(51,2)     -6.11382 -2.53233e-005
ln_F(51,3)     -5.38782 -6.75288e-006
ln_F(51,4)     -6.10582 1.55346e-005
ln_F(51,5)     -4.48784 -1.94108e-005
ln_F(51,6)     -3.77627 9.49882e-006
ln_F(51,7)     -4.47355 1.46589e-005
ln_F(52,1)      -6.0444   -1.57e-005
ln_F(52,2)     -5.67683 1.82211e-005
ln_F(52,3)     -4.60603  3.8786e-005
ln_F(52,4)     -6.36502 -8.58533e-005
ln_F(52,5)     -5.11666 6.50484e-005
ln_F(52,6)     -4.37464  3.3161e-006
ln_F(52,7)     -4.69865 1.00014e-005
ln_F(53,1)     -5.55387 8.55616e-005
ln_F(53,2)     -6.96784 -1.93016e-005
ln_F(53,3)     -5.34666 -2.1317e-005
ln_F(53,4)     -6.59087 2.95953e-006
ln_F(53,5)     -6.77114 -2.98217e-005
ln_F(53,6)     -4.74915 7.01704e-007
ln_F(53,7)     -4.83678 -1.42746e-005
ln_F(54,1)     -5.26051 4.44545e-005
ln_F(54,2)     -7.62323 -5.90675e-005
ln_F(54,3)     -5.14017 2.60237e-005
ln_F(54,4)     -6.11926  1.9913e-005
ln_F(54,5)     -4.17653 5.53305e-005
ln_F(54,6)      -4.0336 3.01075e-006
ln_F(54,7)     -4.59106 -8.58851e-005
ln_F(55,1)     -5.11251 9.41581e-006
ln_F(55,2)     -6.81435 3.82215e-005
ln_F(55,3)     -5.84007 2.21215e-005
ln_F(55,4)     -6.07201 1.01353e-006
ln_F(55,5)     -5.10057 -3.95631e-005
ln_F(55,6)      -4.1714 -2.81523e-006
ln_F(55,7)     -4.78815 4.92052e-006
ln_F(56,1)     -6.12945 -6.53252e-005
ln_F(56,2)     -6.42683 -3.81509e-005
ln_F(56,3)     -4.75758 -2.71289e-006
ln_F(56,4)     -6.13623  0.000122355
ln_F(56,5)     -5.02437 1.31644e-005
ln_F(56,6)     -4.36032 1.36132e-005
ln_F(56,7)     -4.64416 6.42926e-007
ln_F(57,1)     -4.69898 -5.31365e-005
ln_F(57,2)     -6.86621 2.51282e-005
ln_F(57,3)     -4.37732 3.38856e-005
ln_F(57,4)     -6.13438 1.59386e-005
ln_F(57,5)     -6.47096 1.23221e-007
ln_F(57,6)     -4.28882 9.35642e-006
ln_F(57,7)     -4.74873 -1.91691e-005
ln_F(58,1)     -5.36992 -6.19614e-005
ln_F(58,2)     -7.21597 1.29749e-005
ln_F(58,3)     -4.45489 3.31547e-005
ln_F(58,4)     -6.00984 3.07957e-005
ln_F(58,5)     -4.90218 3.60866e-005
ln_F(58,6)     -4.21372 1.16383e-005
ln_F(58,7)      -4.6253 -3.34539e-005
ln_F(59,1)      -5.0696 -8.62201e-006
ln_F(59,2)     -5.47285 -1.91946e-005
ln_F(59,3)     -4.36177 -4.78878e-005
ln_F(59,4)     -6.03794 2.74338e-007
ln_F(59,5)     -5.01245 1.77682e-005
ln_F(59,6)     -4.27132 3.97535e-005
ln_F(59,7)     -4.69277  1.0331e-005
ln_F(60,1)     -6.39992 -2.49206e-005
ln_F(60,2)     -5.47199 -3.24105e-005
ln_F(60,3)     -3.97828 4.28917e-005
ln_F(60,4)     -5.90361 -3.52491e-005
ln_F(60,5)     -5.54759 -6.82213e-006
ln_F(60,6)     -4.01998 -2.28562e-005
ln_F(60,7)     -4.46306 4.52111e-005
ln_F(61,1)     -5.11305 -5.68027e-005
ln_F(61,2)     -6.61079 -5.88096e-005
ln_F(61,3)      -3.4564 6.63108e-006
ln_F(61,4)     -6.09592 2.69408e-005
ln_F(61,5)     -5.56871 8.32197e-005
ln_F(61,6)      -4.8983 6.10487e-005
ln_F(61,7)     -4.60119 -5.50832e-005
ln_F(62,1)      -5.5117 -6.07673e-006
ln_F(62,2)     -7.29604 -4.14187e-005
ln_F(62,3)     -3.84276 7.82458e-005
ln_F(62,4)     -5.78201 1.03491e-005
ln_F(62,5)     -4.58141 7.12509e-005
ln_F(62,6)     -4.07791 -2.94694e-005
ln_F(62,7)     -4.46493 -7.5283e-005
ln_F(63,1)     -4.83361 3.72322e-005
ln_F(63,2)     -5.54294 -3.95777e-006
ln_F(63,3)     -4.10541 -2.41915e-005
ln_F(63,4)     -5.63422 5.17245e-005
ln_F(63,5)     -4.23147 -9.36655e-005
ln_F(63,6)     -4.16959  2.3768e-005
ln_F(63,7)     -4.48107 5.75978e-005
ln_F(64,1)       -5.216 -1.63601e-006
ln_F(64,2)      -6.0231 -4.33587e-006
ln_F(64,3)     -4.29524 1.84057e-005
ln_F(64,4)     -5.26972 5.38906e-006
ln_F(64,5)     -3.80188 4.87167e-005
ln_F(64,6)     -3.79265  4.2855e-006
ln_F(64,7)      -4.1672 -6.03169e-005
ln_F(65,1)     -4.23131 -4.41108e-005
ln_F(65,2)     -6.44814 1.36485e-005
ln_F(65,3)     -4.38434 4.55466e-006
ln_F(65,4)     -5.65887 4.27109e-005
ln_F(65,5)     -3.78549 2.51497e-005
ln_F(65,6)     -4.44318 -3.24228e-005
ln_F(65,7)     -4.30206 -1.45757e-006
ln_F(66,1)     -4.76338  3.0139e-005
ln_F(66,2)     -6.11029 1.43813e-005
ln_F(66,3)     -4.70669 -5.96825e-005
ln_F(66,4)     -5.44656 6.45344e-005
ln_F(66,5)     -3.65887 -2.95213e-005
ln_F(66,6)     -3.70278 4.37547e-005
ln_F(66,7)      -3.9133 -2.31135e-005
ln_F(67,1)     -4.12402 -5.37858e-005
ln_F(67,2)     -5.64811 -2.72271e-005
ln_F(67,3)     -4.47889 1.29867e-005
ln_F(67,4)     -5.26478 4.40784e-005
ln_F(67,5)     -4.13734 2.32367e-005
ln_F(67,6)     -3.83519 2.72009e-005
ln_F(67,7)     -4.12663 -9.95177e-006
ln_F(68,1)     -5.43509 1.55044e-005
ln_F(68,2)     -4.76051 -2.4553e-005
ln_F(68,3)     -4.71623 2.02375e-005
ln_F(68,4)      -5.4769 1.15908e-005
ln_F(68,5)     -3.50826  2.1928e-005
ln_F(68,6)     -3.34652 9.04899e-006
ln_F(68,7)     -3.93264 -5.33713e-006
ln_F(69,1)     -3.86427 -1.65739e-005
ln_F(69,2)     -5.53411 3.43433e-005
ln_F(69,3)     -4.59913 6.11765e-006
ln_F(69,4)     -5.71808 -9.92149e-006
ln_F(69,5)     -4.02108 -1.48035e-006
ln_F(69,6)     -3.33666 1.08005e-005
ln_F(69,7)     -3.92338 -6.54915e-006
ln_F(70,1)     -4.68567 2.01175e-005
ln_F(70,2)     -6.66958 -4.86975e-005
ln_F(70,3)     -4.99737 -7.85961e-006
ln_F(70,4)     -5.51682 4.83934e-005
ln_F(70,5)     -3.80721 2.49243e-005
ln_F(70,6)     -3.31403 -6.40458e-006
ln_F(70,7)     -3.55622 -1.79628e-005
ln_F(71,1)     -4.29993 -7.02354e-005
ln_F(71,2)     -5.78002 9.48036e-008
ln_F(71,3)      -4.1935  7.0433e-006
ln_F(71,4)     -5.47791 5.62401e-005
ln_F(71,5)      -3.6511 -2.41622e-005
ln_F(71,6)     -3.51163 3.40339e-006
ln_F(71,7)     -3.79446 5.47882e-005
ln_F(72,1)     -5.63118 4.59148e-006
ln_F(72,2)     -5.36197 -3.98427e-006
ln_F(72,3)     -4.01521 2.23621e-005
ln_F(72,4)     -5.35865 -1.83893e-007
ln_F(72,5)     -3.83953 5.96717e-006
ln_F(72,6)        -3.93 -1.90466e-006
ln_F(72,7)     -3.81371 1.01919e-005
ln_F(73,1)     -3.96912 -2.71525e-005
ln_F(73,2)      -5.9801 -1.99443e-005
ln_F(73,3)     -4.34722 2.50018e-005
ln_F(73,4)     -5.66538 2.59402e-005
ln_F(73,5)     -4.16437 1.94869e-005
ln_F(73,6)     -4.02044 -3.6709e-006
ln_F(73,7)     -3.89242 1.17943e-005
ln_F(74,1)     -4.63802 3.29368e-005
ln_F(74,2)     -6.41736 1.51428e-006
ln_F(74,3)     -4.84746 -1.49353e-005
ln_F(74,4)     -5.29819 3.80027e-005
ln_F(74,5)     -4.18839 2.90018e-005
ln_F(74,6)      -2.8094 2.71799e-005
ln_F(74,7)      -3.7183 -3.04316e-005
ln_F(75,1)      -4.0643 -8.8951e-006
ln_F(75,2)     -5.15622 -2.89835e-005
ln_F(75,3)      -4.0962 5.27985e-005
ln_F(75,4)     -5.14685 -4.96822e-005
ln_F(75,5)     -4.28605 2.22459e-005
ln_F(75,6)     -2.53296 -4.51961e-006
ln_F(75,7)     -3.86567 3.86923e-005
ln_F(76,1)     -5.63978 -6.60978e-005
ln_F(76,2)     -4.95079 -1.14248e-005
ln_F(76,3)     -4.16684    4.75e-005
ln_F(76,4)      -5.2197 1.79122e-005
ln_F(76,5)     -4.73981 2.83132e-005
ln_F(76,6)     -2.94987 -3.3674e-006
ln_F(76,7)     -3.89349  4.8616e-005
ln_F(77,1)     -4.37015 2.27017e-005
ln_F(77,2)     -6.02352 7.76191e-006
ln_F(77,3)     -5.15758 6.04963e-006
ln_F(77,4)     -5.53612 6.82322e-006
ln_F(77,5)     -5.11296 2.55703e-005
ln_F(77,6)     -3.37626 6.11081e-006
ln_F(77,7)     -4.07234 -3.89226e-005
ln_F(78,1)     -5.26331 -4.1956e-005
ln_F(78,2)     -6.27279 1.05893e-005
ln_F(78,3)     -4.70866 3.98548e-005
ln_F(78,4)     -5.35313 -4.05715e-005
ln_F(78,5)     -4.64097 6.87024e-006
ln_F(78,6)     -2.98098 -1.85684e-005
ln_F(78,7)     -4.08448 5.12979e-005
ln_F(79,1)     -4.21516 -4.12446e-005
ln_F(79,2)     -4.67581 5.25256e-007
ln_F(79,3)     -3.91143 -4.67927e-006
ln_F(79,4)     -5.13714 1.66715e-005
ln_F(79,5)     -4.60262 -4.69068e-006
ln_F(79,6)     -2.69103 4.15763e-007
ln_F(79,7)     -4.18957 7.47443e-005
ln_F(80,1)     -5.43792 -1.21818e-005
ln_F(80,2)     -5.61613 -4.34443e-006
ln_F(80,3)     -4.06712 4.48503e-005
ln_F(80,4)     -5.36816 -1.02642e-005
ln_F(80,5)     -4.31298 -6.28713e-006
ln_F(80,6)     -3.56313 -1.48366e-006
ln_F(80,7)     -4.43282 2.75115e-005
ln_F(81,1)     -4.38305 -2.40544e-005
ln_F(81,2)     -6.28243 -7.3529e-005
ln_F(81,3)     -4.85212 3.55286e-005
ln_F(81,4)     -5.66017 6.56066e-005
ln_F(81,5)     -4.77642 6.08931e-005
ln_F(81,6)     -3.84707  1.4385e-005
ln_F(81,7)     -4.49042 -7.20651e-005
ln_F(82,1)      -5.4483 1.53273e-005
ln_F(82,2)     -7.14419 5.53759e-005
ln_F(82,3)     -5.48968 -1.09618e-005
ln_F(82,4)     -5.55209 -4.95068e-005
ln_F(82,5)     -4.66963 -2.23054e-005
ln_F(82,6)     -3.76183 6.30209e-006
ln_F(82,7)     -4.45912 2.18224e-005
ln_F(83,1)     -5.00008 1.54461e-005
ln_F(83,2)     -5.58297 -3.79041e-005
ln_F(83,3)     -4.48339 2.10815e-005
ln_F(83,4)     -5.54414 -4.55082e-005
ln_F(83,5)     -4.10452 3.78895e-005
ln_F(83,6)     -3.80086 -9.8701e-006
ln_F(83,7)       -4.556  5.1831e-006
ln_F(84,1)     -5.49367 -1.87191e-005
ln_F(84,2)     -5.19988 -6.00377e-005
ln_F(84,3)     -4.37098 7.82376e-005
ln_F(84,4)     -5.27752 -4.28447e-005
ln_F(84,5)     -4.79145   6.812e-005
ln_F(84,6)     -3.38208 -2.19378e-006
ln_F(84,7)     -4.27859 -3.11356e-005
ln_F(85,1)      -4.3659 -2.27979e-005
ln_F(85,2)     -5.80021 -0.000114153
ln_F(85,3)      -5.0533  1.3825e-005
ln_F(85,4)     -5.42701 1.77225e-005
ln_F(85,5)     -5.38692 -4.65358e-006
ln_F(85,6)     -3.24524 -2.02603e-005
ln_F(85,7)     -4.37023 6.46474e-005
ln_F(86,1)     -5.11665 -2.80462e-005
ln_F(86,2)     -6.04578 -2.94422e-005
ln_F(86,3)     -5.06675  1.8333e-005
ln_F(86,4)     -5.12525 9.78688e-006
ln_F(86,5)     -5.32096 1.15725e-005
ln_F(86,6)     -2.84596 5.49415e-006
ln_F(86,7)      -4.2537 1.83819e-005
ln_F(87,1)     -4.59647 -4.7853e-005
ln_F(87,2)      -5.8139 -6.65216e-005
ln_F(87,3)     -4.30566 2.80026e-005
ln_F(87,4)     -5.09495 3.88513e-005
ln_F(87,5)       -5.274 1.04118e-005
ln_F(87,6)     -2.85442 -2.31817e-005
ln_F(87,7)     -4.37221  4.1614e-005
ln_F(88,1)     -5.82607 -5.18819e-005
ln_F(88,2)     -5.77577 1.51513e-005
ln_F(88,3)     -4.57066 1.33477e-005
ln_F(88,4)      -5.5428 3.21845e-006
ln_F(88,5)     -5.70411 6.67172e-006
ln_F(88,6)     -3.86351 -2.30573e-006
ln_F(88,7)     -4.46421 -1.25266e-005
ln_F(89,1)      -4.8385 -4.51665e-005
ln_F(89,2)     -6.40352 -2.3572e-005
ln_F(89,3)      -4.8336 6.81787e-005
ln_F(89,4)     -5.68395 -8.44257e-006
ln_F(89,5)     -4.81255 5.47331e-005
ln_F(89,6)      -3.7386 -2.22951e-006
ln_F(89,7)     -4.54123 -4.15775e-005
ln_F(90,1)     -4.72757  7.1657e-005
ln_F(90,2)     -7.02272 -7.4799e-006
ln_F(90,3)     -5.08475 -7.29911e-006
ln_F(90,4)     -5.06925 -1.08944e-005
ln_F(90,5)       -4.189 -2.48083e-005
ln_F(90,6)     -3.00061 -8.96712e-007
ln_F(90,7)     -4.20192 8.09896e-006
ln_F(91,1)     -4.17785 -7.62828e-005
ln_F(91,2)     -5.84321 1.10195e-005
ln_F(91,3)     -5.06707 6.99514e-005
ln_F(91,4)      -5.0085 -1.54084e-005
ln_F(91,5)     -5.07983 1.62527e-005
ln_F(91,6)     -3.46482 1.49194e-005
ln_F(91,7)     -4.19303 -1.87757e-006
ln_F(92,1)     -5.87709 -7.32445e-005
ln_F(92,2)     -5.67126 -4.22475e-005
ln_F(92,3)     -4.56137  0.000114784
ln_F(92,4)     -5.39641 -6.08822e-005
ln_F(92,5)     -4.89036 -6.02212e-006
ln_F(92,6)     -3.69974 -3.46732e-005
ln_F(92,7)     -4.37321 7.15757e-005
ln_F(93,1)     -4.59675 -6.85779e-005
ln_F(93,2)     -6.38054 6.11105e-005
ln_F(93,3)     -5.19704 -5.54553e-005
ln_F(93,4)     -5.59061 5.18511e-005
ln_F(93,5)     -5.26476 -2.08304e-005
ln_F(93,6)     -3.82903 3.79799e-005
ln_F(93,7)     -4.38473 2.67016e-006
ln_F(94,1)     -5.73747 -5.92462e-005
ln_F(94,2)     -7.27788 6.46513e-005
ln_F(94,3)     -5.34496 -8.3551e-007
ln_F(94,4)     -5.40026 1.86934e-005
ln_F(94,5)      -4.3752 2.07743e-006
ln_F(94,6)     -3.46036    5.74e-006
ln_F(94,7)     -4.51838 -1.61714e-006
ln_F(95,1)     -4.92088 -1.73459e-005
ln_F(95,2)     -5.35039 -3.53988e-005
ln_F(95,3)     -5.05984   0.00012748
ln_F(95,4)     -5.48003 -0.000140348
ln_F(95,5)     -4.63177 4.27751e-005
ln_F(95,6)      -3.4489 -1.43796e-005
ln_F(95,7)     -4.19975 4.43811e-005
ln_F(96,1)     -5.95325 -8.02568e-006
ln_F(96,2)     -3.62466 -4.07642e-005
ln_F(96,3)     -4.55691 2.99236e-005
ln_F(96,4)     -5.16063 -1.96067e-006
ln_F(96,5)     -5.13229 2.18685e-005
ln_F(96,6)     -3.73071 3.08217e-005
ln_F(96,7)     -4.25341 -3.12243e-005
ln_F(97,1)     -4.85294 -4.78654e-005
ln_F(97,2)     -4.19754 2.68601e-005
ln_F(97,3)     -5.00544 5.09089e-005
ln_F(97,4)     -5.63652 -3.3204e-005
ln_F(97,5)     -4.60487 -5.28667e-005
ln_F(97,6)     -3.82514 -8.0792e-006
ln_F(97,7)     -4.49085 4.67491e-005
ln_F(98,1)     -5.03333  1.4964e-005
ln_F(98,2)     -5.36429 9.69842e-005
ln_F(98,3)     -5.63961 -2.05269e-005
ln_F(98,4)     -5.05353 -9.82289e-005
ln_F(98,5)     -4.04389 -6.77465e-005
ln_F(98,6)     -3.03667 5.12485e-006
ln_F(98,7)     -4.34912 6.64226e-005
ln_F(99,1)     -4.74111 -6.20556e-005
ln_F(99,2)     -3.97498 1.15597e-005
ln_F(99,3)     -4.78588 2.90618e-005
ln_F(99,4)     -5.07233  4.5625e-005
ln_F(99,5)     -4.96761 2.17382e-005
ln_F(99,6)     -2.85795 -1.87888e-006
ln_F(99,7)     -4.29788 -2.43702e-006
ln_F(100,1)     -6.00504  6.7251e-006
ln_F(100,2)     -4.20959 5.84818e-006
ln_F(100,3)     -4.63401 4.92568e-006
ln_F(100,4)     -4.78528 3.87935e-006
ln_F(100,5)     -5.14993 -9.66263e-006
ln_F(100,6)     -3.14751 -3.93743e-006
ln_F(100,7)     -4.33434 2.89191e-005
ln_F(101,1)     -4.43152 6.76429e-006
ln_F(101,2)     -4.63106 7.42815e-005
ln_F(101,3)     -4.90698 2.88615e-006
ln_F(101,4)     -5.09908 -3.65805e-005
ln_F(101,5)     -5.66244 -4.35554e-005
ln_F(101,6)     -3.83844  3.1466e-006
ln_F(101,7)      -4.4753 -9.61421e-006
ln_F(102,1)     -4.90809 5.61014e-006
ln_F(102,2)      -5.1222 9.80918e-006
ln_F(102,3)     -5.26101 -4.26486e-005
ln_F(102,4)     -4.68893 -2.84316e-005
ln_F(102,5)     -4.24707 2.65069e-005
ln_F(102,6)     -3.29747 -6.03739e-006
ln_F(102,7)     -4.42273 1.87268e-005
ln_F(103,1)     -4.47329 -2.73259e-005
ln_F(103,2)     -3.69946 -2.95799e-005
ln_F(103,3)      -4.9014 9.71978e-006
ln_F(103,4)     -4.58308 -1.59098e-005
ln_F(103,5)     -4.47453 3.99375e-005
ln_F(103,6)     -3.06176 -1.87079e-005
ln_F(103,7)     -4.21823 2.20719e-005
ln_F(104,1)     -5.35745 1.11745e-005
ln_F(104,2)     -3.54723 -9.74002e-006
ln_F(104,3)     -4.07284 -1.20635e-005
ln_F(104,4)      -4.4859 -1.79945e-005
ln_F(104,5)      -4.7815 2.70227e-005
ln_F(104,6)     -3.67625 -6.48917e-006
ln_F(104,7)      -4.1616 -2.21864e-006
ln_F(105,1)     -4.42907 2.10864e-005
ln_F(105,2)     -5.39353 -2.92992e-005
ln_F(105,3)     -3.67796 2.94384e-005
ln_F(105,4)     -4.59221 3.44781e-005
ln_F(105,5)     -4.91875 1.00263e-005
ln_F(105,6)     -3.67238 -1.40359e-007
ln_F(105,7)     -4.36179 -6.50563e-005
ln_F(106,1)     -5.19456 6.28764e-006
ln_F(106,2)     -6.31747 -9.69868e-006
ln_F(106,3)     -4.63692 6.09967e-006
ln_F(106,4)     -4.78521  9.8905e-006
ln_F(106,5)     -4.50411 -2.48168e-005
ln_F(106,6)     -3.12774 1.07497e-006
ln_F(106,7)      -3.5478 -4.94397e-006
ln_F(107,1)     -4.47266 -8.88894e-005
ln_F(107,2)      -4.9197 -3.26963e-006
ln_F(107,3)     -4.00973 4.73556e-005
ln_F(107,4)     -4.27747 4.64494e-005
ln_F(107,5)     -4.17644 5.94095e-005
ln_F(107,6)     -2.89518 -3.02588e-006
ln_F(107,7)     -3.31938 -5.44997e-005
ln_F(108,1)     -5.30027 2.31138e-005
ln_F(108,2)     -4.53694 -5.15136e-005
ln_F(108,3)     -3.78446 -1.67258e-005
ln_F(108,4)      -4.5365 -6.53441e-006
ln_F(108,5)     -4.30085 5.69199e-006
ln_F(108,6)     -3.35252 -1.22232e-005
ln_F(108,7)     -3.72377 2.80653e-005
ln_F(109,1)     -4.54778 -1.54939e-005
ln_F(109,2)     -4.91915 -6.69544e-005
ln_F(109,3)     -3.93266 3.91488e-005
ln_F(109,4)     -4.57336 -6.19531e-006
ln_F(109,5)     -4.55066 5.14062e-005
ln_F(109,6)     -3.76794  1.0988e-005
ln_F(109,7)     -4.04834 -2.82183e-006
ln_F(110,1)     -4.71749 -5.16584e-005
ln_F(110,2)     -6.46211  4.0915e-005
ln_F(110,3)     -4.63561  1.9114e-005
ln_F(110,4)     -4.47848 -2.13195e-005
ln_F(110,5)     -4.15867 2.36881e-006
ln_F(110,6)     -2.97036 -6.42032e-006
ln_F(110,7)     -3.79569 3.70181e-006
ln_F(111,1)     -4.91129 6.25462e-005
ln_F(111,2)     -5.41788 -4.36182e-005
ln_F(111,3)     -4.43834 7.38013e-006
ln_F(111,4)     -4.34836 -1.5676e-005
ln_F(111,5)     -3.97503 -4.39649e-005
ln_F(111,6)     -3.16427 -3.0283e-006
ln_F(111,7)     -4.02425 3.25248e-005
ln_F(112,1)     -4.80654 -3.40422e-005
ln_F(112,2)     -4.93696 -1.65738e-005
ln_F(112,3)     -4.06759 2.46953e-005
ln_F(112,4)     -4.29238 2.88956e-005
ln_F(112,5)     -4.55337 2.38375e-006
ln_F(112,6)     -3.40403 4.93055e-006
ln_F(112,7)     -3.33149 -1.18329e-005
ln_F(113,1)     -4.26816 -2.6312e-005
ln_F(113,2)     -5.23202 -1.16072e-005
ln_F(113,3)     -4.55775 2.50689e-005
ln_F(113,4)     -4.39202  3.5627e-005
ln_F(113,5)      -4.3684 4.94989e-005
ln_F(113,6)     -4.21233 -1.92359e-006
ln_F(113,7)     -4.42524 -5.23374e-005
ln_F(114,1)     -4.48893 -4.91001e-005
ln_F(114,2)     -5.93031 -1.0222e-005
ln_F(114,3)     -4.56212  1.2107e-005
ln_F(114,4)     -4.00461 1.74718e-005
ln_F(114,5)     -4.25696 8.04527e-006
ln_F(114,6)     -2.71617 5.93581e-007
ln_F(114,7)     -3.85669 1.97226e-005
ln_F(115,1)      -3.5644 -7.42332e-006
ln_F(115,2)     -5.03685 1.94728e-005
ln_F(115,3)     -4.03408 -2.01395e-005
ln_F(115,4)     -3.78345 -1.87489e-005
ln_F(115,5)     -4.26142 2.85849e-005
ln_F(115,6)     -2.45103 -7.58422e-006
ln_F(115,7)      -3.8009 5.61369e-006
ln_F(116,1)     -5.19687 -1.2946e-005
ln_F(116,2)     -4.76969 -6.63561e-005
ln_F(116,3)     -4.19258 7.73576e-005
ln_F(116,4)     -4.85618 1.24975e-005
ln_F(116,5)     -4.19622 2.80979e-005
ln_F(116,6)      -3.6629 9.39404e-006
ln_F(116,7)     -3.65308 -1.21721e-005
ln_F(117,1)     -4.88861 -5.67303e-005
ln_F(117,2)       -4.536 4.65943e-005
ln_F(117,3)     -4.65578 -4.53678e-005
ln_F(117,4)     -4.92999  8.4101e-005
ln_F(117,5)     -4.33124 -8.92094e-006
ln_F(117,6)     -4.16026 4.46764e-005
ln_F(117,7)     -3.89202 -2.53345e-005
ln_F(118,1)     -5.06957 1.25367e-006
ln_F(118,2)     -5.64485 8.43509e-006
ln_F(118,3)     -5.58226 1.19405e-006
ln_F(118,4)     -4.94398  3.6628e-005
ln_F(118,5)     -4.29021 2.72581e-005
ln_F(118,6)     -3.15595 5.07864e-006
ln_F(118,7)     -3.92425 -8.88545e-006
ln_F(119,1)     -5.34691 4.78628e-005
ln_F(119,2)     -5.52174 -7.60209e-005
ln_F(119,3)     -4.81205 1.94385e-005
ln_F(119,4)     -5.03554 7.13109e-006
ln_F(119,5)      -3.9994 5.60563e-005
ln_F(119,6)     -3.69604 -6.86046e-006
ln_F(119,7)     -4.04366 1.34447e-005
ln_F(120,1)     -5.50209 -1.17123e-005
ln_F(120,2)      -5.4626 -5.64083e-006
ln_F(120,3)     -4.55356 -1.31834e-005
ln_F(120,4)     -5.15178 6.29051e-005
ln_F(120,5)     -4.35894 -2.19894e-005
ln_F(120,6)     -3.99102 2.89569e-005
ln_F(120,7)     -4.16527 2.68289e-005
ln_F(121,1)     -5.13081 7.34822e-005
ln_F(121,2)     -5.96462 1.24604e-005
ln_F(121,3)     -5.75024 -3.40889e-005
ln_F(121,4)     -5.46417 -2.77705e-005
ln_F(121,5)      -4.0842 1.50916e-005
ln_F(121,6)     -4.08657 -5.29898e-007
ln_F(121,7)     -5.24319 -1.68311e-005
ln_F(122,1)     -5.49842 -4.13714e-005
ln_F(122,2)     -6.47608 1.80363e-005
ln_F(122,3)     -6.58952  3.0529e-005
ln_F(122,4)     -5.31808 -3.13576e-006
ln_F(122,5)     -3.71828 4.41679e-006
ln_F(122,6)     -3.22706 2.46438e-005
ln_F(122,7)     -5.08621 1.97223e-005
ln_F(123,1)     -5.46279 3.94859e-005
ln_F(123,2)     -5.93126 -3.33736e-005
ln_F(123,3)     -5.18425 7.66063e-005
ln_F(123,4)     -5.31948 -6.22965e-006
ln_F(123,5)     -4.04116   8.645e-005
ln_F(123,6)     -3.14518 -2.6711e-006
ln_F(123,7)     -5.09321 -0.000121591
ln_F(124,1)     -6.37287 2.98621e-005
ln_F(124,2)     -5.00456 -8.28973e-005
ln_F(124,3)     -5.35171 3.43058e-005
ln_F(124,4)     -5.48406 -2.37751e-005
ln_F(124,5)     -4.41933 -1.9179e-005
ln_F(124,6)     -3.52806 1.54778e-005
ln_F(124,7)     -5.17497 7.69829e-005
ln_F(125,1)     -4.30735 -1.78305e-005
ln_F(125,2)     -4.59205 -1.68435e-005
ln_F(125,3)     -5.97882 5.33321e-005
ln_F(125,4)      -5.0221 -3.02787e-005
ln_F(125,5)      -3.9361 -1.90745e-006
ln_F(125,6)     -4.19887 2.29466e-005
ln_F(125,7)     -5.12488 -9.64208e-006
ln_F(126,1)     -5.10199 -6.04613e-006
ln_F(126,2)     -5.58157 -7.48937e-005
ln_F(126,3)     -6.24173 -5.10201e-005
ln_F(126,4)     -4.94374 4.25877e-005
ln_F(126,5)     -3.86446 -1.57407e-006
ln_F(126,6)     -3.12445 5.42227e-006
ln_F(126,7)     -5.13719 9.63656e-005
ln_F(127,1)     -5.04251  0.000132795
ln_F(127,2)     -4.48178 -2.73293e-006
ln_F(127,3)      -5.3474 -3.6144e-005
ln_F(127,4)      -5.0902 2.41074e-006
ln_F(127,5)     -4.29753 -1.64284e-005
ln_F(127,6)     -3.42388 2.62859e-005
ln_F(127,7)     -5.12577 -8.53113e-005
ln_F(128,1)     -4.49621 9.42005e-006
ln_F(128,2)     -3.97163 7.92577e-006
ln_F(128,3)     -5.14778 7.00913e-006
ln_F(128,4)     -5.01725 -7.18111e-005
ln_F(128,5)     -4.23891 -7.30341e-005
ln_F(128,6)     -3.08021 1.28209e-005
ln_F(128,7)     -4.74826 9.29494e-005
ln_F(129,1)     -4.50953 -6.25603e-005
ln_F(129,2)     -4.40282 -6.64945e-005
ln_F(129,3)     -6.37145 7.69383e-005
ln_F(129,4)     -5.06916 2.86082e-005
ln_F(129,5)      -4.1127    0.0001634
ln_F(129,6)     -3.53981 1.21617e-005
ln_F(129,7)     -4.80442 -0.000136861
ln_F(130,1)      -4.4569 -2.5882e-005
ln_F(130,2)     -5.96892 -1.23188e-005
ln_F(130,3)     -6.20312 -2.91287e-005
ln_F(130,4)     -4.93941 1.13036e-005
ln_F(130,5)     -4.48477 -4.50317e-005
ln_F(130,6)     -2.76451 -1.13448e-005
ln_F(130,7)     -4.46381 7.95528e-005
ln_F(131,1)      -4.4326 -1.13222e-005
ln_F(131,2)     -5.54099 3.37292e-005
ln_F(131,3)     -4.94536 2.60384e-005
ln_F(131,4)      -4.9821 -2.41973e-005
ln_F(131,5)     -4.25288 9.24119e-006
ln_F(131,6)     -2.94402 -1.88101e-006
ln_F(131,7)     -4.54779 -4.05392e-005
ln_F(132,1)     -5.19893 1.29487e-005
ln_F(132,2)      -4.7848 -8.30149e-005
ln_F(132,3)     -4.82872 4.70241e-005
ln_F(132,4)     -5.33951 -1.54912e-005
ln_F(132,5)     -4.93256 2.53874e-005
ln_F(132,6)     -3.15228 6.07802e-006
ln_F(132,7)     -4.74325 -1.64826e-005
ln_F(133,1)     -3.97938 -1.96285e-005
ln_F(133,2)     -5.15477 1.88672e-005
ln_F(133,3)     -6.10248 3.48021e-005
ln_F(133,4)     -5.31516 -6.22945e-006
ln_F(133,5)     -4.61918 1.67124e-006
ln_F(133,6)     -3.86344  1.6867e-006
ln_F(133,7)      -4.8506 -4.58287e-005
ln_F(134,1)      -4.7588 5.80728e-005
ln_F(134,2)     -5.02612 -3.21872e-005
ln_F(134,3)     -6.01372 -1.75477e-005
ln_F(134,4)     -5.18437 9.10929e-007
ln_F(134,5)     -3.87799 -2.77856e-005
ln_F(134,6)     -2.87774 1.65541e-005
ln_F(134,7)     -4.71613 1.92939e-005
ln_F(135,1)     -3.96802 -5.99823e-005
ln_F(135,2)     -5.17301 -6.76729e-005
ln_F(135,3)     -5.24021 1.73302e-005
ln_F(135,4)     -5.15997 4.05273e-005
ln_F(135,5)     -4.66665 6.26997e-005
ln_F(135,6)     -2.73316 1.18029e-005
ln_F(135,7)     -4.93482   2.392e-006
ln_F(136,1)     -3.73169 2.72644e-005
ln_F(136,2)     -4.53216 2.61912e-005
ln_F(136,3)     -4.43696 -6.84908e-006
ln_F(136,4)     -4.64382 -6.07566e-005
ln_F(136,5)     -2.92188 -7.5453e-006
ln_F(136,6)     -2.87905  2.4525e-006
ln_F(136,7)     -4.41717 -1.18167e-005
ln_F(137,1)     -4.47115 -1.14217e-005
ln_F(137,2)     -4.88183 -9.65967e-005
ln_F(137,3)     -5.38558 9.45964e-006
ln_F(137,4)     -4.93359 4.07348e-005
ln_F(137,5)     -4.18315 4.62348e-005
ln_F(137,6)     -3.75111 -1.64371e-005
ln_F(137,7)     -4.35921 3.60994e-005
ln_F(138,1)     -4.05192 9.17134e-006
ln_F(138,2)     -5.41339 -1.69061e-005
ln_F(138,3)     -6.22972 5.26696e-005
ln_F(138,4)     -4.81469 -8.38772e-005
ln_F(138,5)     -4.18986 8.30656e-006
ln_F(138,6)     -3.19386 1.35632e-006
ln_F(138,7)     -4.36592 4.94226e-005
ln_F(139,1)     -4.10302 -9.43769e-007
ln_F(139,2)     -4.82283 2.40272e-005
ln_F(139,3)     -5.94927 -7.60605e-005
ln_F(139,4)     -4.75166 3.34826e-005
ln_F(139,5)     -3.77631 -1.21379e-005
ln_F(139,6)     -3.09511 -1.23796e-005
ln_F(139,7)     -4.37805 5.04354e-005
ln_F(140,1)     -4.35678 -8.48421e-005
ln_F(140,2)     -4.64964 -3.06046e-005
ln_F(140,3)     -5.30117 5.90439e-005
ln_F(140,4)     -4.88349  1.6374e-005
ln_F(140,5)     -3.59467 4.74288e-005
ln_F(140,6)     -2.67572 8.39211e-006
ln_F(140,7)      -4.2314 3.95367e-005
ln_F(141,1)     -4.58673 -5.13044e-006
ln_F(141,2)     -5.47803 -1.54946e-005
ln_F(141,3)     -5.63628 1.21054e-005
ln_F(141,4)     -5.16644  6.8895e-007
ln_F(141,5)     -4.32337 -1.74061e-005
ln_F(141,6)     -3.52922 2.82328e-006
ln_F(141,7)     -4.50822 3.85565e-005
ln_F(142,1)     -4.20847 -3.81887e-005
ln_F(142,2)     -5.56268 -8.43362e-006
ln_F(142,3)     -5.31918 -1.41843e-005
ln_F(142,4)     -4.96129 6.13824e-005
ln_F(142,5)     -3.86774 -1.0812e-005
ln_F(142,6)     -2.69181 -1.80816e-005
ln_F(142,7)     -4.42745 9.18442e-006
ln_F(143,1)      -3.5977 -5.80991e-005
ln_F(143,2)      -3.5361 -9.85298e-006
ln_F(143,3)     -4.65359 3.55154e-005
ln_F(143,4)     -4.64084 -3.73423e-005
ln_F(143,5)     -3.48089 -1.54594e-007
ln_F(143,6)     -2.79584 4.95264e-006
ln_F(143,7)     -3.27983 1.61385e-005
ln_F(144,1)     -4.09191 1.11009e-005
ln_F(144,2)     -3.52905 4.45486e-007
ln_F(144,3)     -4.83988 -7.70902e-005
ln_F(144,4)     -4.79759 4.24484e-005
ln_F(144,5)     -4.05708 -4.54851e-005
ln_F(144,6)      -2.7167 -1.50394e-005
ln_F(144,7)     -3.39022 1.89824e-005
ln_F(145,1)     -3.85563 -4.20513e-006
ln_F(145,2)     -3.30544 -4.4378e-005
ln_F(145,3)     -5.83697 1.63685e-005
ln_F(145,4)     -4.63705 4.76488e-006
ln_F(145,5)     -3.81685 -9.32975e-006
ln_F(145,6)     -3.47578 1.37133e-005
ln_F(145,7)     -3.51043 1.64092e-005
ln_F(146,1)     -4.09642 -1.55481e-005
ln_F(146,2)     -3.60985 -3.0587e-005
ln_F(146,3)     -5.26819 -9.68588e-006
ln_F(146,4)     -4.83953 3.79463e-005
ln_F(146,5)     -4.05602 -1.9582e-005
ln_F(146,6)     -2.81768 2.35298e-005
ln_F(146,7)     -3.42198 -3.10058e-005
ln_F(147,1)     -3.89278 -4.50584e-005
ln_F(147,2)     -2.73003 -2.53422e-005
ln_F(147,3)       -4.833 2.17752e-005
ln_F(147,4)       -4.594 4.58945e-005
ln_F(147,5)      -4.0529 2.94681e-005
ln_F(147,6)     -2.92486 7.50768e-006
ln_F(147,7)     -3.40266 -4.08653e-005
ln_F(148,1)     -3.98024 -5.69163e-005
ln_F(148,2)     -2.23222 -1.18246e-005
ln_F(148,3)     -4.39123 2.34479e-005
ln_F(148,4)     -4.75391 2.97863e-005
ln_F(148,5)     -4.22196 -2.06067e-005
ln_F(148,6)     -2.84662 2.01217e-005
ln_F(148,7)     -3.86949 2.34909e-005
ln_F(149,1)     -4.28132 1.96087e-006
ln_F(149,2)     -4.66995 -4.81077e-005
ln_F(149,3)     -5.48129 -6.89023e-006
ln_F(149,4)     -5.00194 2.77077e-005
ln_F(149,5)     -4.58123 -3.12089e-005
ln_F(149,6)     -3.53016 2.69415e-005
ln_F(149,7)     -4.33142 -3.35627e-005
ln_F(150,1)     -4.06021 -2.20585e-005
ln_F(150,2)     -5.01716 4.35548e-006
ln_F(150,3)     -5.40456 -3.13618e-005
ln_F(150,4)     -4.93375 -1.02106e-005
ln_F(150,5)     -4.64847 -1.46564e-005
ln_F(150,6)     -3.00712 1.86731e-005
ln_F(150,7)     -4.21959 -2.72853e-005
ln_F(151,1)      -4.2296 -4.63184e-005
ln_F(151,2)     -4.20662 -2.37993e-005
ln_F(151,3)     -5.58255 3.09968e-005
ln_F(151,4)     -4.86331 3.41603e-005
ln_F(151,5)     -3.77675 4.71278e-005
ln_F(151,6)     -2.88126 1.84392e-005
ln_F(151,7)     -4.31814 -1.44531e-005
ln_init_abund(1,1)           10 8.10994e-005
ln_init_abund(1,2)           10 -0.000192379
ln_init_abund(1,3)           10  -0.00104519
ln_init_abund(1,4)           10  0.000141384
ln_init_abund(1,5)           10 -3.9747e-005
ln_init_abund(1,6)      9.50797 4.35807e-006
ln_init_abund(1,7)      9.91073 -2.43884e-005
ln_init_abund(1,8)      9.39526 -9.77604e-006
ln_init_abund(1,9)      9.22648 1.00031e-006
ln_init_abund(1,10)      9.87751 2.34751e-005
ln_init_abund(1,11)       9.1704 -1.18926e-005
ln_init_abund(1,12)      8.97629 -3.17978e-005
ln_init_abund(1,13)      9.34847 -5.01862e-006
ln_init_abund(1,14)      7.68121 -2.78623e-005
ln_init_abund(1,15)      7.97845 -2.31326e-006
ln_init_abund(1,16)      8.14678 -7.32261e-005
ln_init_abund(1,17)      8.24931 -9.07799e-006
ln_init_abund(1,18)      8.02367 -4.92411e-005
ln_init_abund(1,19)      7.85947 2.22265e-005
ln_init_abund(1,20)       7.4941 4.89383e-006
ln_init_abund(1,21)       7.0561 3.29571e-006
ln_init_abund(1,22)      6.62557 2.17925e-006
ln_init_abund(1,23)      6.57787 -7.89241e-006
ln_init_abund(1,24)      5.66661 -8.02245e-007
ln_init_abund(1,25)      6.75779 -5.06286e-006
ln_init_abund(1,26)       6.5949 -7.68435e-006
ln_init_abund(1,27)           10 8.84701e-005
