ParName   Value   Gradient
ln_R_ave(1)      11.4589      40549.9
ln_rec_devs(1,1)    -0.105237     -282.023
ln_rec_devs(1,2)    -0.202879     -93.1166
ln_rec_devs(1,3)    -0.231204      185.272
ln_rec_devs(1,4)    0.0138393      684.204
ln_rec_devs(1,5)     0.261946      1468.79
ln_rec_devs(1,6)     0.207907      1870.08
ln_rec_devs(1,7)     0.265717      2321.44
ln_rec_devs(1,8)     0.384214      2782.03
ln_rec_devs(1,9)     0.396164      2804.76
ln_rec_devs(1,10)     0.350932      2542.35
ln_rec_devs(1,11)     0.334872      2261.45
ln_rec_devs(1,12)     0.131989      1581.18
ln_rec_devs(1,13)     0.105049      1236.71
ln_rec_devs(1,14)     0.244922      1069.64
ln_rec_devs(1,15)     0.279229      775.506
ln_rec_devs(1,16)     0.178699      467.857
ln_rec_devs(1,17)    0.0819857      302.623
ln_rec_devs(1,18)    0.0434533      277.091
ln_rec_devs(1,19)    0.0305937      353.726
ln_rec_devs(1,20)     0.200969      604.123
ln_rec_devs(1,21)     0.321341      963.018
ln_rec_devs(1,22)     0.281427      1242.19
ln_rec_devs(1,23)     0.274277      1561.81
ln_rec_devs(1,24)     0.271754      1856.95
ln_rec_devs(1,25)     0.211695      1952.22
ln_rec_devs(1,26)     0.160482       1918.8
ln_rec_devs(1,27)     0.072853      1647.51
ln_rec_devs(1,28)   -0.0798506      1154.01
ln_rec_devs(1,29)   -0.0508461       782.24
ln_rec_devs(1,30)     0.189154        388.7
ln_rec_devs(1,31)     0.405264     -241.194
ln_rec_devs(1,32)     0.465285     -857.206
ln_rec_devs(1,33)      0.39314     -1134.66
ln_rec_devs(1,34)     0.246078     -1071.78
ln_rec_devs(1,35)    0.0662479     -834.236
ln_rec_devs(1,36)    0.0839955     -696.814
ln_rec_devs(1,37)     0.128424     -544.565
ln_rec_devs(1,38)     0.171676     -419.537
ln_rec_devs(1,39)     0.148541     -349.458
ln_rec_devs(1,40)     0.185698     -393.364
ln_rec_devs(1,41)     0.336138     -561.425
ln_rec_devs(1,42)     0.467527     -770.086
ln_rec_devs(1,43)      0.36022     -765.474
ln_rec_devs(1,44)     0.244118     -675.393
ln_rec_devs(1,45)     0.263999     -603.901
ln_rec_devs(1,46)     0.239223     -462.828
ln_rec_devs(1,47)     0.160941     -324.713
ln_rec_devs(1,48)    0.0577943     -257.805
ln_rec_devs(1,49)     0.174223     -337.545
ln_rec_devs(1,50)     0.452718     -623.276
ln_rec_devs(1,51)     0.511468     -940.039
ln_rec_devs(1,52)     0.427216     -1153.57
ln_rec_devs(1,53)     0.382059     -1350.52
ln_rec_devs(1,54)     0.388919     -1535.28
ln_rec_devs(1,55)     0.285155     -1461.18
ln_rec_devs(1,56)      0.14986     -1287.76
ln_rec_devs(1,57)    0.0293721     -1118.41
ln_rec_devs(1,58)   -0.0174847     -1023.13
ln_rec_devs(1,59)    0.0411208     -1015.83
ln_rec_devs(1,60)    0.0205226     -900.488
ln_rec_devs(1,61)  -0.00455741     -756.989
ln_rec_devs(1,62)    0.0819805     -655.478
ln_rec_devs(1,63)     0.142894     -481.513
ln_rec_devs(1,64)    0.0579082     -234.926
ln_rec_devs(1,65)    0.0369493     -40.0036
ln_rec_devs(1,66)     0.117008      116.304
ln_rec_devs(1,67)     0.210512      223.014
ln_rec_devs(1,68)     0.319343      260.725
ln_rec_devs(1,69)     0.468897      241.969
ln_rec_devs(1,70)     0.577465      178.188
ln_rec_devs(1,71)     0.579993      122.886
ln_rec_devs(1,72)     0.670421      166.472
ln_rec_devs(1,73)     0.625136      267.049
ln_rec_devs(1,74)      0.47941      339.621
ln_rec_devs(1,75)     0.307173      343.299
ln_rec_devs(1,76)      0.29271      330.165
ln_rec_devs(1,77)     0.361342      260.088
ln_rec_devs(1,78)     0.366647      83.5882
ln_rec_devs(1,79)     0.347607     -136.385
ln_rec_devs(1,80)     0.441669     -354.652
ln_rec_devs(1,81)     0.582844     -532.091
ln_rec_devs(1,82)     0.457228     -461.713
ln_rec_devs(1,83)     0.280319      -296.47
ln_rec_devs(1,84)     0.240641     -147.501
ln_rec_devs(1,85)     0.283094      4.91953
ln_rec_devs(1,86)     0.351161      156.398
ln_rec_devs(1,87)     0.296824      253.873
ln_rec_devs(1,88)     0.352518      348.698
ln_rec_devs(1,89)      0.45338      451.668
ln_rec_devs(1,90)     0.437362      477.976
ln_rec_devs(1,91)     0.493503      498.768
ln_rec_devs(1,92)     0.588497      495.042
ln_rec_devs(1,93)     0.618068      419.661
ln_rec_devs(1,94)     0.584376      310.475
ln_rec_devs(1,95)     0.602013      251.024
ln_rec_devs(1,96)     0.524503      232.699
ln_rec_devs(1,97)     0.401839      265.175
ln_rec_devs(1,98)     0.328169      340.705
ln_rec_devs(1,99)     0.210577      387.571
ln_rec_devs(1,100)     0.116476      401.878
ln_rec_devs(1,101)     0.173582      443.052
ln_rec_devs(1,102)      0.44714      589.031
ln_rec_devs(1,103)      0.48295      645.943
ln_rec_devs(1,104)      0.36535      672.976
ln_rec_devs(1,105)      0.29184      802.275
ln_rec_devs(1,106)     0.186731       935.22
ln_rec_devs(1,107)     0.159738      1107.31
ln_rec_devs(1,108)     0.283876      1385.03
ln_rec_devs(1,109)     0.395142      1547.73
ln_rec_devs(1,110)     0.458234      1484.48
ln_rec_devs(1,111)     0.549397      1315.29
ln_rec_devs(1,112)     0.621363       1042.6
ln_rec_devs(1,113)     0.603737      698.588
ln_rec_devs(1,114)     0.488878      381.584
ln_rec_devs(1,115)     0.364432      166.977
ln_rec_devs(1,116)     0.277881      45.7008
ln_rec_devs(1,117)     0.284846     -9.05769
ln_rec_devs(1,118)     0.282184     -6.07311
ln_rec_devs(1,119)     0.230051      59.6166
ln_rec_devs(1,120)     0.195109       173.17
ln_rec_devs(1,121)    0.0988794      294.197
ln_rec_devs(1,122)  -0.00200922      403.567
ln_rec_devs(1,123)   0.00947711      549.729
ln_rec_devs(1,124)     0.141326      787.617
ln_rec_devs(1,125)     0.253176      1074.03
ln_rec_devs(1,126)     0.381206      1465.37
ln_rec_devs(1,127)     0.358434      1669.17
ln_rec_devs(1,128)     0.326224      1795.87
ln_rec_devs(1,129)      0.38502      1981.56
ln_rec_devs(1,130)     0.330179      1811.04
ln_rec_devs(1,131)     0.396564      1706.88
ln_rec_devs(1,132)     0.458913      1443.09
ln_rec_devs(1,133)     0.551597      1146.93
ln_rec_devs(1,134)     0.642878      881.328
ln_rec_devs(1,135)      0.69599      726.332
ln_rec_devs(1,136)     0.573631       624.01
ln_rec_devs(1,137)      0.49198      645.449
ln_rec_devs(1,138)     0.442524      683.832
ln_rec_devs(1,139)     0.433527      685.151
ln_rec_devs(1,140)     0.558227      694.983
ln_rec_devs(1,141)     0.620524       554.32
ln_rec_devs(1,142)     0.579832      287.951
ln_rec_devs(1,143)     0.451155      75.3925
ln_rec_devs(1,144)     0.320905     -6.88681
ln_rec_devs(1,145)     0.266936     -17.5862
ln_rec_devs(1,146)     0.156715     -9.17122
ln_rec_devs(1,147)      0.04945     -1.42167
ln_rec_devs(1,148)   -0.0965846    -0.510812
ln_rec_devs(1,149)   -0.0808322    -0.525243
ln_rec_devs(1,150)   -0.0222597    -0.592464
log_sel_beta1(1,1)    0.0273581      2555.49
log_sel_beta1(1,2)     0.297139      6432.63
log_sel_beta1(1,3)    -0.208834     -920.636
log_sel_beta1(1,4)     -0.35586     -5796.93
log_sel_beta1(1,5)     0.087269      3117.28
log_sel_beta1(1,6)     -0.19283     -18108.6
log_sel_beta1(1,7)    -0.206146      -1811.8
log_sel_beta2(1,1)      2.13565      3624.48
log_sel_beta2(1,2)      2.05427      11255.4
log_sel_beta2(1,3)      2.17238     -4449.26
log_sel_beta2(1,4)      2.24593     -9701.02
log_sel_beta2(1,5)      1.77232       6973.7
log_sel_beta2(1,6)      2.21959     -20366.1
log_sel_beta2(1,7)      2.09002     -5101.71
log_sel_beta3(1,1)    -0.920461      1260.33
log_sel_beta3(1,2)    -0.841075      2875.84
log_sel_beta3(1,3)         -0.7 2.95356e-008
log_sel_beta3(1,4)     -1.06244       669.11
log_sel_beta3(1,5)    -0.865209      1792.14
log_sel_beta3(1,6)     -1.31772     -4148.93
log_sel_beta3(1,7)    -0.616824      563.921
log_sel_beta4(1,1)      1.00458     -112.385
log_sel_beta4(1,2)     0.995081     -485.386
log_sel_beta4(1,3)            1 2.26725e-007
log_sel_beta4(1,4)      1.22787     -967.061
log_sel_beta4(1,5)      0.98333      76.3342
log_sel_beta4(1,6)      1.15453        16.29
log_sel_beta4(1,7)     0.945897     -690.086
ln_q(1,1)          -15   -0.0210012
ln_F(1,1)     -6.69361     -259.109
ln_F(1,2)     -8.56992      -305.71
ln_F(1,3)     -7.04237      24.4196
ln_F(1,4)     -8.16785     -191.762
ln_F(1,5)     -7.13875     -280.148
ln_F(1,6)     -14.0261     -392.822
ln_F(1,7)     -6.38834      64.0411
ln_F(2,1)      -6.2892     -210.873
ln_F(2,2)     -8.78491     -191.223
ln_F(2,3)     -7.17567      26.6076
ln_F(2,4)      -7.9135     -161.409
ln_F(2,5)     -5.96482     -347.881
ln_F(2,6)     -10.9249     -614.863
ln_F(2,7)     -5.99741      49.1833
ln_F(3,1)     -6.47347     -189.523
ln_F(3,2)     -8.04246     -69.2076
ln_F(3,3)     -6.68106      22.4477
ln_F(3,4)     -7.85545     -178.764
ln_F(3,5)     -6.27395     -451.985
ln_F(3,6)     -8.80961     -189.813
ln_F(3,7)     -6.37935     -5.08834
ln_F(4,1)     -6.67983     -159.297
ln_F(4,2)     -8.37367      51.0633
ln_F(4,3)     -7.00948      17.5023
ln_F(4,4)     -6.45428     -229.614
ln_F(4,5)     -6.29677      -549.14
ln_F(4,6)      -11.433      185.939
ln_F(4,7)     -5.68084     -66.0895
ln_F(5,1)     -6.65535      -140.69
ln_F(5,2)     -8.45808      125.185
ln_F(5,3)     -7.05428      3.23022
ln_F(5,4)     -6.14939     -293.626
ln_F(5,5)     -7.24115     -631.442
ln_F(5,6)     -10.9629      545.097
ln_F(5,7)     -6.32604     -182.321
ln_F(6,1)     -6.07695     -172.465
ln_F(6,2)     -8.28709      106.244
ln_F(6,3)     -6.81777     -24.7939
ln_F(6,4)     -5.20078     -413.022
ln_F(6,5)     -9.75166     -573.809
ln_F(6,6)     -11.4488      896.488
ln_F(6,7)     -5.72576     -322.593
ln_F(7,1)     -5.95085     -140.837
ln_F(7,2)     -8.10103       141.81
ln_F(7,3)     -7.14852     -16.0615
ln_F(7,4)     -6.63738     -458.153
ln_F(7,5)     -6.99108     -778.106
ln_F(7,6)     -10.0212       1144.6
ln_F(7,7)     -6.00238     -361.333
ln_F(8,1)     -6.68774     -181.486
ln_F(8,2)      -7.8191      125.517
ln_F(8,3)     -7.04634      -12.039
ln_F(8,4)     -5.83564     -537.638
ln_F(8,5)     -5.94426     -788.234
ln_F(8,6)     -10.6865       1378.5
ln_F(8,7)     -5.27423     -443.686
ln_F(9,1)     -6.80583       -212.4
ln_F(9,2)     -7.81395      90.6448
ln_F(9,3)      -7.0272     -6.95233
ln_F(9,4)     -6.07684     -595.866
ln_F(9,5)     -6.60969      -634.49
ln_F(9,6)     -10.1793      1358.19
ln_F(9,7)     -5.27321     -492.779
ln_F(10,1)     -5.18588     -355.759
ln_F(10,2)     -7.75366      -98.572
ln_F(10,3)     -6.99427      -53.446
ln_F(10,4)     -4.75575     -768.932
ln_F(10,5)     -10.3806     -194.244
ln_F(10,6)     -10.8265      1292.45
ln_F(10,7)     -5.16106     -665.455
ln_F(11,1)     -5.92723      -199.94
ln_F(11,2)     -7.59209     -46.2786
ln_F(11,3)     -7.14377      10.8796
ln_F(11,4)     -6.61276     -613.225
ln_F(11,5)     -7.53657      10.3599
ln_F(11,6)     -9.68202      1146.89
ln_F(11,7)     -5.50137     -378.038
ln_F(12,1)     -6.20766     -143.725
ln_F(12,2)     -7.45839     -89.2305
ln_F(12,3)     -6.88714      38.4238
ln_F(12,4)      -5.3494      -541.65
ln_F(12,5)     -5.95375      212.188
ln_F(12,6)     -9.37074      911.538
ln_F(12,7)     -5.21354     -168.184
ln_F(13,1)     -6.44771     -1.77971
ln_F(13,2)     -7.75628      9.33178
ln_F(13,3)     -6.79892      94.1755
ln_F(13,4)     -5.41026     -381.021
ln_F(13,5)     -7.19243      347.844
ln_F(13,6)     -12.1745      510.576
ln_F(13,7)     -4.81386      94.0266
ln_F(14,1)     -4.94512      44.8291
ln_F(14,2)     -7.66657      121.717
ln_F(14,3)     -6.70827      161.943
ln_F(14,4)     -4.61878     -286.991
ln_F(14,5)     -8.37343      360.563
ln_F(14,6)     -12.6533     -120.878
ln_F(14,7)     -5.35897      318.598
ln_F(15,1)     -5.98852      273.873
ln_F(15,2)     -7.65728      251.529
ln_F(15,3)     -6.62384      240.799
ln_F(15,4)     -5.98955      73.9308
ln_F(15,5)     -6.69328      311.134
ln_F(15,6)     -9.68747     -0.09325
ln_F(15,7)     -5.45961      474.712
ln_F(16,1)     -6.36639      330.665
ln_F(16,2)     -7.91042      250.726
ln_F(16,3)     -6.50342      306.206
ln_F(16,4)     -5.38811      190.374
ln_F(16,5)     -6.25023       196.62
ln_F(16,6)     -8.16745      128.504
ln_F(16,7)     -5.80016      516.805
ln_F(17,1)     -6.32113      317.811
ln_F(17,2)     -8.18553      244.203
ln_F(17,3)     -6.25052      347.366
ln_F(17,4)     -6.07003      320.124
ln_F(17,5)     -6.92655      116.626
ln_F(17,6)     -8.96745      130.293
ln_F(17,7)     -5.26278      446.004
ln_F(18,1)     -6.03481      264.117
ln_F(18,2)     -8.18009       230.16
ln_F(18,3)     -6.48945      393.497
ln_F(18,4)     -4.31561      227.401
ln_F(18,5)     -8.61189      57.7938
ln_F(18,6)     -10.5986      115.127
ln_F(18,7)     -5.70755      386.631
ln_F(19,1)     -5.87091      246.632
ln_F(19,2)     -8.12817      316.553
ln_F(19,3)     -5.98581      391.334
ln_F(19,4)      -5.4233      284.092
ln_F(19,5)     -5.34211     -86.4481
ln_F(19,6)     -7.52171      510.918
ln_F(19,7)      -5.7711      283.283
ln_F(20,1)      -7.1536      242.399
ln_F(20,2)     -8.04944      340.366
ln_F(20,3)     -6.46725      390.035
ln_F(20,4)     -4.98678      191.762
ln_F(20,5)     -6.24666     -95.1983
ln_F(20,6)     -5.71812      623.162
ln_F(20,7)     -5.91261      196.054
ln_F(21,1)     -6.84059      192.927
ln_F(21,2)     -8.12217      234.633
ln_F(21,3)      -6.4821      389.339
ln_F(21,4)     -4.09344     -33.8977
ln_F(21,5)     -6.29704     -175.357
ln_F(21,6)     -6.33611      824.248
ln_F(21,7)     -5.84199       95.055
ln_F(22,1)     -6.43955      90.6772
ln_F(22,2)      -8.0438      69.0886
ln_F(22,3)     -6.52788      365.269
ln_F(22,4)     -3.98197     -129.758
ln_F(22,5)     -9.12534     -206.422
ln_F(22,6)     -7.43189      894.389
ln_F(22,7)     -5.36119    -0.906268
ln_F(23,1)     -6.57812      72.1735
ln_F(23,2)     -7.90292      83.2043
ln_F(23,3)     -6.45339      355.951
ln_F(23,4)     -4.92844      13.7883
ln_F(23,5)     -5.76861     -326.547
ln_F(23,6)     -5.85496      823.588
ln_F(23,7)     -5.85688      33.3513
ln_F(24,1)     -7.06485     -23.1454
ln_F(24,2)     -7.58949      8.52931
ln_F(24,3)     -6.47394      320.668
ln_F(24,4)     -4.28401     -72.7098
ln_F(24,5)      -6.5908      -344.91
ln_F(24,6)     -5.19649      695.053
ln_F(24,7)     -5.66046     -66.7653
ln_F(25,1)     -6.73462     -123.692
ln_F(25,2)     -7.62536     -92.8126
ln_F(25,3)     -6.70047      281.944
ln_F(25,4)     -3.97399         -183
ln_F(25,5)     -7.67594     -317.486
ln_F(25,6)       -5.633      621.037
ln_F(25,7)     -5.18095     -210.709
ln_F(26,1)     -6.09117     -129.277
ln_F(26,2)     -7.52414     -110.428
ln_F(26,3)     -7.03019      254.018
ln_F(26,4)     -4.16655      -182.33
ln_F(26,5)     -8.59202     -177.879
ln_F(26,6)     -4.68721      594.253
ln_F(26,7)     -5.35122     -210.597
ln_F(27,1)     -6.05685     -82.7903
ln_F(27,2)       -7.254     -119.109
ln_F(27,3)     -6.70888      210.016
ln_F(27,4)     -4.08873     -170.118
ln_F(27,5)     -5.10368    -0.589767
ln_F(27,6)     -3.32064      566.699
ln_F(27,7)     -5.62502      -106.38
ln_F(28,1)     -6.80071     -58.7996
ln_F(28,2)      -7.2674     -138.014
ln_F(28,3)     -6.35712      215.073
ln_F(28,4)     -5.12419      -90.522
ln_F(28,5)     -6.11144      34.6771
ln_F(28,6)     -4.18315      484.112
ln_F(28,7)      -5.6094      49.2481
ln_F(29,1)      -6.5753     -70.4455
ln_F(29,2)     -6.96061     -146.816
ln_F(29,3)     -6.55705      208.648
ln_F(29,4)     -5.33704     -90.1915
ln_F(29,5)     -6.67522      5.15768
ln_F(29,6)     -4.83087      279.608
ln_F(29,7)     -5.46777      131.853
ln_F(30,1)     -5.88735     -46.0046
ln_F(30,2)     -7.21595     -111.805
ln_F(30,3)     -6.43411      217.802
ln_F(30,4)     -4.56932     -104.555
ln_F(30,5)     -7.93153      23.9377
ln_F(30,6)     -4.03762      75.7616
ln_F(30,7)     -4.40718      156.657
ln_F(31,1)     -6.22382      25.6722
ln_F(31,2)     -7.29159     -26.1476
ln_F(31,3)      -6.1331       190.23
ln_F(31,4)      -5.1265      -3.4668
ln_F(31,5)      -6.7142      99.2465
ln_F(31,6)     -3.27653     -67.7954
ln_F(31,7)     -5.06601      283.655
ln_F(32,1)     -7.33976      34.1913
ln_F(32,2)     -7.26788      4.18611
ln_F(32,3)     -5.71978      225.355
ln_F(32,4)     -4.83812      11.2267
ln_F(32,5)     -6.35814      41.3985
ln_F(32,6)     -4.27109      38.5271
ln_F(32,7)     -5.30761      217.302
ln_F(33,1)     -7.18531      63.3124
ln_F(33,2)     -7.38646      93.6766
ln_F(33,3)     -5.95505      234.579
ln_F(33,4)     -6.15107      93.1837
ln_F(33,5)     -9.44779      128.798
ln_F(33,6)     -4.63796      192.647
ln_F(33,7)     -5.34791      179.899
ln_F(34,1)     -7.03973      132.334
ln_F(34,2)     -7.36196       232.12
ln_F(34,3)     -6.47706      269.524
ln_F(34,4)     -6.05328      131.662
ln_F(34,5)     -9.96269      150.515
ln_F(34,6)     -4.65255      451.612
ln_F(34,7)     -4.76756      115.732
ln_F(35,1)     -6.76838      242.573
ln_F(35,2)     -7.40235          413
ln_F(35,3)     -5.80276      288.846
ln_F(35,4)     -5.45906      164.499
ln_F(35,5)     -6.71327      146.355
ln_F(35,6)     -4.52724      677.615
ln_F(35,7)     -5.45217      145.649
ln_F(36,1)     -7.50704      306.953
ln_F(36,2)     -6.91046      457.295
ln_F(36,3)     -5.75794       301.77
ln_F(36,4)     -5.00572      130.524
ln_F(36,5)     -6.33146      108.023
ln_F(36,6)     -4.61902      907.887
ln_F(36,7)     -4.79326      37.7441
ln_F(37,1)     -6.31695      324.622
ln_F(37,2)     -6.94353      371.699
ln_F(37,3)     -6.35772       333.64
ln_F(37,4)     -5.44458      182.753
ln_F(37,5)     -6.66041      24.1687
ln_F(37,6)     -4.62305      999.641
ln_F(37,7)     -4.85838      78.3342
ln_F(38,1)     -6.66274      254.647
ln_F(38,2)     -7.02927      111.049
ln_F(38,3)     -6.44169      323.367
ln_F(38,4)     -4.95297      134.668
ln_F(38,5)     -9.41957     -144.949
ln_F(38,6)     -4.10775      826.792
ln_F(38,7)     -4.57027      124.909
ln_F(39,1)      -6.5335      92.5745
ln_F(39,2)     -7.28902     -150.194
ln_F(39,3)      -5.4452      292.271
ln_F(39,4)     -5.59549      135.298
ln_F(39,5)     -7.06192      -361.68
ln_F(39,6)     -4.36247      545.177
ln_F(39,7)     -4.95577      189.472
ln_F(40,1)     -6.71396     -124.528
ln_F(40,2)      -6.6561     -370.311
ln_F(40,3)     -5.53575      253.228
ln_F(40,4)     -4.81246      49.3826
ln_F(40,5)     -6.24565     -528.798
ln_F(40,6)     -4.07724      206.592
ln_F(40,7)     -4.82593      118.504
ln_F(41,1)     -6.28526     -307.971
ln_F(41,2)     -7.13604     -472.571
ln_F(41,3)     -5.78991      184.189
ln_F(41,4)     -5.85204     -98.6608
ln_F(41,5)     -8.70821      -597.96
ln_F(41,6)     -4.34085     -105.371
ln_F(41,7)     -5.02494     -61.4539
ln_F(42,1)     -5.92172     -389.247
ln_F(42,2)     -7.21944     -467.084
ln_F(42,3)     -6.07312      100.889
ln_F(42,4)     -5.04581     -140.836
ln_F(42,5)     -8.99702     -481.657
ln_F(42,6)     -3.68687      56.4858
ln_F(42,7)     -4.74399     -176.616
ln_F(43,1)     -5.95499     -361.773
ln_F(43,2)     -6.67551     -353.813
ln_F(43,3)     -5.62096      61.9894
ln_F(43,4)     -5.45897     -186.219
ln_F(43,5)     -7.28854     -301.297
ln_F(43,6)     -3.27953      329.169
ln_F(43,7)     -4.88489     -254.947
ln_F(44,1)      -5.7534     -313.252
ln_F(44,2)      -6.6906     -283.365
ln_F(44,3)     -5.49965      42.1375
ln_F(44,4)     -4.82707     -177.164
ln_F(44,5)     -6.82159     -152.349
ln_F(44,6)     -3.61195      426.887
ln_F(44,7)      -4.9561     -276.321
ln_F(45,1)     -5.99553     -256.503
ln_F(45,2)     -7.08857     -209.706
ln_F(45,3)     -5.93229      7.99644
ln_F(45,4)     -4.97847     -198.198
ln_F(45,5)     -8.16612     -71.3062
ln_F(45,6)     -4.12302      515.842
ln_F(45,7)     -5.30275     -210.775
ln_F(46,1)     -5.37578     -152.312
ln_F(46,2)     -7.05822     -103.579
ln_F(46,3)     -6.08634      8.52995
ln_F(46,4)     -4.89139     -168.078
ln_F(46,5)      -8.3399     -11.2308
ln_F(46,6)      -3.8994      555.191
ln_F(46,7)     -4.91278     -89.3927
ln_F(47,1)      -5.3915      -68.989
ln_F(47,2)     -6.27582     -76.8545
ln_F(47,3)     -4.80004      14.9302
ln_F(47,4)     -5.10633     -107.278
ln_F(47,5)     -5.92654     -34.2058
ln_F(47,6)     -3.87023      553.525
ln_F(47,7)     -4.24357     -26.0555
ln_F(48,1)      -6.0294      31.7397
ln_F(48,2)     -5.91515     -76.8074
ln_F(48,3)     -4.46499      15.7082
ln_F(48,4)     -6.00731       5.2667
ln_F(48,5)     -6.24454     -27.4639
ln_F(48,6)      -3.2297      407.154
ln_F(48,7)     -4.77793      146.551
ln_F(49,1)     -5.97898     -48.6368
ln_F(49,2)     -6.77281     -214.569
ln_F(49,3)      -5.7115      45.8094
ln_F(49,4)     -6.49743     -9.51904
ln_F(49,5)     -7.70319     -220.606
ln_F(49,6)     -4.04098      154.861
ln_F(49,7)     -5.20433      123.241
ln_F(50,1)     -5.58833     -107.319
ln_F(50,2)     -7.83843     -301.133
ln_F(50,3)     -5.28107      38.3709
ln_F(50,4)      -6.1053     -15.2509
ln_F(50,5)      -6.0306     -302.898
ln_F(50,6)     -3.54538      77.3365
ln_F(50,7)     -4.84211      135.321
ln_F(51,1)     -5.68377     -160.617
ln_F(51,2)      -6.4199     -287.362
ln_F(51,3)     -5.76153      43.2078
ln_F(51,4)     -6.00806     -26.9267
ln_F(51,5)     -4.89354     -320.326
ln_F(51,6)     -3.66346      71.2782
ln_F(51,7)     -4.74953      46.2727
ln_F(52,1)     -6.31241      -260.52
ln_F(52,2)     -6.01723     -336.916
ln_F(52,3)     -4.95723      55.0274
ln_F(52,4)     -6.29548     -61.4121
ln_F(52,5)     -5.54516     -379.831
ln_F(52,6)     -4.31285      43.9334
ln_F(52,7)     -5.01258     -107.665
ln_F(53,1)     -5.83465      -315.23
ln_F(53,2)     -7.32341     -374.066
ln_F(53,3)     -5.69277      7.76195
ln_F(53,4)     -6.53239     -113.028
ln_F(53,5)     -7.20761     -365.176
ln_F(53,6)     -4.69787      125.086
ln_F(53,7)     -5.16236     -211.984
ln_F(54,1)     -5.59419     -223.709
ln_F(54,2)     -8.02931     -209.823
ln_F(54,3)     -5.51724      27.3668
ln_F(54,4)     -6.09992     -69.5195
ln_F(54,5)     -4.63041     -153.898
ln_F(54,6)      -4.0317      456.768
ln_F(54,7)     -4.97957     -196.283
ln_F(55,1)     -5.45482     -180.407
ln_F(55,2)     -7.21572     -106.863
ln_F(55,3)     -6.22623      2.68079
ln_F(55,4)     -6.04944     -73.9995
ln_F(55,5)     -5.53107     -51.3175
ln_F(55,6)      -4.1826      554.156
ln_F(55,7)     -5.18043     -183.392
ln_F(56,1)     -6.47817     -93.6807
ln_F(56,2)     -6.86151     -41.5752
ln_F(56,3)     -5.12616      9.53859
ln_F(56,4)     -6.08713     -43.6901
ln_F(56,5)     -5.41472      24.1169
ln_F(56,6)     -4.31238      646.487
ln_F(56,7)     -4.98622     -117.209
ln_F(57,1)     -5.05024     -50.6395
ln_F(57,2)     -7.29224     -86.5671
ln_F(57,3)     -4.76799     0.308676
ln_F(57,4)     -6.04124     -2.82049
ln_F(57,5)     -6.81127      41.1095
ln_F(57,6)     -4.23479      612.111
ln_F(57,7)     -5.06687      26.9727
ln_F(58,1)     -5.60503     -9.33578
ln_F(58,2)     -7.50131     -130.235
ln_F(58,3)     -4.82572      23.3595
ln_F(58,4)     -5.87015      9.38349
ln_F(58,5)     -5.20702     -99.7108
ln_F(58,6)      -4.0966      462.822
ln_F(58,7)     -4.86907        144.3
ln_F(59,1)     -5.23638     -48.9136
ln_F(59,2)     -5.69341     -177.194
ln_F(59,3)     -4.69537      37.2449
ln_F(59,4)     -5.87027     -14.2961
ln_F(59,5)     -5.31266     -257.866
ln_F(59,6)     -4.11014      218.511
ln_F(59,7)     -4.90105      172.934
ln_F(60,1)     -6.57407     -127.643
ln_F(60,2)     -5.71677     -242.698
ln_F(60,3)     -4.30073      66.1253
ln_F(60,4)     -5.74539      -48.876
ln_F(60,5)       -5.838     -416.944
ln_F(60,6)     -3.88915      6.68925
ln_F(60,7)     -4.67235      131.679
ln_F(61,1)     -5.30605     -224.983
ln_F(61,2)     -6.87328      -390.41
ln_F(61,3)     -3.76288      169.234
ln_F(61,4)     -5.94286     -101.589
ln_F(61,5)     -5.83572      -568.86
ln_F(61,6)     -4.77987      -111.82
ln_F(61,7)     -4.79763     -26.2299
ln_F(62,1)     -5.68538     -294.591
ln_F(62,2)     -7.53425     -413.934
ln_F(62,3)     -4.14127      140.188
ln_F(62,4)     -5.62332     -160.397
ln_F(62,5)     -4.82445     -531.786
ln_F(62,6)     -3.95284      65.1232
ln_F(62,7)      -4.6424     -99.5034
ln_F(63,1)     -4.98388      -309.99
ln_F(63,2)     -5.74951     -342.569
ln_F(63,3)     -4.39643      95.1243
ln_F(63,4)     -5.46711     -231.173
ln_F(63,5)     -4.45416     -499.027
ln_F(63,6)     -4.02989      244.481
ln_F(63,7)     -4.63918     -224.903
ln_F(64,1)     -5.35295     -317.238
ln_F(64,2)     -6.21011     -249.085
ln_F(64,3)     -4.55887      48.1658
ln_F(64,4)      -5.0892     -267.847
ln_F(64,5)     -4.06113     -422.096
ln_F(64,6)     -3.63236      523.132
ln_F(64,7)     -4.33342     -275.561
ln_F(65,1)     -4.36851     -276.874
ln_F(65,2)     -6.62974     -234.416
ln_F(65,3)     -4.63608      26.9322
ln_F(65,4)     -5.47912     -361.051
ln_F(65,5)     -4.06928      -455.28
ln_F(65,6)     -4.28421       631.48
ln_F(65,7)     -4.47448      -402.63
ln_F(66,1)     -4.89862     -267.687
ln_F(66,2)     -6.30339     -186.145
ln_F(66,3)     -4.96813     -33.0796
ln_F(66,4)     -5.26065     -380.555
ln_F(66,5)     -3.95975     -404.797
ln_F(66,6)     -3.52995      849.704
ln_F(66,7)      -4.0965     -355.996
ln_F(67,1)     -4.29062     -256.215
ln_F(67,2)     -5.88526     -261.152
ln_F(67,3)     -4.74896     -51.7572
ln_F(67,4)     -5.07351     -390.917
ln_F(67,5)     -4.46831     -409.037
ln_F(67,6)     -3.65725      823.869
ln_F(67,7)     -4.35796     -361.272
ln_F(68,1)     -5.63019     -247.035
ln_F(68,2)     -5.04352      -237.85
ln_F(68,3)     -5.00468     -85.0194
ln_F(68,4)     -5.27745     -369.276
ln_F(68,5)     -3.84193     -279.219
ln_F(68,6)     -3.16336      887.606
ln_F(68,7)     -4.18387     -278.304
ln_F(69,1)     -4.05667     -179.709
ln_F(69,2)     -5.82316      -377.16
ln_F(69,3)     -4.90106     -77.7408
ln_F(69,4)     -5.49398     -299.937
ln_F(69,5)     -4.33208      -213.71
ln_F(69,6)     -3.11828      786.858
ln_F(69,7)      -4.1528     -194.897
ln_F(70,1)     -4.85268     -241.344
ln_F(70,2)     -6.90995     -472.995
ln_F(70,3)     -5.31302     -82.8874
ln_F(70,4)     -5.29128      -214.18
ln_F(70,5)      -4.1337     -148.433
ln_F(70,6)     -3.10042      657.404
ln_F(70,7)     -3.79286       -111.2
ln_F(71,1)     -4.48471     -193.326
ln_F(71,2)     -6.03596     -445.046
ln_F(71,3)     -4.50691      5.60194
ln_F(71,4)      -5.2802     -53.2084
ln_F(71,5)     -4.01151      -47.133
ln_F(71,6)      -3.3209      569.204
ln_F(71,7)     -4.07922     -127.768
ln_F(72,1)     -5.83464     -218.524
ln_F(72,2)     -5.64327      -424.62
ln_F(72,3)     -4.30509      18.2781
ln_F(72,4)     -5.17706      46.6743
ln_F(72,5)      -4.2046     -21.3116
ln_F(72,6)     -3.74334      476.002
ln_F(72,7)     -4.07918     -155.723
ln_F(73,1)     -4.22755     -208.822
ln_F(73,2)     -6.30218     -415.783
ln_F(73,3)     -4.68628      3.04651
ln_F(73,4)     -5.51845       128.94
ln_F(73,5)     -4.55541      29.2862
ln_F(73,6)     -3.88905      498.207
ln_F(73,7)     -4.23229     -202.334
ln_F(74,1)     -4.92844     -50.1024
ln_F(74,2)     -6.79369     -322.691
ln_F(74,3)     -5.24704      29.2346
ln_F(74,4)     -5.18235      293.943
ln_F(74,5)     -4.56235      180.035
ln_F(74,6)      -2.7049      356.578
ln_F(74,7)     -4.06811     -79.7336
ln_F(75,1)     -4.38221      45.0914
ln_F(75,2)     -5.58086     -304.085
ln_F(75,3)       -4.529      25.5018
ln_F(75,4)      -5.0468      446.523
ln_F(75,5)     -4.65231       255.18
ln_F(75,6)     -2.42291      319.243
ln_F(75,7)     -4.21802      55.5742
ln_F(76,1)     -5.93581      68.2252
ln_F(76,2)     -5.31972     -355.514
ln_F(76,3)     -4.58239      21.3417
ln_F(76,4)     -5.09156      474.192
ln_F(76,5)     -5.09004      189.176
ln_F(76,6)     -2.82321      226.707
ln_F(76,7)     -4.20304      183.484
ln_F(77,1)     -4.63687     -28.7535
ln_F(77,2)     -6.36736     -424.516
ln_F(77,3)      -5.5561      74.3111
ln_F(77,4)     -5.38215       441.21
ln_F(77,5)     -5.43282      62.9349
ln_F(77,6)     -3.24531      19.3701
ln_F(77,7)     -4.36833      225.173
ln_F(78,1)     -5.49562     -40.2028
ln_F(78,2)     -6.60243     -464.617
ln_F(78,3)     -5.08368      39.0312
ln_F(78,4)     -5.18289      430.469
ln_F(78,5)     -4.91334      3.99281
ln_F(78,6)     -2.82655     -185.563
ln_F(78,7)     -4.30987      294.338
ln_F(79,1)      -4.4365     -69.5262
ln_F(79,2)     -4.98473     -501.265
ln_F(79,3)     -4.29334     -7.16473
ln_F(79,4)     -4.96517      423.557
ln_F(79,5)      -4.8532      19.4316
ln_F(79,6)     -2.57792     -196.057
ln_F(79,7)     -4.39562      306.605
ln_F(80,1)     -5.57074      -196.62
ln_F(80,2)     -5.80638     -524.365
ln_F(80,3)     -4.38564      9.54135
ln_F(80,4)      -5.1776      302.642
ln_F(80,5)     -4.53699     -84.8062
ln_F(80,6)     -3.41258     -269.506
ln_F(80,7)     -4.58132      208.589
ln_F(81,1)     -4.47314     -219.169
ln_F(81,2)     -6.42679     -411.131
ln_F(81,3)     -5.11945      22.9195
ln_F(81,4)     -5.47943      233.335
ln_F(81,5)     -5.00954     -126.857
ln_F(81,6)     -3.68589      -235.17
ln_F(81,7)     -4.63054      121.879
ln_F(82,1)      -5.5629     -172.604
ln_F(82,2)      -7.3188     -204.667
ln_F(82,3)     -5.73436      33.8818
ln_F(82,4)     -5.39619      187.448
ln_F(82,5)     -4.91464     -127.266
ln_F(82,6)     -3.65691     -80.9788
ln_F(82,7)     -4.62094      35.2538
ln_F(83,1)     -5.14517     -98.5407
ln_F(83,2)      -5.7967     -40.6468
ln_F(83,3)     -4.70859      7.00324
ln_F(83,4)     -5.40021      168.087
ln_F(83,5)     -4.33772     -134.836
ln_F(83,6)     -3.67173      243.462
ln_F(83,7)     -4.71974     -62.4286
ln_F(84,1)      -5.6485      8.65664
ln_F(84,2)     -5.41975      34.3514
ln_F(84,3)     -4.60724     -31.4547
ln_F(84,4)     -5.11375      165.468
ln_F(84,5)     -5.01648     -64.1102
ln_F(84,6)      -3.2517      410.787
ln_F(84,7)     -4.43149     -51.5389
ln_F(85,1)     -4.49198      18.9209
ln_F(85,2)     -5.98481      56.7489
ln_F(85,3)      -5.2805     -18.3838
ln_F(85,4)     -5.22632      162.311
ln_F(85,5)     -5.60684      -56.868
ln_F(85,6)     -3.08472      553.312
ln_F(85,7)     -4.51133     -4.18365
ln_F(86,1)     -5.19556      64.9796
ln_F(86,2)      -6.1831     -17.0429
ln_F(86,3)     -5.28805     -119.483
ln_F(86,4)     -4.88784      130.816
ln_F(86,5)     -5.54032     -76.0767
ln_F(86,6)     -2.62449      572.158
ln_F(86,7)     -4.37201      65.7928
ln_F(87,1)     -4.67826      25.1503
ln_F(87,2)     -5.97016     -192.107
ln_F(87,3)     -4.53069     -150.696
ln_F(87,4)     -4.83509      136.657
ln_F(87,5)     -5.50436     -125.567
ln_F(87,6)     -2.64751      597.323
ln_F(87,7)     -4.49522      99.1906
ln_F(88,1)     -5.86004     -121.411
ln_F(88,2)     -5.88563     -400.736
ln_F(88,3)     -4.73119     -57.3113
ln_F(88,4)     -5.25215      78.5493
ln_F(88,5)     -5.91967     -277.969
ln_F(88,6)     -3.56983      347.653
ln_F(88,7)     -4.53832      66.6362
ln_F(89,1)     -4.84705     -199.609
ln_F(89,2)     -6.48808     -480.502
ln_F(89,3)     -4.99302     -59.1677
ln_F(89,4)     -5.40082      26.7993
ln_F(89,5)     -5.04841     -282.111
ln_F(89,6)     -3.43983      190.521
ln_F(89,7)     -4.62322      36.6892
ln_F(90,1)     -4.78969     -207.978
ln_F(90,2)     -7.17463     -403.002
ln_F(90,3)       -5.267     -132.327
ln_F(90,4)     -4.81949      17.0901
ln_F(90,5)     -4.45591     -149.212
ln_F(90,6)     -2.73811      266.369
ln_F(90,7)     -4.34924      20.5954
ln_F(91,1)     -4.31358      -219.88
ln_F(91,2)     -6.06901     -335.288
ln_F(91,3)     -5.26739     -87.4473
ln_F(91,4)     -4.79023    -0.768762
ln_F(91,5)     -5.36112     -192.473
ln_F(91,6)     -3.27531      139.596
ln_F(91,7)     -4.37589     -91.6244
ln_F(92,1)     -6.01656     -207.987
ln_F(92,2)     -5.88382      -276.14
ln_F(92,3)     -4.75334     -78.7052
ln_F(92,4)     -5.18627      10.7384
ln_F(92,5)     -5.17264     -163.689
ln_F(92,6)     -3.49668      214.594
ln_F(92,7)     -4.55613     -136.802
ln_F(93,1)     -4.72975     -193.313
ln_F(93,2)     -6.58025     -267.272
ln_F(93,3)     -5.39221     -74.2567
ln_F(93,4)     -5.37623      30.2663
ln_F(93,5)     -5.55346     -130.558
ln_F(93,6)     -3.60873       370.25
ln_F(93,7)     -4.57634     -141.053
ln_F(94,1)     -5.86416      -84.103
ln_F(94,2)     -7.48018     -175.707
ln_F(94,3)     -5.55345     -62.2539
ln_F(94,4)     -5.18464      101.854
ln_F(94,5)     -4.64865     -53.0417
ln_F(94,6)      -3.2182       450.51
ln_F(94,7)     -4.70074     -57.4585
ln_F(95,1)      -5.0707     -68.5245
ln_F(95,2)     -5.58313     -198.748
ln_F(95,3)     -5.28158      -68.439
ln_F(95,4)     -5.26141      144.009
ln_F(95,5)     -4.91556      13.3064
ln_F(95,6)     -3.20524      518.037
ln_F(95,7)     -4.39726     -21.1318
ln_F(96,1)     -6.11273     -65.8133
ln_F(96,2)     -3.82452      -312.97
ln_F(96,3)     -4.77117     -71.5941
ln_F(96,4)     -4.92971      156.228
ln_F(96,5)     -5.39458      78.3638
ln_F(96,6)     -3.49152      564.414
ln_F(96,7)     -4.43076     -29.8737
ln_F(97,1)     -4.98061     -60.7729
ln_F(97,2)     -4.38248     -290.086
ln_F(97,3)     -5.22838     -20.6468
ln_F(97,4)     -5.39854      198.097
ln_F(97,5)     -4.84685       80.029
ln_F(97,6)     -3.58609      479.047
ln_F(97,7)      -4.6622      21.9062
ln_F(98,1)     -5.12415     -4.54682
ln_F(98,2)     -5.53028     -230.757
ln_F(98,3)     -5.86584     -50.5051
ln_F(98,4)     -4.78901      221.552
ln_F(98,5)     -4.29682      134.768
ln_F(98,6)     -2.71499      274.499
ln_F(98,7)     -4.49319      109.134
ln_F(99,1)     -4.85598       56.432
ln_F(99,2)     -4.15294     -231.316
ln_F(99,3)     -5.03361     -46.0702
ln_F(99,4)     -4.81906      293.048
ln_F(99,5)     -5.21913      195.983
ln_F(99,6)     -2.59616       121.88
ln_F(99,7)     -4.45722       223.01
ln_F(100,1)     -6.11198      56.4019
ln_F(100,2)      -4.3637     -241.635
ln_F(100,3)     -4.85013     -20.4426
ln_F(100,4)     -4.51892      278.175
ln_F(100,5)     -5.38128      78.6252
ln_F(100,6)     -2.86815       27.139
ln_F(100,7)      -4.4669      270.228
ln_F(101,1)     -4.53277     -83.2663
ln_F(101,2)     -4.81366     -311.233
ln_F(101,3)     -5.11848     -2.17029
ln_F(101,4)     -4.83648      196.844
ln_F(101,5)     -5.88666     -123.622
ln_F(101,6)     -3.59371     -53.2149
ln_F(101,7)     -4.61139      197.697
ln_F(102,1)     -4.95899     -55.0707
ln_F(102,2)     -5.26172     -276.594
ln_F(102,3)     -5.44982     -2.23788
ln_F(102,4)     -4.38944      194.296
ln_F(102,5)       -4.429     -193.551
ln_F(102,6)     -2.97264     -52.3897
ln_F(102,7)     -4.49331      201.451
ln_F(103,1)     -4.52082      -126.76
ln_F(103,2)     -3.79839     -303.831
ln_F(103,3)     -5.08993     -78.6969
ln_F(103,4)     -4.29127      144.695
ln_F(103,5)     -4.67795     -180.304
ln_F(103,6)     -2.73603      97.3127
ln_F(103,7)     -4.30742      114.423
ln_F(104,1)     -5.41456     -213.598
ln_F(104,2)     -3.63727     -329.784
ln_F(104,3)     -4.20458     -41.4313
ln_F(104,4)     -4.19767      114.493
ln_F(104,5)     -4.99521     -203.143
ln_F(104,6)     -3.37048      197.134
ln_F(104,7)     -4.25014     -1.13056
ln_F(105,1)     -4.49092     -192.798
ln_F(105,2)     -5.52807     -344.169
ln_F(105,3)     -3.80359     -1.70551
ln_F(105,4)     -4.34249        122.6
ln_F(105,5)     -5.14992     -148.464
ln_F(105,6)     -3.40598       282.35
ln_F(105,7)     -4.47682     -40.5031
ln_F(106,1)     -5.27379       -163.8
ln_F(106,2)     -6.47087     -209.534
ln_F(106,3)     -4.80549     -94.2981
ln_F(106,4)     -4.53948      54.0611
ln_F(106,5)     -4.75898     -66.2667
ln_F(106,6)     -2.83653      361.536
ln_F(106,7)     -3.67495     -83.3878
ln_F(107,1)     -4.60159      -97.349
ln_F(107,2)      -5.1185     -111.055
ln_F(107,3)     -4.21448     -123.225
ln_F(107,4)     -4.06113      35.5179
ln_F(107,5)     -4.46683     -22.1628
ln_F(107,6)     -2.66154      454.235
ln_F(107,7)      -3.5049     -174.979
ln_F(108,1)     -5.44414      12.3983
ln_F(108,2)     -4.74277     -88.8526
ln_F(108,3)     -3.95855     -111.597
ln_F(108,4)     -4.30413      84.0356
ln_F(108,5)     -4.61244     -38.1767
ln_F(108,6)     -3.09127      592.919
ln_F(108,7)     -3.89507     -122.285
ln_F(109,1)     -4.68989     -47.8967
ln_F(109,2)     -5.15591     -241.497
ln_F(109,3)     -4.12334     -81.7099
ln_F(109,4)     -4.32957      77.3333
ln_F(109,5)      -4.8803     -131.148
ln_F(109,6)     -3.50725      623.385
ln_F(109,7)     -4.23171     -43.3615
ln_F(110,1)     -4.83037     -13.4371
ln_F(110,2)     -6.66712     -319.895
ln_F(110,3)     -4.86007     -72.2112
ln_F(110,4)     -4.20905      150.344
ln_F(110,5)      -4.5045     -125.195
ln_F(110,6)       -2.609      403.116
ln_F(110,7)     -3.98352      141.656
ln_F(111,1)     -5.07491      -87.056
ln_F(111,2)     -5.68422     -408.827
ln_F(111,3)     -4.70377     -40.0609
ln_F(111,4)     -4.14283      189.167
ln_F(111,5)     -4.33713     -154.762
ln_F(111,6)      -2.9222      334.732
ln_F(111,7)     -4.26382       148.87
ln_F(112,1)     -5.01968     -157.771
ln_F(112,2)     -5.24659     -466.151
ln_F(112,3)     -4.34479      15.6885
ln_F(112,4)     -4.12014      221.678
ln_F(112,5)     -4.94851     -146.421
ln_F(112,6)     -3.20575      257.608
ln_F(112,7)     -3.54878      83.7113
ln_F(113,1)     -4.53112     -223.744
ln_F(113,2)     -5.57521     -445.285
ln_F(113,3)     -4.86246      49.0597
ln_F(113,4)     -4.27827      188.931
ln_F(113,5)     -4.79844     -99.9582
ln_F(113,6)      -4.1155       215.07
ln_F(113,7)      -4.7777      -113.77
ln_F(114,1)     -4.79844     -103.225
ln_F(114,2)     -6.34787     -306.117
ln_F(114,3)     -4.92675      24.5222
ln_F(114,4)     -3.90822      267.424
ln_F(114,5)     -4.66676      204.733
ln_F(114,6)     -2.55842      172.717
ln_F(114,7)     -4.21518      -82.145
ln_F(115,1)     -3.91155     -5.44793
ln_F(115,2)     -5.51138     -174.303
ln_F(115,3)     -4.44037      47.5788
ln_F(115,4)     -3.70749      360.844
ln_F(115,5)     -4.67483      410.674
ln_F(115,6)     -2.30689      199.078
ln_F(115,7)     -4.19319       11.555
ln_F(116,1)     -5.54552      75.3338
ln_F(116,2)     -5.18152     -200.583
ln_F(116,3)     -4.57998      42.1561
ln_F(116,4)     -4.79453      393.386
ln_F(116,5)     -4.58748      267.109
ln_F(116,6)     -3.58002       618.84
ln_F(116,7)     -3.98735      24.9798
ln_F(117,1)     -5.19668      79.0826
ln_F(117,2)     -4.90719     -209.669
ln_F(117,3)     -5.05105      105.197
ln_F(117,4)     -4.84247      380.684
ln_F(117,5)     -4.71836      180.829
ln_F(117,6)     -4.08419      582.134
ln_F(117,7)     -4.22209       140.74
ln_F(118,1)     -5.35555          201
ln_F(118,2)     -6.01079     -73.0313
ln_F(118,3)     -6.00261      179.197
ln_F(118,4)     -4.85208      461.188
ln_F(118,5)     -4.64312      145.639
ln_F(118,6)     -3.07484      108.618
ln_F(118,7)     -4.22037      339.866
ln_F(119,1)      -5.6114      137.279
ln_F(119,2)     -5.86112      -158.82
ln_F(119,3)     -5.19778      176.994
ln_F(119,4)     -4.93457      414.259
ln_F(119,5)     -4.31788     -63.9207
ln_F(119,6)     -3.61968      97.7924
ln_F(119,7)     -4.31619      321.855
ln_F(120,1)     -5.72941      36.7199
ln_F(120,2)     -5.76601     -245.686
ln_F(120,3)       -4.897      175.718
ln_F(120,4)     -5.02907      355.449
ln_F(120,5)     -4.65597     -185.787
ln_F(120,6)     -3.88636     -20.1474
ln_F(120,7)     -4.38743      275.505
ln_F(121,1)     -5.30886     -52.4932
ln_F(121,2)     -6.20633     -228.352
ln_F(121,3)     -6.07132      198.554
ln_F(121,4)     -5.34138      265.215
ln_F(121,5)     -4.34818     -312.793
ln_F(121,6)     -3.98413     -80.5816
ln_F(121,7)     -5.44955      157.937
ln_F(122,1)     -5.68243     -56.4729
ln_F(122,2)     -6.72672     -136.039
ln_F(122,3)     -6.91097      125.238
ln_F(122,4)     -5.21508      198.266
ln_F(122,5)     -4.02545     -270.625
ln_F(122,6)     -3.10847      47.3436
ln_F(122,7)     -5.30465      73.9465
ln_F(123,1)     -5.68348     -87.1135
ln_F(123,2)      -6.2217     -93.6851
ln_F(123,3)      -5.5039       78.365
ln_F(123,4)     -5.23467      110.609
ln_F(123,5)     -4.36372     -295.738
ln_F(123,6)     -3.09798      194.889
ln_F(123,7)     -5.33651     -24.9527
ln_F(124,1)     -6.58397     -128.732
ln_F(124,2)     -5.28386       -93.87
ln_F(124,3)     -5.64509      52.0455
ln_F(124,4)     -5.37982      8.95989
ln_F(124,5)     -4.71247     -357.614
ln_F(124,6)     -3.46095      342.242
ln_F(124,7)     -5.39492     -115.657
ln_F(125,1)     -4.50301     -213.055
ln_F(125,2)     -4.84653     -178.628
ln_F(125,3)     -6.26386      32.4275
ln_F(125,4)     -4.89714     -119.094
ln_F(125,5)     -4.20582     -450.801
ln_F(125,6)     -4.09981      599.958
ln_F(125,7)     -5.32223     -251.348
ln_F(126,1)     -5.24108     -151.396
ln_F(126,2)      -5.7825      -126.32
ln_F(126,3)     -6.52056     -71.9532
ln_F(126,4)     -4.77107     -141.591
ln_F(126,5)     -4.13782     -267.803
ln_F(126,6)     -2.92616      670.002
ln_F(126,7)     -5.30335     -144.395
ln_F(127,1)     -5.15594     -171.319
ln_F(127,2)     -4.63624     -141.495
ln_F(127,3)     -5.61656      -77.245
ln_F(127,4)     -4.90394     -177.249
ln_F(127,5)     -4.56365     -240.707
ln_F(127,6)     -3.22461      679.467
ln_F(127,7)      -5.2848     -156.438
ln_F(128,1)     -4.63666     -154.075
ln_F(128,2)     -4.17111     -119.661
ln_F(128,3)     -5.43878     -135.772
ln_F(128,4)      -4.8517      -198.23
ln_F(128,5)     -4.52478     -128.204
ln_F(128,6)     -2.91635      717.515
ln_F(128,7)     -4.95114     -170.667
ln_F(129,1)     -4.66254     -139.044
ln_F(129,2)     -4.61739     -104.773
ln_F(129,3)     -6.65473     -75.2828
ln_F(129,4)     -4.89277     -176.575
ln_F(129,5)     -4.40437     -158.715
ln_F(129,6)     -3.39556      621.724
ln_F(129,7)     -5.02285     -210.172
ln_F(130,1)     -4.62355     -80.1631
ln_F(130,2)     -6.21938     -99.3948
ln_F(130,3)     -6.51603     -150.154
ln_F(130,4)     -4.76344     -104.762
ln_F(130,5)     -4.81564      8.38769
ln_F(130,6)     -2.58086      524.675
ln_F(130,7)     -4.70597     -156.632
ln_F(131,1)     -4.63131     -7.78267
ln_F(131,2)     -5.82902     -113.002
ln_F(131,3)     -5.25858     -66.5456
ln_F(131,4)     -4.80128      32.3957
ln_F(131,5)      -4.5829      37.9187
ln_F(131,6)     -2.75594      473.476
ln_F(131,7)     -4.80781     -74.2392
ln_F(132,1)      -5.3824      36.4624
ln_F(132,2)     -5.05773     -219.937
ln_F(132,3)     -5.12362     -31.6355
ln_F(132,4)     -5.11965      167.071
ln_F(132,5)     -5.23104      106.851
ln_F(132,6)     -2.91105      394.059
ln_F(132,7)     -4.96159      71.1054
ln_F(133,1)     -4.12431     -140.692
ln_F(133,2)     -5.38536     -391.649
ln_F(133,3)     -6.39859      16.9029
ln_F(133,4)       -5.079       165.24
ln_F(133,5)     -4.89973       16.834
ln_F(133,6)     -3.62702      347.193
ln_F(133,7)     -5.04932      65.6705
ln_F(134,1)     -4.90992     -40.3605
ln_F(134,2)     -5.24954     -373.726
ln_F(134,3)     -6.34925     -6.84252
ln_F(134,4)     -4.97301      266.238
ln_F(134,5)     -4.16175      150.336
ln_F(134,6)     -2.70168       113.97
ln_F(134,7)     -4.93043      163.897
ln_F(135,1)     -4.11243     -18.4394
ln_F(135,2)     -5.41141     -323.155
ln_F(135,3)     -5.57426      8.95304
ln_F(135,4)     -4.96676      379.253
ln_F(135,5)     -4.97537      336.571
ln_F(135,6)     -2.53052     -3.79198
ln_F(135,7)      -5.1684       231.49
ln_F(136,1)     -3.93976      11.6875
ln_F(136,2)      -4.8308     -164.997
ln_F(136,3)     -4.80525      79.3137
ln_F(136,4)     -4.50782      430.167
ln_F(136,5)     -3.20865      27.0882
ln_F(136,6)     -2.76195      132.266
ln_F(136,7)     -4.69932      118.465
ln_F(137,1)      -4.6662      64.5405
ln_F(137,2)     -5.15348     -103.052
ln_F(137,3)     -5.70586      157.908
ln_F(137,4)     -4.77904      437.867
ln_F(137,5)     -4.49676       195.09
ln_F(137,6)     -3.60375      267.009
ln_F(137,7)     -4.60477       147.72
ln_F(138,1)     -4.23813      134.142
ln_F(138,2)     -5.69652      82.2364
ln_F(138,3)      -6.5642      231.808
ln_F(138,4)      -4.6672      508.875
ln_F(138,5)      -4.5139       147.59
ln_F(138,6)     -3.03276      131.176
ln_F(138,7)     -4.61606      198.913
ln_F(139,1)     -4.30869      188.774
ln_F(139,2)     -5.11722      60.4936
ln_F(139,3)     -6.29393      232.918
ln_F(139,4)      -4.6126      514.221
ln_F(139,5)     -4.09617      -85.544
ln_F(139,6)     -2.94326       206.96
ln_F(139,7)     -4.64008      173.433
ln_F(140,1)     -4.63397      233.332
ln_F(140,2)     -5.01396     -40.3177
ln_F(140,3)     -5.69091      178.645
ln_F(140,4)     -4.77334      552.517
ln_F(140,5)     -3.87488     -191.922
ln_F(140,6)     -2.62985       203.89
ln_F(140,7)     -4.52944      177.936
ln_F(141,1)         -4.8      53.5207
ln_F(141,2)     -5.78613     -310.375
ln_F(141,3)     -5.96212       188.74
ln_F(141,4)     -4.99368      474.564
ln_F(141,5)     -4.57004      -279.22
ln_F(141,6)     -3.39369       319.39
ln_F(141,7)      -4.7215      132.528
ln_F(142,1)     -4.35805     -68.8941
ln_F(142,2)     -5.81101     -559.762
ln_F(142,3)     -5.64173      15.1976
ln_F(142,4)     -4.75582      425.851
ln_F(142,5)     -4.08786     -112.303
ln_F(142,6)     -2.47561      362.524
ln_F(142,7)     -4.59523      101.469
ln_F(143,1)     -3.71188     -194.041
ln_F(143,2)     -3.70854     -642.627
ln_F(143,3)     -4.98179     -2.70165
ln_F(143,4)     -4.44404      382.679
ln_F(143,5)     -3.70259      8.29742
ln_F(143,6)     -2.58684      433.695
ln_F(143,7)     -3.42371      31.8531
ln_F(144,1)     -4.20051     -185.956
ln_F(144,2)     -3.68182     -546.939
ln_F(144,3)     -5.14645     -29.1189
ln_F(144,4)     -4.59468      376.174
ln_F(144,5)     -4.27854      239.712
ln_F(144,6)     -2.50096      335.742
ln_F(144,7)     -3.52301      70.9501
ln_F(145,1)      -3.9713     -224.259
ln_F(145,2)     -3.44241     -502.613
ln_F(145,3)     -6.12226       39.646
ln_F(145,4)     -4.43103      282.027
ln_F(145,5)     -4.00978      222.176
ln_F(145,6)     -3.28432      409.926
ln_F(145,7)     -3.64065     -65.2174
ln_F(146,1)     -4.25916     -35.7314
ln_F(146,2)     -3.84046     -255.289
ln_F(146,3)     -5.56483      42.8614
ln_F(146,4)     -4.63307      341.897
ln_F(146,5)     -4.22815      302.372
ln_F(146,6)     -2.67794      199.365
ln_F(146,7)     -3.58347      67.4005
ln_F(147,1)     -3.99003     -7.16605
ln_F(147,2)     -2.86996     -364.354
ln_F(147,3)     -5.09578      5.32239
ln_F(147,4)     -4.31586      279.836
ln_F(147,5)     -4.17846      188.941
ln_F(147,6)     -2.67808      355.648
ln_F(147,7)     -3.47443      75.9946
ln_F(148,1)     -4.02335      62.2719
ln_F(148,2)     -2.28473     -370.878
ln_F(148,3)     -4.62719     -53.8223
ln_F(148,4)     -4.40772      283.788
ln_F(148,5)     -4.28083      104.264
ln_F(148,6)     -2.55603      456.567
ln_F(148,7)     -3.89703      189.534
ln_F(149,1)      -4.2176      68.7148
ln_F(149,2)     -4.67712     -247.406
ln_F(149,3)     -5.62776       45.771
ln_F(149,4)     -4.59045      292.085
ln_F(149,5)     -4.56405     -174.635
ln_F(149,6)     -3.16623      160.286
ln_F(149,7)     -4.26635      342.302
ln_F(150,1)     -3.97581      11.7255
ln_F(150,2)      -4.9843     -380.595
ln_F(150,3)     -5.51445     -47.2683
ln_F(150,4)     -4.49415      237.782
ln_F(150,5)     -4.58994     -283.965
ln_F(150,6)     -2.68685      136.917
ln_F(150,7)     -4.13103      299.903
ln_F(151,1)     -3.99002      -119.03
ln_F(151,2)     -4.03803      -394.13
ln_F(151,3)     -5.58548     -166.085
ln_F(151,4)     -4.31639      128.451
ln_F(151,5)     -3.64505     -190.808
ln_F(151,6)     -2.38147      342.092
ln_F(151,7)     -4.09536      98.4536
