ParName   Value   Gradient
ln_R_ave(1)      12.2481   0.00104663
ln_rec_devs(1,1)     0.711852 7.94646e-006
ln_rec_devs(1,2)     0.557276 5.51897e-006
ln_rec_devs(1,3)     0.497505 5.01545e-006
ln_rec_devs(1,4)      0.74132 8.65659e-006
ln_rec_devs(1,5)     0.965573 2.26143e-006
ln_rec_devs(1,6)     0.870119 3.29256e-006
ln_rec_devs(1,7)     0.924667 6.60015e-006
ln_rec_devs(1,8)      1.10714 1.24314e-006
ln_rec_devs(1,9)      1.11607 2.90353e-006
ln_rec_devs(1,10)      1.06486 -3.66733e-006
ln_rec_devs(1,11)      0.98796   1.323e-005
ln_rec_devs(1,12)     0.802342 1.23419e-006
ln_rec_devs(1,13)     0.768704 7.47421e-006
ln_rec_devs(1,14)     0.788707 1.12612e-005
ln_rec_devs(1,15)     0.758938 1.44246e-005
ln_rec_devs(1,16)     0.761904 8.07443e-006
ln_rec_devs(1,17)     0.822424 2.12174e-005
ln_rec_devs(1,18)     0.793675 5.16894e-006
ln_rec_devs(1,19)     0.779891 -2.13706e-010
ln_rec_devs(1,20)     0.891447 4.01708e-006
ln_rec_devs(1,21)     0.907787  1.2153e-005
ln_rec_devs(1,22)     0.806929 1.14206e-005
ln_rec_devs(1,23)     0.749152 1.12861e-005
ln_rec_devs(1,24)     0.667593 1.14467e-005
ln_rec_devs(1,25)     0.555101 1.92765e-006
ln_rec_devs(1,26)     0.545014 3.02101e-006
ln_rec_devs(1,27)     0.524262  4.3901e-006
ln_rec_devs(1,28)      0.34134   4.412e-006
ln_rec_devs(1,29)     0.380367 1.50468e-006
ln_rec_devs(1,30)     0.593832 2.21634e-006
ln_rec_devs(1,31)     0.825045 1.10447e-006
ln_rec_devs(1,32)     0.897503  1.7773e-007
ln_rec_devs(1,33)     0.824512 -2.70706e-007
ln_rec_devs(1,34)     0.708507 2.04829e-006
ln_rec_devs(1,35)     0.537127  4.7845e-006
ln_rec_devs(1,36)     0.571286 3.79779e-006
ln_rec_devs(1,37)     0.629932 6.84177e-006
ln_rec_devs(1,38)     0.678697 8.13656e-006
ln_rec_devs(1,39)     0.637947 1.32729e-005
ln_rec_devs(1,40)     0.729094 9.77849e-006
ln_rec_devs(1,41)      0.89275 1.95302e-005
ln_rec_devs(1,42)     0.962725 3.65502e-005
ln_rec_devs(1,43)     0.808147 1.80962e-005
ln_rec_devs(1,44)     0.695392 1.58404e-005
ln_rec_devs(1,45)     0.738981 8.06793e-006
ln_rec_devs(1,46)     0.708774 1.39237e-005
ln_rec_devs(1,47)      0.60105  1.6918e-005
ln_rec_devs(1,48)     0.465249 1.31642e-005
ln_rec_devs(1,49)     0.577736 1.40343e-005
ln_rec_devs(1,50)     0.825359 1.70031e-005
ln_rec_devs(1,51)     0.837728 9.08307e-006
ln_rec_devs(1,52)     0.702002 3.29485e-006
ln_rec_devs(1,53)     0.636586 2.65463e-006
ln_rec_devs(1,54)     0.628103   7.704e-006
ln_rec_devs(1,55)     0.570331 8.29534e-006
ln_rec_devs(1,56)     0.510302 6.32327e-006
ln_rec_devs(1,57)     0.417353 7.84049e-007
ln_rec_devs(1,58)     0.332741 -6.31781e-007
ln_rec_devs(1,59)     0.378153 8.49622e-006
ln_rec_devs(1,60)     0.368061 8.25271e-006
ln_rec_devs(1,61)     0.400074 3.30359e-006
ln_rec_devs(1,62)     0.530845 1.64425e-006
ln_rec_devs(1,63)     0.615215 1.45618e-006
ln_rec_devs(1,64)     0.542656 1.04974e-005
ln_rec_devs(1,65)       0.5093 1.18757e-005
ln_rec_devs(1,66)     0.575716 9.85933e-006
ln_rec_devs(1,67)     0.694728 1.44435e-005
ln_rec_devs(1,68)     0.835967 1.77986e-005
ln_rec_devs(1,69)     0.969499 1.91762e-005
ln_rec_devs(1,70)      1.05971 1.21953e-005
ln_rec_devs(1,71)       1.0381 3.67311e-006
ln_rec_devs(1,72)      1.14505 9.43654e-006
ln_rec_devs(1,73)      1.02573 4.14762e-006
ln_rec_devs(1,74)     0.872322 3.94181e-006
ln_rec_devs(1,75)     0.724303 2.27825e-006
ln_rec_devs(1,76)     0.712814 2.76371e-006
ln_rec_devs(1,77)      0.78016 1.26766e-005
ln_rec_devs(1,78)     0.816085 9.87771e-006
ln_rec_devs(1,79)     0.811151 1.39171e-005
ln_rec_devs(1,80)      0.91123 1.23762e-005
ln_rec_devs(1,81)      1.02543 1.90966e-005
ln_rec_devs(1,82)     0.841321   1.213e-005
ln_rec_devs(1,83)     0.635699 5.77321e-006
ln_rec_devs(1,84)     0.614345 1.19387e-005
ln_rec_devs(1,85)     0.646584 8.52689e-006
ln_rec_devs(1,86)     0.745128 1.44588e-005
ln_rec_devs(1,87)     0.655707 6.39587e-006
ln_rec_devs(1,88)     0.552988 9.58546e-006
ln_rec_devs(1,89)     0.637812 1.25549e-005
ln_rec_devs(1,90)     0.761501 6.60253e-006
ln_rec_devs(1,91)     0.903633 5.10048e-006
ln_rec_devs(1,92)      0.98657 5.90958e-006
ln_rec_devs(1,93)     0.990966  1.2383e-005
ln_rec_devs(1,94)     0.915171 1.68855e-005
ln_rec_devs(1,95)     0.875925 8.13738e-006
ln_rec_devs(1,96)     0.884011 1.27587e-005
ln_rec_devs(1,97)     0.821724  6.3575e-006
ln_rec_devs(1,98)     0.640904 4.28773e-006
ln_rec_devs(1,99)     0.519054 1.42206e-006
ln_rec_devs(1,100)      0.52826 1.31195e-006
ln_rec_devs(1,101)      0.69702 -3.72463e-006
ln_rec_devs(1,102)       0.9531 5.30948e-006
ln_rec_devs(1,103)      0.93874 6.95742e-006
ln_rec_devs(1,104)     0.756344 -9.73365e-006
ln_rec_devs(1,105)     0.480337 2.50735e-006
ln_rec_devs(1,106)     0.787347 1.05366e-005
ln_rec_devs(1,107)     0.844519 9.51138e-006
ln_rec_devs(1,108)     0.944749 6.61938e-007
ln_rec_devs(1,109)      1.11442 1.20849e-005
ln_rec_devs(1,110)      1.18611 9.78728e-007
ln_rec_devs(1,111)      1.19918 7.39112e-006
ln_rec_devs(1,112)      1.13935 7.90872e-006
ln_rec_devs(1,113)      1.18554 2.07296e-005
ln_rec_devs(1,114)      1.14089 2.64278e-005
ln_rec_devs(1,115)      1.06457 3.11678e-005
ln_rec_devs(1,116)     0.904909 2.31641e-005
ln_rec_devs(1,117)     0.829064 1.76408e-005
ln_rec_devs(1,118)     0.808893 1.17881e-005
ln_rec_devs(1,119)     0.786398 8.38934e-006
ln_rec_devs(1,120)     0.671787 6.73039e-006
ln_rec_devs(1,121)     0.516827 8.68626e-006
ln_rec_devs(1,122)     0.374916 1.62073e-005
ln_rec_devs(1,123)     0.330672 2.04421e-006
ln_rec_devs(1,124)      0.42806 8.59796e-006
ln_rec_devs(1,125)     0.530758  1.2166e-005
ln_rec_devs(1,126)     0.625091 6.68438e-006
ln_rec_devs(1,127)      0.58336 -5.7454e-006
ln_rec_devs(1,128)     0.519465 1.12343e-006
ln_rec_devs(1,129)     0.585315  3.2637e-006
ln_rec_devs(1,130)     0.539089 -1.90784e-006
ln_rec_devs(1,131)     0.525342 3.50162e-006
ln_rec_devs(1,132)     0.618015 6.32237e-006
ln_rec_devs(1,133)     0.655111 1.12074e-005
ln_rec_devs(1,134)     0.716764  1.0009e-005
ln_rec_devs(1,135)     0.834321 4.93756e-006
ln_rec_devs(1,136)     0.759073 5.07151e-006
ln_rec_devs(1,137)      0.68127 3.96491e-007
ln_rec_devs(1,138)     0.656661 -2.23203e-006
ln_rec_devs(1,139)     0.684192 3.13689e-006
ln_rec_devs(1,140)     0.848966 7.03854e-006
ln_rec_devs(1,141)     0.976157 6.26338e-006
ln_rec_devs(1,142)     0.924834 6.47513e-006
ln_rec_devs(1,143)     0.749942 5.47547e-006
ln_rec_devs(1,144)     0.517271 4.16553e-006
ln_rec_devs(1,145)     0.149121 8.89492e-006
ln_rec_devs(1,146)     0.294687 1.58007e-006
ln_rec_devs(1,147)     0.133812 -8.48604e-007
ln_rec_devs(1,148)    -0.156897 9.63065e-007
ln_rec_devs(1,149)    -0.135976 -1.83879e-006
ln_rec_devs(1,150)  -0.00829727 4.48456e-007
log_sel_beta1(1,1)    -0.874191 -0.000137102
log_sel_beta1(1,2)     0.395612 -1.51194e-006
log_sel_beta1(1,3)   -0.0291358 -1.67061e-005
log_sel_beta1(1,4)     0.159075 -0.000125572
log_sel_beta1(1,5)     0.198979 7.19382e-005
log_sel_beta1(1,6)    0.0909461 1.12277e-005
log_sel_beta1(1,7)            3 -1.0259e-005
log_sel_beta1(2,1)     0.312931  0.000307727
log_sel_beta1(2,2)     -2.62682 -1.74825e-007
log_sel_beta1(2,3)     -1.40857 -9.73144e-007
log_sel_beta1(2,4)    0.0525763 -8.92686e-006
log_sel_beta1(2,5)     -2.62682 -1.74825e-007
log_sel_beta1(2,6)     0.149569 -9.32668e-005
log_sel_beta1(2,7)      0.22582 -2.57875e-005
log_sel_beta2(1,1)      2.76072 -7.00174e-005
log_sel_beta2(1,2)       1.9729 -0.000318583
log_sel_beta2(1,3)       1.9842 1.52914e-005
log_sel_beta2(1,4)      1.83945  -0.00019553
log_sel_beta2(1,5)      1.63843  0.000150931
log_sel_beta2(1,6)      1.91539 1.95501e-005
log_sel_beta2(1,7)      1.42535  -0.00120661
log_sel_beta2(2,1)      1.93539  0.000610977
log_sel_beta2(2,2)    -0.753351 2.42608e-008
log_sel_beta2(2,3)            3 -0.000179748
log_sel_beta2(2,4)      1.72567 -5.43735e-005
log_sel_beta2(2,5)    -0.753351 2.42608e-008
log_sel_beta2(2,6)      1.91901  -0.00586039
log_sel_beta2(2,7)      1.87021 -8.98836e-005
log_sel_beta3(1,1)            3 1.36308e-005
log_sel_beta3(1,2)     -1.35261 2.17875e-005
log_sel_beta3(1,3)     -2.62486 -1.74572e-007
log_sel_beta3(1,4)     -2.63778 -2.7724e-005
log_sel_beta3(1,5)    -0.636835 -3.34486e-006
log_sel_beta3(1,6)     -2.52469 4.25612e-006
log_sel_beta3(1,7)     0.204337 6.99779e-005
log_sel_beta3(2,1)     -2.07197 -7.98802e-006
log_sel_beta3(2,2)     -2.62486 -1.74572e-007
log_sel_beta3(2,3)     -2.62486 -1.74572e-007
log_sel_beta3(2,4)           -5 -6.67337e-006
log_sel_beta3(2,5)     -2.62486 -1.74572e-007
log_sel_beta3(2,6)     -1.88249 1.28577e-005
log_sel_beta3(2,7)     -1.77148  4.6591e-005
log_sel_beta4(1,1)     -4.99999 -3.90507e-006
log_sel_beta4(1,2)     -4.99998 3.89514e-008
log_sel_beta4(1,3)     -2.54236 -1.64112e-007
log_sel_beta4(1,4)      -4.9984 7.49801e-005
log_sel_beta4(1,5)      1.38518 -3.50077e-006
log_sel_beta4(1,6)     -4.99991 -1.25253e-006
log_sel_beta4(1,7)     -4.99999 7.08119e-006
log_sel_beta4(2,1)     -4.99964 5.99505e-005
log_sel_beta4(2,2)     -2.54236 -1.64112e-007
log_sel_beta4(2,3)     -2.54236 -1.64112e-007
log_sel_beta4(2,4)      2.99999 -2.2745e-005
log_sel_beta4(2,5)     -2.54236 -1.64112e-007
log_sel_beta4(2,6)     -4.99997 -1.60626e-006
log_sel_beta4(2,7)     -4.99523 -0.000180085
ln_q(1,1)          -15 2.14508e-005
ln_F(1,1)     -6.30828 1.42476e-006
ln_F(1,2)     -9.51061 7.02293e-007
ln_F(1,3)     -7.89222 4.91498e-007
ln_F(1,4)      -13.243 3.16197e-006
ln_F(1,5)     -7.35851 -4.84701e-007
ln_F(1,6)     -6.26086 1.13085e-008
ln_F(1,7)     -6.74332 2.57989e-006
ln_F(2,1)     -5.79006 -1.04461e-007
ln_F(2,2)      -9.6123 8.53736e-007
ln_F(2,3)     -8.84796 1.49476e-007
ln_F(2,4)     -13.2374 1.75464e-006
ln_F(2,5)     -6.10846 -8.74411e-007
ln_F(2,6)     -6.26086 1.13085e-008
ln_F(2,7)     -6.44361 1.63727e-006
ln_F(3,1)     -5.90158  7.2956e-007
ln_F(3,2)     -8.60927 1.64887e-006
ln_F(3,3)     -7.17244 6.05677e-007
ln_F(3,4)     -13.2199 2.07227e-006
ln_F(3,5)     -7.39835 8.23665e-008
ln_F(3,6)     -6.26086 1.13085e-008
ln_F(3,7)     -6.13299 1.32569e-006
ln_F(4,1)      -6.1019 3.85812e-007
ln_F(4,2)      -9.5328 3.99378e-007
ln_F(4,3)     -7.64876 1.89426e-006
ln_F(4,4)     -7.19901 3.24888e-007
ln_F(4,5)     -6.26086 1.13085e-008
ln_F(4,6)     -6.26086 1.13085e-008
ln_F(4,7)     -5.67774 2.00514e-006
ln_F(5,1)     -6.26704 1.00267e-006
ln_F(5,2)     -9.87341  8.8982e-008
ln_F(5,3)     -7.90864 1.22312e-007
ln_F(5,4)     -6.75236 1.26522e-006
ln_F(5,5)     -6.26086 1.13085e-008
ln_F(5,6)     -6.26086 1.13085e-008
ln_F(5,7)     -6.15289 3.08496e-006
ln_F(6,1)     -5.84271  7.9527e-007
ln_F(6,2)     -9.60748 1.92618e-007
ln_F(6,3)     -8.27036 6.64353e-007
ln_F(6,4)     -5.75296 1.13053e-006
ln_F(6,5)     -6.26086 1.13085e-008
ln_F(6,6)     -6.26086 1.13085e-008
ln_F(6,7)     -5.91171 8.40791e-007
ln_F(7,1)     -5.77425   2.037e-006
ln_F(7,2)     -9.25635 6.96872e-007
ln_F(7,3)     -7.93633 -3.49219e-007
ln_F(7,4)     -7.51186 1.57633e-006
ln_F(7,5)     -6.26086 1.13085e-008
ln_F(7,6)     -6.26086 1.13085e-008
ln_F(7,7)     -5.85389 3.17584e-006
ln_F(8,1)     -6.26905 1.47517e-006
ln_F(8,2)     -9.04442 9.56249e-007
ln_F(8,3)     -8.02235 2.02941e-007
ln_F(8,4)     -6.52556 1.56143e-006
ln_F(8,5)     -6.26086 1.13085e-008
ln_F(8,6)     -6.26086 1.13085e-008
ln_F(8,7)     -5.16456 2.52489e-006
ln_F(9,1)     -6.41317 -6.14931e-010
ln_F(9,2)     -9.28531  6.7065e-007
ln_F(9,3)     -8.33324 1.31162e-006
ln_F(9,4)     -6.80439 2.82863e-007
ln_F(9,5)     -6.26086 1.13085e-008
ln_F(9,6)     -6.26086 1.13085e-008
ln_F(9,7)     -5.84641  2.6705e-006
ln_F(10,1)     -5.73087 9.51605e-007
ln_F(10,2)     -8.97604 1.79048e-007
ln_F(10,3)      -8.7078 -2.95909e-007
ln_F(10,4)     -5.41198 2.93399e-007
ln_F(10,5)     -6.26086 1.13085e-008
ln_F(10,6)     -6.26086 1.13085e-008
ln_F(10,7)     -5.97957 1.17168e-006
ln_F(11,1)     -5.57098 4.62926e-007
ln_F(11,2)     -8.64808 -8.50948e-008
ln_F(11,3)     -7.84413 -1.55297e-006
ln_F(11,4)     -7.94096 1.54731e-006
ln_F(11,5)     -6.26086 1.13085e-008
ln_F(11,6)     -6.26086 1.13085e-008
ln_F(11,7)     -5.86483 8.79609e-007
ln_F(12,1)     -5.72684 2.12832e-008
ln_F(12,2)     -8.56021  9.7813e-007
ln_F(12,3)     -7.76889 7.54463e-007
ln_F(12,4)     -6.18188 -1.07635e-007
ln_F(12,5)     -9.22469 -4.00844e-007
ln_F(12,6)     -10.0532 4.17272e-007
ln_F(12,7)     -5.52354 2.10224e-006
ln_F(13,1)     -5.90854 1.36277e-006
ln_F(13,2)     -9.06185 -5.28808e-007
ln_F(13,3)     -7.55437 -1.11626e-006
ln_F(13,4)     -6.25026 1.40919e-006
ln_F(13,5)     -9.28029 -7.7751e-007
ln_F(13,6)     -6.26086 1.13085e-008
ln_F(13,7)     -5.95386 2.63471e-006
ln_F(14,1)     -5.33025  5.1115e-007
ln_F(14,2)     -8.87177 -3.16296e-007
ln_F(14,3)     -7.62709 -5.25692e-008
ln_F(14,4)     -5.41785 1.14066e-006
ln_F(14,5)     -9.31582 -1.29961e-006
ln_F(14,6)     -6.26086 1.13085e-008
ln_F(14,7)     -5.89032 1.73608e-006
ln_F(15,1)     -5.28738 1.70331e-006
ln_F(15,2)     -8.71387 -1.37669e-006
ln_F(15,3)     -7.28666 2.25622e-007
ln_F(15,4)     -7.07654 1.79201e-006
ln_F(15,5)     -9.35738 -8.20844e-007
ln_F(15,6)      -10.476 -3.47114e-007
ln_F(15,7)     -5.95305 2.12406e-006
ln_F(16,1)     -6.08123 1.76485e-006
ln_F(16,2)     -8.98681 -3.35279e-007
ln_F(16,3)     -7.18012 -4.24496e-007
ln_F(16,4)      -6.3534 -6.79521e-007
ln_F(16,5)     -10.7435 -4.52561e-007
ln_F(16,6)     -8.84223 4.52406e-008
ln_F(16,7)     -6.16958 1.36482e-006
ln_F(17,1)     -5.95711 1.73621e-006
ln_F(17,2)     -9.47854 9.11232e-007
ln_F(17,3)     -6.82196 -8.84639e-008
ln_F(17,4)     -7.06948 2.07107e-007
ln_F(17,5)     -10.7217 1.07504e-006
ln_F(17,6)     -9.69154 -1.28379e-007
ln_F(17,7)     -6.08626 2.42512e-006
ln_F(18,1)     -5.75278 2.65562e-006
ln_F(18,2)     -9.55168 5.15056e-007
ln_F(18,3)     -7.17706 -2.82659e-007
ln_F(18,4)     -5.01795 1.27679e-006
ln_F(18,5)     -10.6538 1.02203e-006
ln_F(18,6)     -6.26086 1.13085e-008
ln_F(18,7)     -5.96357 3.83283e-006
ln_F(19,1)      -5.4102 8.60418e-007
ln_F(19,2)       -9.396  -2.644e-007
ln_F(19,3)     -6.54559 1.52299e-006
ln_F(19,4)      -6.2949 1.02968e-006
ln_F(19,5)     -10.6251 1.54615e-006
ln_F(19,6)     -8.16201 4.92168e-007
ln_F(19,7)     -6.00633 3.80403e-006
ln_F(20,1)     -7.81008 1.46833e-006
ln_F(20,2)     -9.04775  4.9604e-007
ln_F(20,3)     -7.35284 -5.86697e-007
ln_F(20,4)     -5.69888 2.22722e-007
ln_F(20,5)     -6.26086 1.13085e-008
ln_F(20,6)     -6.25717 4.18889e-007
ln_F(20,7)     -5.76942 8.30994e-007
ln_F(21,1)     -7.13336 8.00803e-007
ln_F(21,2)     -9.19548 -7.94221e-007
ln_F(21,3)     -7.04708 1.45847e-007
ln_F(21,4)     -4.68682 -1.4924e-006
ln_F(21,5)     -6.26086 1.13085e-008
ln_F(21,6)     -6.87353 -6.94452e-007
ln_F(21,7)     -6.00795 1.60062e-006
ln_F(22,1)     -6.88696 3.84791e-006
ln_F(22,2)     -9.09385 5.59496e-007
ln_F(22,3)      -7.2535 1.10231e-006
ln_F(22,4)     -4.59228 -2.4855e-007
ln_F(22,5)     -6.26086 1.13085e-008
ln_F(22,6)     -7.96113 6.91352e-007
ln_F(22,7)     -5.96042 2.37761e-006
ln_F(23,1)       -6.698 2.53954e-006
ln_F(23,2)     -8.99224 1.48963e-006
ln_F(23,3)      -7.0545 1.96187e-006
ln_F(23,4)      -5.6197 7.05197e-007
ln_F(23,5)     -6.26086 1.13085e-008
ln_F(23,6)     -6.37227 3.42327e-007
ln_F(23,7)     -5.99989 2.06786e-006
ln_F(24,1)     -7.29141 3.52853e-006
ln_F(24,2)     -8.36186 2.27802e-006
ln_F(24,3)     -7.24604 7.13732e-007
ln_F(24,4)     -4.92476 -2.88785e-007
ln_F(24,5)     -6.26086 1.13085e-008
ln_F(24,6)     -5.72307 7.45095e-008
ln_F(24,7)     -5.90318 4.53707e-006
ln_F(25,1)     -6.74721 2.15361e-006
ln_F(25,2)     -8.65266 1.00124e-006
ln_F(25,3)     -7.34014 1.18862e-006
ln_F(25,4)     -4.59448 2.46444e-006
ln_F(25,5)     -6.26086 1.13085e-008
ln_F(25,6)     -6.17597 -4.91064e-007
ln_F(25,7)     -6.03788 5.89994e-006
ln_F(26,1)     -6.03552 1.58083e-006
ln_F(26,2)     -8.52241 7.71988e-007
ln_F(26,3)      -7.9854 -9.50297e-007
ln_F(26,4)     -4.83934 2.45938e-006
ln_F(26,5)     -6.26086 1.13085e-008
ln_F(26,6)     -5.24676 -6.90611e-007
ln_F(26,7)     -6.05072 3.87662e-007
ln_F(27,1)     -5.79039 5.06942e-007
ln_F(27,2)     -8.13331 1.22345e-006
ln_F(27,3)     -7.59137 -2.18075e-007
ln_F(27,4)      -4.8346 9.90365e-007
ln_F(27,5)     -6.26086 1.13085e-008
ln_F(27,6)     -3.95139 -2.08207e-006
ln_F(27,7)     -5.97635 1.79944e-006
ln_F(28,1)     -7.09524 -3.47675e-008
ln_F(28,2)     -8.04145 7.84683e-007
ln_F(28,3)     -7.33182  3.6505e-007
ln_F(28,4)     -6.05979 1.74141e-006
ln_F(28,5)     -6.26086 1.13085e-008
ln_F(28,6)     -4.77167 -8.46309e-007
ln_F(28,7)     -5.75051 1.47368e-006
ln_F(29,1)     -6.63144 2.65087e-007
ln_F(29,2)     -7.99063 4.71192e-007
ln_F(29,3)     -7.36781 -8.66975e-007
ln_F(29,4)     -6.13291 1.63098e-006
ln_F(29,5)     -6.26086 1.13085e-008
ln_F(29,6)      -5.3873 -4.39377e-007
ln_F(29,7)     -5.84873 1.66137e-006
ln_F(30,1)     -6.30495  8.4581e-007
ln_F(30,2)     -7.89019 9.00796e-007
ln_F(30,3)     -7.41152 -4.21373e-007
ln_F(30,4)     -5.27969 4.79721e-007
ln_F(30,5)     -6.26086 1.13085e-008
ln_F(30,6)     -4.61546 3.95791e-007
ln_F(30,7)     -5.60072 1.15707e-006
ln_F(31,1)     -6.10591 8.26231e-007
ln_F(31,2)     -7.95315 4.91488e-007
ln_F(31,3)     -6.66079 8.23517e-008
ln_F(31,4)     -5.90219 1.63813e-006
ln_F(31,5)     -6.26086 1.13085e-008
ln_F(31,6)      -3.8249 -1.88326e-006
ln_F(31,7)     -5.48421 9.33164e-007
ln_F(32,1)     -7.04575 2.71925e-006
ln_F(32,2)     -7.76539 4.60757e-007
ln_F(32,3)       -6.394 -5.91385e-007
ln_F(32,4)     -5.36916 4.90817e-008
ln_F(32,5)     -6.26086 1.13085e-008
ln_F(32,6)     -4.72845 -1.35652e-006
ln_F(32,7)     -5.30523 7.62182e-007
ln_F(33,1)     -6.73756 3.55258e-006
ln_F(33,2)     -7.95953 1.71639e-006
ln_F(33,3)     -6.33255 -1.13726e-006
ln_F(33,4)     -6.83399 1.21596e-006
ln_F(33,5)     -6.26086 1.13085e-008
ln_F(33,6)     -5.02946 -1.20392e-006
ln_F(33,7)     -5.46954 1.82893e-006
ln_F(34,1)     -6.72061 1.52518e-006
ln_F(34,2)     -7.90038  3.4915e-007
ln_F(34,3)     -7.14589 -1.00325e-006
ln_F(34,4)     -6.91952 2.84334e-007
ln_F(34,5)     -6.26086 1.13085e-008
ln_F(34,6)      -5.0325 -1.48342e-006
ln_F(34,7)     -5.36478  1.5116e-006
ln_F(35,1)     -6.21183 9.39569e-007
ln_F(35,2)     -7.92974 -1.89836e-007
ln_F(35,3)     -6.16542 -1.20777e-006
ln_F(35,4)     -6.05416 3.67841e-007
ln_F(35,5)     -6.26086 1.13085e-008
ln_F(35,6)     -4.88569 -2.56516e-006
ln_F(35,7)     -5.40652 5.34981e-007
ln_F(36,1)     -6.81137 -4.92196e-007
ln_F(36,2)     -7.25738 4.35596e-007
ln_F(36,3)     -6.28932 -8.67005e-007
ln_F(36,4)     -5.53999 4.58813e-007
ln_F(36,5)     -6.26086 1.13085e-008
ln_F(36,6)     -4.99024 -1.60904e-006
ln_F(36,7)     -5.21813 1.69016e-007
ln_F(37,1)     -6.14103 -1.37641e-006
ln_F(37,2)     -7.39357 -1.87787e-006
ln_F(37,3)     -6.87038 2.62104e-007
ln_F(37,4)     -5.99154 2.23009e-006
ln_F(37,5)     -6.26086 1.13085e-008
ln_F(37,6)     -5.00251 -2.06444e-006
ln_F(37,7)     -5.68848 1.40179e-006
ln_F(38,1)     -6.05977 4.22772e-007
ln_F(38,2)     -7.37687 -2.40364e-006
ln_F(38,3)      -6.9593 -8.24625e-007
ln_F(38,4)      -5.5259 1.94162e-007
ln_F(38,5)     -6.26086 1.13085e-008
ln_F(38,6)     -4.52118 -1.48089e-006
ln_F(38,7)     -5.43499 1.84364e-006
ln_F(39,1)     -5.62563 2.26231e-007
ln_F(39,2)     -7.64102 -1.09474e-008
ln_F(39,3)     -5.77312 -6.27491e-007
ln_F(39,4)     -6.28386 -1.81138e-007
ln_F(39,5)     -6.26086 1.13085e-008
ln_F(39,6)     -4.77343 -1.53393e-006
ln_F(39,7)     -5.31701 4.08221e-006
ln_F(40,1)     -6.03109 3.07314e-008
ln_F(40,2)     -6.87396 -8.05873e-007
ln_F(40,3)     -6.20658 6.06202e-008
ln_F(40,4)     -5.37408 -6.47103e-008
ln_F(40,5)     -6.26086 1.13085e-008
ln_F(40,6)      -4.4949 -1.89765e-006
ln_F(40,7)     -4.77414  2.3263e-006
ln_F(41,1)     -5.54209 1.17585e-006
ln_F(41,2)     -7.57323 -8.32127e-007
ln_F(41,3)     -6.22196 3.24593e-007
ln_F(41,4)     -6.44427 3.99565e-007
ln_F(41,5)     -6.26086 1.13085e-008
ln_F(41,6)       -4.704 -2.09241e-006
ln_F(41,7)      -5.4351 4.49185e-007
ln_F(42,1)      -5.4642 6.00414e-007
ln_F(42,2)     -7.73964 -6.60772e-007
ln_F(42,3)     -6.60686 -5.1297e-007
ln_F(42,4)     -5.59301 -7.09358e-007
ln_F(42,5)     -6.26086 1.13085e-008
ln_F(42,6)     -4.04888 -3.77841e-007
ln_F(42,7)     -4.91193 1.65479e-006
ln_F(43,1)     -5.37426 1.61215e-006
ln_F(43,2)     -6.94025 7.05241e-007
ln_F(43,3)     -6.04485 2.93636e-008
ln_F(43,4)     -6.14342 1.12794e-007
ln_F(43,5)     -6.26086 1.13085e-008
ln_F(43,6)     -3.66478 -1.37176e-006
ln_F(43,7)     -4.93017 2.31583e-006
ln_F(44,1)     -5.90058 1.44231e-006
ln_F(44,2)     -6.99118 -2.2053e-007
ln_F(44,3)     -7.03013 6.95641e-007
ln_F(44,4)     -5.60304 5.26233e-007
ln_F(44,5)     -6.26086 1.13085e-008
ln_F(44,6)     -4.00864 -1.5196e-006
ln_F(44,7)     -4.75712 3.47066e-006
ln_F(45,1)     -5.13971 1.23018e-006
ln_F(45,2)     -7.54913 8.81859e-007
ln_F(45,3)     -6.91866 -5.95216e-007
ln_F(45,4)     -5.49424 1.43521e-006
ln_F(45,5)     -6.26086 1.13085e-008
ln_F(45,6)     -4.49632 -1.13107e-007
ln_F(45,7)     -5.53872 5.94503e-006
ln_F(46,1)     -4.71489 1.37667e-006
ln_F(46,2)     -7.54804 -8.7906e-007
ln_F(46,3)     -7.03642 -7.58641e-007
ln_F(46,4)     -5.44621 1.83615e-006
ln_F(46,5)     -6.26086 1.13085e-008
ln_F(46,6)     -4.30482 -4.51564e-007
ln_F(46,7)     -5.22287 4.40195e-006
ln_F(47,1)     -4.61131 2.13588e-006
ln_F(47,2)     -6.63391 7.37993e-007
ln_F(47,3)     -5.62169 4.15948e-007
ln_F(47,4)     -5.86611  6.6578e-007
ln_F(47,5)     -6.26086 1.13085e-008
ln_F(47,6)     -4.34024 -2.33123e-007
ln_F(47,7)     -5.26027 7.36301e-008
ln_F(48,1)     -5.48663 3.79455e-006
ln_F(48,2)     -6.21897 5.82165e-007
ln_F(48,3)     -5.20759 -1.17391e-007
ln_F(48,4)     -7.64692 2.19424e-006
ln_F(48,5)     -6.64989 -4.57903e-007
ln_F(48,6)     -3.72529 -2.84019e-006
ln_F(48,7)     -5.52847 2.61688e-006
ln_F(49,1)     -5.30605 2.29248e-006
ln_F(49,2)      -7.1461 1.07825e-006
ln_F(49,3)     -6.13026 -7.33053e-008
ln_F(49,4)     -8.11366 1.18327e-006
ln_F(49,5)     -7.68416 9.27686e-007
ln_F(49,6)     -4.48562 -1.55608e-006
ln_F(49,7)     -5.38686 1.61217e-006
ln_F(50,1)     -5.14764 3.06163e-006
ln_F(50,2)     -8.90162 1.71068e-006
ln_F(50,3)     -6.81675 8.70984e-007
ln_F(50,4)     -7.42647 2.15935e-006
ln_F(50,5)     -6.00207 -5.24682e-007
ln_F(50,6)     -4.01083 -1.0883e-006
ln_F(50,7)     -5.48771 2.45855e-006
ln_F(51,1)     -5.02127 1.77035e-006
ln_F(51,2)     -6.67873 1.37673e-006
ln_F(51,3)     -6.70705 3.97414e-007
ln_F(51,4)     -7.28803 3.18918e-006
ln_F(51,5)     -5.63836 -7.09691e-007
ln_F(51,6)     -4.13064 6.28611e-008
ln_F(51,7)     -4.53285 2.66084e-006
ln_F(52,1)     -5.59995  1.1918e-006
ln_F(52,2)     -6.19913 1.20709e-006
ln_F(52,3)     -6.09881 1.32962e-007
ln_F(52,4)     -8.09974  1.8006e-006
ln_F(52,5)     -5.93597 -8.5056e-007
ln_F(52,6)     -4.71312  1.9241e-007
ln_F(52,7)     -4.81951 9.12743e-007
ln_F(53,1)     -5.07923 1.58004e-006
ln_F(53,2)     -7.85963  1.6727e-006
ln_F(53,3)     -6.19629 -2.22351e-007
ln_F(53,4)      -7.7313 2.66656e-006
ln_F(53,5)     -7.35827 1.26409e-008
ln_F(53,6)     -5.04848 -2.74122e-007
ln_F(53,7)     -5.11724 1.83685e-006
ln_F(54,1)     -5.42961 1.97349e-006
ln_F(54,2)     -9.05529  1.7794e-006
ln_F(54,3)     -6.62283 -1.15037e-006
ln_F(54,4)     -7.76624 2.18659e-006
ln_F(54,5)      -4.6307 -1.88511e-006
ln_F(54,6)     -4.37892 -1.58946e-006
ln_F(54,7)      -5.3016 3.69239e-006
ln_F(55,1)     -5.01256 6.89166e-007
ln_F(55,2)     -7.57193 6.56142e-007
ln_F(55,3)     -7.05544 3.85978e-007
ln_F(55,4)     -8.14902 1.42508e-006
ln_F(55,5)     -5.77379 -2.10526e-006
ln_F(55,6)     -4.51301 -1.06479e-006
ln_F(55,7)     -5.44849 7.65623e-007
ln_F(56,1)     -6.46302 7.76822e-007
ln_F(56,2)     -7.13301 4.06357e-007
ln_F(56,3)     -5.52065 -9.47901e-007
ln_F(56,4)     -7.23413 1.27527e-006
ln_F(56,5)     -5.58425 -9.89465e-007
ln_F(56,6)     -4.66792 -8.35286e-007
ln_F(56,7)     -5.19863 1.15219e-006
ln_F(57,1)     -4.31515 1.26808e-006
ln_F(57,2)     -7.67118 1.12351e-007
ln_F(57,3)     -5.35945 -2.52577e-007
ln_F(57,4)     -6.91243 1.91668e-006
ln_F(57,5)     -6.84439 -6.57102e-007
ln_F(57,6)     -4.57782 -1.10222e-006
ln_F(57,7)     -5.33265 5.99121e-007
ln_F(58,1)     -5.40219 1.36625e-006
ln_F(58,2)     -8.07156 1.09701e-006
ln_F(58,3)     -5.50534 -8.7097e-008
ln_F(58,4)     -7.11578 1.17914e-006
ln_F(58,5)     -5.13203 -4.80409e-007
ln_F(58,6)     -4.45444 -2.33099e-006
ln_F(58,7)      -4.8511 2.28663e-006
ln_F(59,1)     -4.54107 5.41763e-007
ln_F(59,2)     -5.77551 1.98873e-007
ln_F(59,3)     -5.61269 -4.72432e-007
ln_F(59,4)     -7.11542 1.05089e-006
ln_F(59,5)     -5.34394 -9.17584e-007
ln_F(59,6)     -4.46714 -8.7556e-007
ln_F(59,7)     -4.64043 1.71939e-006
ln_F(60,1)     -6.64063 1.44482e-006
ln_F(60,2)     -5.75891 -9.27688e-007
ln_F(60,3)     -4.66967 -1.28043e-006
ln_F(60,4)     -7.00742  1.3699e-006
ln_F(60,5)     -5.96417 -2.16917e-006
ln_F(60,6)     -4.20481 -1.4065e-006
ln_F(60,7)     -4.58569 2.55017e-006
ln_F(61,1)     -4.42455 1.47316e-006
ln_F(61,2)     -7.05445 2.82366e-007
ln_F(61,3)     -4.02272 -2.58507e-006
ln_F(61,4)     -7.01803 2.34626e-006
ln_F(61,5)     -5.85241 -1.17655e-006
ln_F(61,6)     -5.01825  -3.063e-007
ln_F(61,7)     -4.92567 2.83534e-006
ln_F(62,1)     -5.38232 1.18202e-006
ln_F(62,2)     -8.17078 1.08824e-006
ln_F(62,3)     -4.42268 -4.31844e-007
ln_F(62,4)     -6.70678 1.82432e-006
ln_F(62,5)     -4.72897 -1.81903e-006
ln_F(62,6)     -4.20702 -1.27663e-006
ln_F(62,7)     -4.85366 1.71455e-006
ln_F(63,1)     -4.55061 2.88773e-006
ln_F(63,2)     -5.77961 -9.54583e-007
ln_F(63,3)     -4.92944 -9.11369e-007
ln_F(63,4)     -6.90551 9.31054e-007
ln_F(63,5)     -4.46052 -1.71152e-006
ln_F(63,6)     -4.36283 -5.94008e-007
ln_F(63,7)     -4.47118 2.90322e-006
ln_F(64,1)     -5.97251 1.24459e-006
ln_F(64,2)     -6.46128 -3.45034e-008
ln_F(64,3)     -5.56527 -4.13429e-007
ln_F(64,4)     -6.38367 2.07107e-006
ln_F(64,5)     -4.05686 -2.47204e-006
ln_F(64,6)     -3.95899 -4.10929e-007
ln_F(64,7)     -4.10014 2.18248e-006
ln_F(65,1)     -3.75565 1.94926e-006
ln_F(65,2)     -7.03759 3.51375e-007
ln_F(65,3)     -5.07152 -9.33802e-007
ln_F(65,4)     -6.40012 1.50604e-006
ln_F(65,5)     -4.04954 -2.20525e-006
ln_F(65,6)     -4.59221 -3.5218e-007
ln_F(65,7)      -4.6614 3.37437e-006
ln_F(66,1)     -4.85838 1.68231e-006
ln_F(66,2)     -6.67946 -2.94875e-007
ln_F(66,3)     -6.00923 -4.11959e-007
ln_F(66,4)     -6.48234 5.49655e-007
ln_F(66,5)     -3.92289 -1.01093e-006
ln_F(66,6)      -3.8862 -6.65592e-007
ln_F(66,7)     -4.07652 -2.95551e-007
ln_F(67,1)     -3.76046 1.15636e-006
ln_F(67,2)     -6.09847 -5.67337e-007
ln_F(67,3)     -6.38356 -6.39669e-007
ln_F(67,4)     -6.19279 7.07449e-007
ln_F(67,5)      -4.7405 2.37392e-007
ln_F(67,6)      -4.0768 -1.76818e-006
ln_F(67,7)     -4.69061 3.47373e-006
ln_F(68,1)     -5.24016 7.47945e-007
ln_F(68,2)     -5.17932 5.24147e-007
ln_F(68,3)     -6.24593 2.54592e-007
ln_F(68,4)     -6.73038 1.16712e-006
ln_F(68,5)     -4.01331 -8.69107e-007
ln_F(68,6)      -3.5741 6.79126e-007
ln_F(68,7)     -4.88175 2.82637e-006
ln_F(69,1)     -3.27192 2.22598e-006
ln_F(69,2)      -6.0573 4.45129e-007
ln_F(69,3)     -5.24499 3.22455e-007
ln_F(69,4)     -6.77707 1.65508e-006
ln_F(69,5)     -4.54056 -1.70365e-007
ln_F(69,6)     -3.61104 -7.6018e-007
ln_F(69,7)     -4.85098 3.96439e-006
ln_F(70,1)     -4.29702 1.88333e-006
ln_F(70,2)      -7.5718 1.11508e-006
ln_F(70,3)     -6.50962  2.8231e-007
ln_F(70,4)     -6.81025 1.40925e-006
ln_F(70,5)     -4.26338  -1.197e-006
ln_F(70,6)     -3.62149 -1.52394e-007
ln_F(70,7)     -4.04707 4.36212e-006
ln_F(71,1)     -3.75646 2.25006e-006
ln_F(71,2)     -6.43353 2.78319e-007
ln_F(71,3)     -5.75779  2.0329e-007
ln_F(71,4)     -6.97833  1.7754e-006
ln_F(71,5)     -4.30352 -1.12671e-007
ln_F(71,6)     -3.93226 -1.12385e-006
ln_F(71,7)     -4.40402 4.33185e-006
ln_F(72,1)     -5.49962 1.33049e-006
ln_F(72,2)     -5.95719 -2.70342e-007
ln_F(72,3)     -5.49275 -1.44239e-007
ln_F(72,4)     -7.04637 8.94835e-007
ln_F(72,5)     -4.50125 -7.77471e-007
ln_F(72,6)     -4.32326 -2.27111e-007
ln_F(72,7)     -4.51514 2.03981e-006
ln_F(73,1)     -3.39749 2.54783e-006
ln_F(73,2)     -6.67747 3.66217e-007
ln_F(73,3)      -4.9972 -5.44862e-008
ln_F(73,4)      -7.0856  1.7168e-006
ln_F(73,5)     -4.79039 -5.8218e-007
ln_F(73,6)     -4.41528 -8.2592e-007
ln_F(73,7)     -5.02296 1.51287e-006
ln_F(74,1)     -4.41168 1.10609e-006
ln_F(74,2)     -7.93244 -2.69038e-007
ln_F(74,3)     -6.60636 -4.24738e-007
ln_F(74,4)     -6.92525 2.15697e-007
ln_F(74,5)     -4.76751 -2.76624e-006
ln_F(74,6)     -3.23433 3.57593e-007
ln_F(74,7)     -4.99858 1.14441e-006
ln_F(75,1)     -3.68715 1.32994e-006
ln_F(75,2)     -5.97522 -8.98359e-007
ln_F(75,3)     -6.16598 3.01229e-007
ln_F(75,4)     -6.90444 5.39846e-008
ln_F(75,5)     -4.99317 -1.9325e-006
ln_F(75,6)      -3.0588 -1.25381e-006
ln_F(75,7)     -5.10143  1.1821e-006
ln_F(76,1)     -5.82816  1.4246e-006
ln_F(76,2)     -5.64968 -1.48227e-006
ln_F(76,3)     -5.86701 -5.69267e-007
ln_F(76,4)     -7.00711 -1.03099e-007
ln_F(76,5)     -5.31656 -3.07061e-007
ln_F(76,6)      -3.4365 -1.5596e-006
ln_F(76,7)     -4.93521 1.97652e-006
ln_F(77,1)     -3.83229 2.85552e-006
ln_F(77,2)     -6.76154 -9.27686e-007
ln_F(77,3)     -6.09283 -7.85392e-007
ln_F(77,4)     -7.12388 -4.36069e-007
ln_F(77,5)     -5.50228 -7.10057e-007
ln_F(77,6)     -3.81319 -9.7465e-007
ln_F(77,7)     -5.15148 3.70241e-007
ln_F(78,1)     -4.96137 1.91345e-006
ln_F(78,2)     -6.99427 1.37292e-006
ln_F(78,3)     -6.82077 2.24922e-007
ln_F(78,4)     -6.88617 1.35596e-006
ln_F(78,5)     -4.88928 -2.10793e-006
ln_F(78,6)     -3.38432 -2.28728e-006
ln_F(78,7)     -5.08437 2.17077e-006
ln_F(79,1)     -3.63885 -5.65783e-008
ln_F(79,2)      -5.2353 6.24862e-007
ln_F(79,3)     -5.72939 1.88374e-006
ln_F(79,4)     -6.58475 1.58269e-006
ln_F(79,5)     -4.99009 -6.85779e-007
ln_F(79,6)     -3.18219 -4.04261e-006
ln_F(79,7)     -4.92316  2.7585e-006
ln_F(80,1)     -5.08661 1.42526e-006
ln_F(80,2)      -6.1129 -1.49553e-007
ln_F(80,3)     -5.60559 -1.64491e-007
ln_F(80,4)     -7.09297 1.29928e-006
ln_F(80,5)     -4.62239 -2.83009e-006
ln_F(80,6)     -4.55663 -3.89875e-007
ln_F(80,7)     -4.69699 2.62064e-006
ln_F(81,1)      -3.5871 1.68706e-007
ln_F(81,2)      -6.7504 -2.00656e-008
ln_F(81,3)     -5.95109 4.03477e-007
ln_F(81,4)     -7.12404 1.96085e-006
ln_F(81,5)     -4.98277 -9.78579e-007
ln_F(81,6)     -4.14465 -5.8963e-007
ln_F(81,7)     -4.63659 2.44408e-006
ln_F(82,1)      -4.9703 1.65991e-006
ln_F(82,2)     -7.93599 5.95296e-007
ln_F(82,3)     -6.53201 -3.87849e-007
ln_F(82,4)     -7.17197 6.11891e-007
ln_F(82,5)     -4.83996 -8.38853e-007
ln_F(82,6)     -4.02561 -1.08144e-006
ln_F(82,7)     -4.98147  3.0396e-006
ln_F(83,1)     -4.48279 1.43758e-006
ln_F(83,2)     -6.00201 -2.49489e-007
ln_F(83,3)      -5.9105 -1.56077e-006
ln_F(83,4)     -7.32993 2.46934e-007
ln_F(83,5)     -4.39265 -1.02786e-006
ln_F(83,6)     -4.29863 -3.79573e-007
ln_F(83,7)     -4.93593 2.34602e-006
ln_F(84,1)     -5.27921 1.55682e-006
ln_F(84,2)     -5.62195 8.32723e-007
ln_F(84,3)     -5.88962 -9.61845e-007
ln_F(84,4)     -6.67364 1.20856e-006
ln_F(84,5)     -5.21101 7.73582e-008
ln_F(84,6)     -3.76461 -1.61725e-006
ln_F(84,7)     -4.59386 1.43634e-006
ln_F(85,1)     -3.80955 1.27354e-006
ln_F(85,2)     -6.24222 -4.35422e-007
ln_F(85,3)     -6.28653 -1.34504e-007
ln_F(85,4)     -6.63454 7.51017e-007
ln_F(85,5)     -5.73203 -8.08421e-007
ln_F(85,6)     -3.49797 -1.59515e-006
ln_F(85,7)     -4.94328 2.46084e-006
ln_F(86,1)     -4.70533 8.87434e-007
ln_F(86,2)     -6.79465 -2.06715e-008
ln_F(86,3)     -6.34478 -1.34683e-007
ln_F(86,4)     -6.53217  2.8248e-007
ln_F(86,5)     -5.53313 -6.05135e-007
ln_F(86,6)     -3.08777 -1.86624e-006
ln_F(86,7)     -5.14726 5.33828e-008
ln_F(87,1)     -4.05993   7.783e-007
ln_F(87,2)     -6.43133 5.46584e-007
ln_F(87,3)      -6.1428  2.7987e-008
ln_F(87,4)     -6.52437 1.85605e-006
ln_F(87,5)     -5.96679 -1.00143e-006
ln_F(87,6)     -3.12446 -1.36738e-006
ln_F(87,7)     -4.96517 3.73863e-006
ln_F(88,1)     -5.52776 1.68688e-007
ln_F(88,2)     -6.14241 6.52717e-007
ln_F(88,3)     -5.95659  1.0376e-007
ln_F(88,4)     -7.25136 1.07535e-006
ln_F(88,5)     -6.03499 5.73264e-007
ln_F(88,6)     -4.11184 -2.67879e-007
ln_F(88,7)     -4.53001 2.54454e-006
ln_F(89,1)     -4.03965 1.25633e-006
ln_F(89,2)     -6.80688 1.06471e-006
ln_F(89,3)     -6.13528 3.91203e-007
ln_F(89,4)     -7.20649 1.44252e-006
ln_F(89,5)     -4.99605 6.71883e-009
ln_F(89,6)     -3.89118 -1.54098e-006
ln_F(89,7)     -4.53309 2.71586e-006
ln_F(90,1)     -4.21384 2.01762e-006
ln_F(90,2)     -7.92968 4.03467e-007
ln_F(90,3)      -6.3394 -1.45404e-007
ln_F(90,4)     -6.43196 1.28789e-006
ln_F(90,5)      -4.3473 -7.25283e-007
ln_F(90,6)     -3.18541 1.20898e-006
ln_F(90,7)      -4.4587 1.99166e-006
ln_F(91,1)      -3.5905 1.17935e-006
ln_F(91,2)     -6.29831 9.48964e-007
ln_F(91,3)     -6.44324 4.95975e-007
ln_F(91,4)     -6.33197 1.64798e-006
ln_F(91,5)      -5.4347 -8.1382e-007
ln_F(91,6)     -3.67404 -1.3919e-006
ln_F(91,7)     -4.23756 3.58059e-006
ln_F(92,1)     -5.76153 1.68812e-006
ln_F(92,2)     -6.06863 1.47712e-006
ln_F(92,3)     -5.92123 7.70437e-007
ln_F(92,4)     -6.55558 1.44355e-006
ln_F(92,5)     -5.10338 -5.3232e-007
ln_F(92,6)     -3.87977 -1.59306e-006
ln_F(92,7)     -4.32509 2.00843e-006
ln_F(93,1)     -3.94248 3.14937e-007
ln_F(93,2)     -6.79521 3.53218e-007
ln_F(93,3)     -6.18297 -9.58525e-008
ln_F(93,4)     -6.54706 1.02104e-006
ln_F(93,5)     -5.43911 -9.71231e-007
ln_F(93,6)     -3.97521 -1.0856e-006
ln_F(93,7)     -4.19405 1.78926e-006
ln_F(94,1)     -5.51686  1.7398e-006
ln_F(94,2)     -8.02228  1.5863e-006
ln_F(94,3)     -6.51579 -4.0188e-007
ln_F(94,4)     -6.49832 1.42293e-006
ln_F(94,5)     -4.45382 -2.09441e-007
ln_F(94,6)     -3.55906 -2.94635e-006
ln_F(94,7)      -4.6842 1.58974e-006
ln_F(95,1)      -4.3203 1.33143e-006
ln_F(95,2)     -5.65853 3.80362e-007
ln_F(95,3)     -6.03313   1.488e-007
ln_F(95,4)     -6.78879 2.75038e-006
ln_F(95,5)     -4.81677 -8.64622e-007
ln_F(95,6)     -3.56573 -2.30481e-006
ln_F(95,7)     -4.06693 1.73164e-006
ln_F(96,1)     -5.82861 1.60245e-006
ln_F(96,2)     -3.89881 -1.3321e-006
ln_F(96,3)     -5.56044 -2.4155e-007
ln_F(96,4)     -6.64243   1.752e-006
ln_F(96,5)     -5.28327 -5.95848e-007
ln_F(96,6)     -3.91706 -1.55931e-007
ln_F(96,7)     -4.61049 1.64909e-006
ln_F(97,1)     -4.11342 1.21842e-006
ln_F(97,2)     -4.42448 3.28129e-007
ln_F(97,3)     -5.77606 5.67905e-007
ln_F(97,4)     -6.66444  1.0237e-006
ln_F(97,5)     -4.70922 -1.7121e-006
ln_F(97,6)     -3.90605 7.50747e-009
ln_F(97,7)     -4.87655 3.73993e-006
ln_F(98,1)     -4.63904 1.26245e-006
ln_F(98,2)      -5.7259 6.15813e-008
ln_F(98,3)     -6.71106 -2.47195e-008
ln_F(98,4)     -5.76139 1.02496e-006
ln_F(98,5)     -4.16616 3.36794e-007
ln_F(98,6)     -3.14682 -2.71875e-006
ln_F(98,7)     -4.88961  2.8922e-006
ln_F(99,1)     -4.00587  1.2756e-006
ln_F(99,2)     -4.23793 6.14119e-007
ln_F(99,3)     -6.62532 3.01341e-007
ln_F(99,4)     -5.86321   2.471e-006
ln_F(99,5)     -5.16189 -1.78017e-006
ln_F(99,6)     -3.01468 -2.88226e-006
ln_F(99,7)     -4.68042 3.75123e-006
ln_F(100,1)     -5.88554 2.56089e-006
ln_F(100,2)     -4.47008 4.55139e-007
ln_F(100,3)     -5.80251 -8.08678e-007
ln_F(100,4)      -5.7923 1.84697e-006
ln_F(100,5)     -5.30344 -1.34885e-006
ln_F(100,6)     -3.30859 5.92953e-007
ln_F(100,7)     -4.96313 1.40447e-006
ln_F(101,1)     -3.48623 2.74644e-006
ln_F(101,2)     -4.84721 -3.76509e-007
ln_F(101,3)     -5.50859 3.57488e-007
ln_F(101,4)     -5.78344 1.26733e-007
ln_F(101,5)     -5.71981 1.70119e-007
ln_F(101,6)     -3.94067 -2.17366e-006
ln_F(101,7)     -4.77744 8.53515e-007
ln_F(102,1)     -4.31452 8.82898e-007
ln_F(102,2)     -5.31452 -9.3746e-008
ln_F(102,3)      -6.2074 -9.21105e-007
ln_F(102,4)     -5.25597 1.29576e-006
ln_F(102,5)     -4.27088 -2.68131e-007
ln_F(102,6)     -3.36579 -4.87583e-007
ln_F(102,7)     -4.81124 1.98202e-006
ln_F(103,1)     -3.72804 -2.11688e-007
ln_F(103,2)     -3.85119 -7.78228e-007
ln_F(103,3)     -5.77249 5.74405e-007
ln_F(103,4)     -5.19707   8.179e-007
ln_F(103,5)      -4.5972 1.31563e-007
ln_F(103,6)     -3.13738 9.43719e-007
ln_F(103,7)     -4.32924 8.59705e-007
ln_F(104,1)     -4.85372 8.91231e-007
ln_F(104,2)      -3.7031 -2.47911e-007
ln_F(104,3)     -4.70105 -2.02272e-007
ln_F(104,4)     -5.20121 2.61872e-006
ln_F(104,5)     -4.88469 -1.29011e-006
ln_F(104,6)      -3.7432 -5.38897e-007
ln_F(104,7)     -3.95126 9.74493e-007
ln_F(105,1)     -3.64717 2.16026e-006
ln_F(105,2)     -5.62268  -1.018e-006
ln_F(105,3)     -4.05144 -1.42255e-007
ln_F(105,4)     -5.05803 1.18129e-006
ln_F(105,5)     -4.99483 -1.36742e-006
ln_F(105,6)     -3.71475 1.09541e-007
ln_F(105,7)     -4.14129  2.2284e-006
ln_F(106,1)     -4.68572 2.15453e-006
ln_F(106,2)     -6.93371 -3.13503e-007
ln_F(106,3)     -5.66179 -1.09002e-006
ln_F(106,4)     -5.42126 9.92004e-007
ln_F(106,5)     -4.65044 -1.75255e-006
ln_F(106,6)     -3.21224 1.31678e-007
ln_F(106,7)      -3.3418 4.89174e-006
ln_F(107,1)     -4.04437 2.25179e-006
ln_F(107,2)     -5.31624 5.49699e-007
ln_F(107,3)     -4.72751 -4.37134e-007
ln_F(107,4)     -4.91169 9.56271e-007
ln_F(107,5)     -4.57442 6.34576e-008
ln_F(107,6)     -3.06942 -7.12541e-007
ln_F(107,7)     -3.59575  2.5881e-006
ln_F(108,1)     -5.14816 1.72819e-006
ln_F(108,2)     -4.95262 -7.58554e-007
ln_F(108,3)     -4.77079 -8.00917e-007
ln_F(108,4)     -5.28387 7.52528e-007
ln_F(108,5)     -4.66124 -7.82149e-007
ln_F(108,6)     -3.55431 -4.72416e-007
ln_F(108,7)     -4.19487 1.72022e-006
ln_F(109,1)     -4.21449  1.1769e-006
ln_F(109,2)     -5.49047 3.32147e-007
ln_F(109,3)     -4.70208 2.09198e-006
ln_F(109,4)     -5.46823 9.52096e-007
ln_F(109,5)      -4.9489 1.00481e-006
ln_F(109,6)     -4.24784 -1.70138e-006
ln_F(109,7)     -4.38447 4.02339e-006
ln_F(110,1)     -4.45435 -2.38576e-007
ln_F(110,2)     -7.49639 3.85025e-007
ln_F(110,3)     -6.15717 -8.24827e-007
ln_F(110,4)     -5.38522 3.35276e-006
ln_F(110,5)     -4.12347 6.53287e-007
ln_F(110,6)     -3.66554 -1.47031e-006
ln_F(110,7)     -3.05347 5.21941e-007
ln_F(111,1)     -4.74299 5.56351e-007
ln_F(111,2)     -6.06112 -1.28596e-006
ln_F(111,3)     -5.44904 -2.7457e-007
ln_F(111,4)     -5.22587  1.9221e-007
ln_F(111,5)     -4.55359 -3.99403e-006
ln_F(111,6)       -3.667 -3.66578e-006
ln_F(111,7)     -4.67916 1.06225e-006
ln_F(112,1)     -3.93405 1.03903e-006
ln_F(112,2)     -5.54437 -1.2252e-006
ln_F(112,3)     -4.80846 -2.94591e-007
ln_F(112,4)     -5.10987  1.0392e-006
ln_F(112,5)     -5.04684 6.09034e-008
ln_F(112,6)     -3.44179 -2.03317e-006
ln_F(112,7)     -3.09113 7.43146e-007
ln_F(113,1)     -2.18956 3.44228e-006
ln_F(113,2)     -5.86571 5.99464e-007
ln_F(113,3)     -5.32112 -5.08822e-006
ln_F(113,4)     -5.36386 -4.80856e-006
ln_F(113,5)     -4.66405  3.5082e-007
ln_F(113,6)     -4.67604 -8.21752e-006
ln_F(113,7)     -4.53778 6.83554e-007
ln_F(114,1)     -4.61388 5.20634e-007
ln_F(114,2)     -7.32633 1.14878e-006
ln_F(114,3)     -6.05971 7.74224e-008
ln_F(114,4)     -5.38196 1.17907e-005
ln_F(114,5)     -5.04347 2.28868e-006
ln_F(114,6)     -4.09832 -1.52502e-006
ln_F(114,7)     -4.25592 2.82995e-006
ln_F(115,1)      -4.1601 -1.5184e-006
ln_F(115,2)     -6.39711 1.04089e-006
ln_F(115,3)     -5.93106 -3.61972e-008
ln_F(115,4)     -5.41041 1.90672e-007
ln_F(115,5)     -5.15447 1.45581e-006
ln_F(115,6)     -4.24302 -1.98913e-006
ln_F(115,7)     -4.52494 2.63953e-006
ln_F(116,1)      -5.5606 1.32642e-006
ln_F(116,2)      -5.8711  2.8181e-007
ln_F(116,3)     -5.93413 5.71358e-007
ln_F(116,4)     -6.86155 8.11247e-007
ln_F(116,5)     -4.86557 5.02819e-007
ln_F(116,6)     -4.92304 -6.29624e-007
ln_F(116,7)      -4.4045 2.22199e-006
ln_F(117,1)     -5.10765 2.76568e-006
ln_F(117,2)     -5.66742 -1.91322e-006
ln_F(117,3)     -6.06924 1.48194e-006
ln_F(117,4)     -6.96179 1.09133e-006
ln_F(117,5)     -4.92613 -1.50287e-006
ln_F(117,6)     -5.35655 6.57943e-006
ln_F(117,7)     -4.41641  3.4798e-006
ln_F(118,1)     -5.34959 3.08347e-006
ln_F(118,2)     -7.12596 -8.14395e-007
ln_F(118,3)     -7.68971 8.99922e-007
ln_F(118,4)     -7.05854 8.10288e-007
ln_F(118,5)      -5.0688 -1.13176e-006
ln_F(118,6)     -4.89518 2.10325e-006
ln_F(118,7)     -4.53084 4.41144e-006
ln_F(119,1)     -4.82912 3.00367e-006
ln_F(119,2)     -6.53858 -1.67543e-006
ln_F(119,3)     -6.95745 7.62756e-007
ln_F(119,4)     -6.88247 -1.80196e-006
ln_F(119,5)     -4.42155 -2.57612e-006
ln_F(119,6)     -4.22608 -2.04771e-006
ln_F(119,7)     -4.33662 4.96704e-006
ln_F(120,1)     -5.55616   2.223e-006
ln_F(120,2)     -6.40633 -3.45931e-007
ln_F(120,3)     -6.45359 -1.95881e-006
ln_F(120,4)       -7.064 1.81454e-007
ln_F(120,5)     -4.96346 -4.89334e-007
ln_F(120,6)     -5.23894 -6.44656e-006
ln_F(120,7)     -4.38328 2.02792e-006
ln_F(121,1)     -4.94621  1.5428e-006
ln_F(121,2)     -6.77883 -2.90753e-008
ln_F(121,3)     -7.05116 2.20442e-006
ln_F(121,4)     -7.11952 1.77422e-006
ln_F(121,5)     -4.67419 1.69296e-006
ln_F(121,6)     -5.11963 2.69361e-006
ln_F(121,7)      -5.1323 2.99453e-006
ln_F(122,1)       -5.248 3.47689e-006
ln_F(122,2)     -7.38402 4.24946e-007
ln_F(122,3)      -8.1239 4.29787e-007
ln_F(122,4)      -6.8439 1.55507e-006
ln_F(122,5)     -3.61171 -4.02537e-006
ln_F(122,6)     -3.62139 2.07148e-006
ln_F(122,7)       -4.872 2.07941e-006
ln_F(123,1)     -5.48609 3.55695e-006
ln_F(123,2)     -6.84221 1.26795e-006
ln_F(123,3)     -7.61242 -4.30628e-008
ln_F(123,4)     -6.98601  1.1747e-006
ln_F(123,5)     -4.63345 3.17147e-007
ln_F(123,6)     -4.46163 -1.85912e-006
ln_F(123,7)     -5.01056  3.7019e-006
ln_F(124,1)     -6.58049 3.41546e-006
ln_F(124,2)      -5.7886 1.06696e-006
ln_F(124,3)     -7.28124 1.18908e-006
ln_F(124,4)     -7.36912 1.45757e-006
ln_F(124,5)     -4.87675 1.50053e-006
ln_F(124,6)     -4.56616 -2.0702e-006
ln_F(124,7)     -5.03495 2.62489e-006
ln_F(125,1)     -4.24155 1.55382e-006
ln_F(125,2)     -5.36079 7.27448e-007
ln_F(125,3)     -7.10443 9.58127e-007
ln_F(125,4)     -6.47907 2.52375e-006
ln_F(125,5)       -4.355 -1.05207e-006
ln_F(125,6)     -5.00207  1.1591e-006
ln_F(125,7)     -4.91215 2.44049e-006
ln_F(126,1)     -5.19908 5.68589e-007
ln_F(126,2)     -6.61109 2.05034e-006
ln_F(126,3)     -7.80331 2.84318e-007
ln_F(126,4)     -6.42345  2.6976e-006
ln_F(126,5)     -4.27178 -5.47276e-007
ln_F(126,6)     -4.06675 1.97103e-006
ln_F(126,7)     -4.85659 1.36606e-006
ln_F(127,1)     -4.93345  3.9124e-007
ln_F(127,2)     -5.08676 1.83614e-006
ln_F(127,3)     -7.33567 -4.11407e-007
ln_F(127,4)     -6.57672 9.55798e-007
ln_F(127,5)     -4.60491 -3.3717e-007
ln_F(127,6)     -4.16005 3.25673e-006
ln_F(127,7)     -4.75064 1.36651e-006
ln_F(128,1)     -4.38771 1.22608e-006
ln_F(128,2)     -4.58733 9.43013e-007
ln_F(128,3)     -7.35561 -1.48034e-006
ln_F(128,4)     -6.87618 4.66758e-007
ln_F(128,5)     -4.52654 -1.40937e-006
ln_F(128,6)     -3.85765  6.6805e-006
ln_F(128,7)     -4.49015 1.14013e-006
ln_F(129,1)     -4.30685 -2.91943e-007
ln_F(129,2)     -5.00323  7.4578e-007
ln_F(129,3)     -7.81729 -2.58606e-007
ln_F(129,4)     -6.82949  2.1625e-006
ln_F(129,5)     -4.33996 3.80628e-007
ln_F(129,6)     -4.10204 -3.11719e-006
ln_F(129,7)     -4.56752 3.15372e-006
ln_F(130,1)     -4.22903 5.86593e-007
ln_F(130,2)      -6.8984 -1.29532e-006
ln_F(130,3)      -7.5825 -3.45218e-007
ln_F(130,4)     -6.95716 7.64015e-007
ln_F(130,5)     -4.73171 4.25342e-007
ln_F(130,6)     -3.40775 -1.3594e-006
ln_F(130,7)     -4.46562 1.38153e-006
ln_F(131,1)     -4.16091 -2.56726e-007
ln_F(131,2)     -6.24441 -3.93298e-007
ln_F(131,3)      -6.6412 -7.77859e-007
ln_F(131,4)     -6.90952 3.34982e-007
ln_F(131,5)     -4.45048 -6.60388e-007
ln_F(131,6)     -3.47935 -4.99639e-007
ln_F(131,7)     -4.63119 -2.98456e-007
ln_F(132,1)     -5.00164 2.07268e-007
ln_F(132,2)     -5.29836 3.13613e-007
ln_F(132,3)     -7.41578 1.85289e-007
ln_F(132,4)     -7.30711 1.78925e-006
ln_F(132,5)     -5.14882 -5.86977e-007
ln_F(132,6)     -3.57116 -1.83392e-006
ln_F(132,7)     -4.63229 1.09664e-006
ln_F(133,1)     -3.31245 5.07396e-007
ln_F(133,2)     -5.56797 -7.6129e-008
ln_F(133,3)     -7.25191 -4.65957e-007
ln_F(133,4)     -7.09446  7.0794e-007
ln_F(133,5)     -4.85264 -9.52182e-007
ln_F(133,6)     -4.08701 -8.70466e-007
ln_F(133,7)     -4.66077 2.44069e-006
ln_F(134,1)     -4.20335 1.05302e-006
ln_F(134,2)     -5.41548  6.6435e-007
ln_F(134,3)     -6.95525 -1.06519e-007
ln_F(134,4)     -7.00466 2.39939e-007
ln_F(134,5)     -4.11327 -7.55476e-007
ln_F(134,6)     -3.17752 -2.45925e-006
ln_F(134,7)     -4.53245  1.9163e-006
ln_F(135,1)     -3.17055 1.71769e-006
ln_F(135,2)     -5.47875 -1.33164e-006
ln_F(135,3)     -6.15933 -5.50607e-007
ln_F(135,4)     -6.79027 2.19129e-006
ln_F(135,5)      -4.7577 -1.06115e-006
ln_F(135,6)     -2.90257 -3.69339e-006
ln_F(135,7)     -4.72708 4.43232e-006
ln_F(136,1)      -2.9977 1.82148e-006
ln_F(136,2)     -4.79887 -1.71233e-006
ln_F(136,3)     -6.54276 4.04278e-008
ln_F(136,4)     -5.95351 2.21418e-006
ln_F(136,5)     -3.03327 -1.69736e-006
ln_F(136,6)     -3.03722 -1.82116e-006
ln_F(136,7)       -4.338 2.41872e-006
ln_F(137,1)     -3.67002 2.66982e-006
ln_F(137,2)     -5.08321 -8.05443e-007
ln_F(137,3)     -6.45448 6.31303e-007
ln_F(137,4)     -6.34711 5.20721e-007
ln_F(137,5)     -4.26583 -5.47096e-007
ln_F(137,6)     -3.84158 -1.12448e-006
ln_F(137,7)     -4.30362 2.28133e-006
ln_F(138,1)     -3.17999  3.9688e-007
ln_F(138,2)      -5.6558 -1.1228e-006
ln_F(138,3)     -7.58762    6.17e-007
ln_F(138,4)     -6.05976 7.93614e-007
ln_F(138,5)     -4.26583 1.51671e-007
ln_F(138,6)     -3.27657 -8.59258e-007
ln_F(138,7)     -4.34885 9.03046e-007
ln_F(139,1)     -3.26109 5.07044e-007
ln_F(139,2)     -4.98622 -9.97647e-008
ln_F(139,3)     -6.58678 6.06756e-007
ln_F(139,4)     -5.91832 -2.59251e-007
ln_F(139,5)     -3.78981 -6.27371e-007
ln_F(139,6)     -3.16349 -4.31142e-007
ln_F(139,7)     -4.40286 2.66533e-006
ln_F(140,1)     -3.58767  1.1767e-007
ln_F(140,2)     -4.82221 -1.39282e-007
ln_F(140,3)     -6.43991 -2.58059e-007
ln_F(140,4)     -5.78323 -2.97626e-007
ln_F(140,5)      -3.6131 -1.70005e-006
ln_F(140,6)     -2.74771 -1.40251e-006
ln_F(140,7)     -4.21381  1.0643e-006
ln_F(141,1)     -3.67321 3.70615e-007
ln_F(141,2)     -5.60955 -8.50391e-007
ln_F(141,3)     -6.81691 4.68624e-008
ln_F(141,4)     -6.00033  3.3447e-007
ln_F(141,5)     -4.19874 -4.82171e-007
ln_F(141,6)     -3.49131 -8.99132e-007
ln_F(141,7)     -4.28045 2.74117e-006
ln_F(142,1)     -3.18376 3.88308e-007
ln_F(142,2)     -5.74832 4.35736e-007
ln_F(142,3)     -8.12813 5.03077e-007
ln_F(142,4)     -5.65297 3.58465e-007
ln_F(142,5)     -3.71271 -1.48064e-006
ln_F(142,6)      -2.6358 -6.88678e-007
ln_F(142,7)     -4.10662 2.90124e-006
ln_F(143,1)     -2.53028 1.40457e-006
ln_F(143,2)     -3.58097  8.0747e-007
ln_F(143,3)     -6.32952  1.0605e-006
ln_F(143,4)     -5.46378 1.40833e-006
ln_F(143,5)     -3.37602 8.00088e-008
ln_F(143,6)     -2.80381 -9.31724e-007
ln_F(143,7)      -3.2098 2.89927e-006
ln_F(144,1)      -3.0609 1.27189e-006
ln_F(144,2)     -3.55419 2.47182e-007
ln_F(144,3)     -6.13505 -7.24245e-007
ln_F(144,4)     -5.49182 2.14613e-006
ln_F(144,5)     -3.96132 -5.8722e-007
ln_F(144,6)     -2.71431 -1.75082e-006
ln_F(144,7)     -3.21467 2.85547e-006
ln_F(145,1)     -2.81769 3.77307e-008
ln_F(145,2)     -3.37644 -6.84196e-007
ln_F(145,3)      -6.6296 1.19645e-007
ln_F(145,4)     -5.26746 2.89482e-006
ln_F(145,5)     -3.77019 -4.26463e-007
ln_F(145,6)     -3.41406 -1.76541e-007
ln_F(145,7)     -3.46863 2.80825e-006
ln_F(146,1)     -3.11423 1.15608e-006
ln_F(146,2)     -3.80079 -1.44636e-007
ln_F(146,3)      -8.2197 2.00121e-006
ln_F(146,4)     -5.58016 1.01099e-006
ln_F(146,5)     -4.09485 -9.74684e-007
ln_F(146,6)     -2.79959 -2.25336e-006
ln_F(146,7)     -3.54986 2.47704e-006
ln_F(147,1)     -2.91649 1.18293e-006
ln_F(147,2)     -2.85872 -9.48765e-007
ln_F(147,3)      -6.2132 -1.03217e-007
ln_F(147,4)     -5.37331 2.53766e-006
ln_F(147,5)     -3.90537 1.08018e-006
ln_F(147,6)     -2.89308 -1.68994e-006
ln_F(147,7)     -3.54328 2.07104e-006
ln_F(148,1)     -2.90646 2.79433e-008
ln_F(148,2)     -2.31355 1.56624e-006
ln_F(148,3)      -5.9193 5.90198e-007
ln_F(148,4)     -5.34609 1.08291e-006
ln_F(148,5)     -4.09782 -1.07067e-006
ln_F(148,6)     -2.76793 -2.29374e-006
ln_F(148,7)     -3.67719 2.63167e-006
ln_F(149,1)     -2.99712 1.27271e-006
ln_F(149,2)     -4.65601 -1.04035e-006
ln_F(149,3)     -6.52157 1.13169e-006
ln_F(149,4)     -5.51528 1.69802e-006
ln_F(149,5)     -4.27821  6.5056e-007
ln_F(149,6)     -3.35035 -1.39124e-006
ln_F(149,7)     -3.75829 3.21912e-006
ln_F(150,1)     -2.70422 7.53575e-007
ln_F(150,2)     -5.00216 -1.81465e-006
ln_F(150,3)     -7.49126 3.47582e-007
ln_F(150,4)     -5.24235 -8.2616e-007
ln_F(150,5)     -4.17492 -5.95678e-007
ln_F(150,6)     -2.83047 -2.41817e-006
ln_F(150,7)     -3.34423 -5.05694e-007
ln_F(151,1)     -2.68419 2.99275e-006
ln_F(151,2)     -3.84294 4.32692e-007
ln_F(151,3)     -5.94901 6.86759e-007
ln_F(151,4)     -5.07817 1.37975e-006
ln_F(151,5)     -3.15901 -8.0209e-007
ln_F(151,6)     -2.45124 -1.64184e-006
ln_F(151,7)     -3.38749  3.5111e-006
ln_F(152,1)     -7.95048 -4.12498e-007
ln_F(152,2)     -6.26086 1.13085e-008
ln_F(152,3)     -6.99382 1.22863e-007
ln_F(152,4)     -8.93076 8.14238e-007
ln_F(152,5)     -6.26086 1.13085e-008
ln_F(152,6)      -14.479 2.65001e-006
ln_F(152,7)     -7.10424 5.01437e-006
ln_F(153,1)     -7.81908 -7.08867e-007
ln_F(153,2)     -6.26086 1.13085e-008
ln_F(153,3)     -6.46391 9.37546e-007
ln_F(153,4)     -8.64095 -2.36404e-007
ln_F(153,5)     -6.26086 1.13085e-008
ln_F(153,6)     -11.3549  3.3584e-007
ln_F(153,7)     -6.62029  1.7254e-006
ln_F(154,1)     -8.34585 -5.86766e-007
ln_F(154,2)     -6.26086 1.13085e-008
ln_F(154,3)     -7.61752 -1.12989e-006
ln_F(154,4)     -8.54733 1.84196e-007
ln_F(154,5)     -6.26086 1.13085e-008
ln_F(154,6)     -9.20786 5.15141e-007
ln_F(154,7)     -7.32076 3.43049e-006
ln_F(155,1)      -8.9288 -1.38479e-006
ln_F(155,2)     -6.26086 1.13085e-008
ln_F(155,3)     -7.29252 1.45256e-007
ln_F(155,4)     -8.66511 8.31739e-008
ln_F(155,5)     -6.26086 1.13085e-008
ln_F(155,6)     -11.8041 5.38423e-007
ln_F(155,7)     -6.43602 3.88168e-006
ln_F(156,1)     -8.41497 -6.14428e-007
ln_F(156,2)     -6.26086 1.13085e-008
ln_F(156,3)     -6.87475 3.27989e-007
ln_F(156,4)     -8.94612 -2.51724e-007
ln_F(156,5)     -6.26086 1.13085e-008
ln_F(156,6)     -11.3046 3.75422e-007
ln_F(156,7)     -7.20143 4.00304e-006
ln_F(157,1)     -7.65416 -1.15182e-006
ln_F(157,2)     -6.26086 1.13085e-008
ln_F(157,3)     -6.18425 -6.00613e-007
ln_F(157,4)     -8.58717 -1.49982e-007
ln_F(157,5)     -6.26086 1.13085e-008
ln_F(157,6)     -11.7954 -1.15591e-007
ln_F(157,7)     -6.43699 5.42855e-006
ln_F(158,1)     -7.49704 -8.35797e-007
ln_F(158,2)     -6.26086 1.13085e-008
ln_F(158,3)     -7.09579 1.13156e-006
ln_F(158,4)     -8.44187 4.24976e-007
ln_F(158,5)     -6.26086 1.13085e-008
ln_F(158,6)     -10.3493 1.30675e-006
ln_F(158,7)     -6.86765 6.08301e-006
ln_F(159,1)     -9.52755 -9.46284e-008
ln_F(159,2)     -6.26086 1.13085e-008
ln_F(159,3)     -6.80556 1.46719e-007
ln_F(159,4)     -8.35862 -6.00066e-008
ln_F(159,5)     -6.26086 1.13085e-008
ln_F(159,6)     -11.0332 -2.69314e-007
ln_F(159,7)     -6.16866 5.43756e-006
ln_F(160,1)     -9.66367  -3.092e-007
ln_F(160,2)     -6.26086 1.13085e-008
ln_F(160,3)     -6.56848 -2.55723e-007
ln_F(160,4)      -8.5524 8.46013e-007
ln_F(160,5)     -6.26086 1.13085e-008
ln_F(160,6)     -10.5285 8.87571e-007
ln_F(160,7)     -5.97815 7.27394e-006
ln_F(161,1)     -6.18433 -9.33346e-009
ln_F(161,2)     -6.26086 1.13085e-008
ln_F(161,3)     -6.43342 7.56086e-007
ln_F(161,4)     -8.22137 1.39718e-006
ln_F(161,5)     -6.26086 1.13085e-008
ln_F(161,6)     -11.2317 8.02407e-007
ln_F(161,7)     -5.92598 5.67207e-006
ln_F(162,1)      -8.3316 -7.02218e-007
ln_F(162,2)     -6.26086 1.13085e-008
ln_F(162,3)     -7.46043 -3.41444e-007
ln_F(162,4)     -8.13277 6.68531e-007
ln_F(162,5)     -6.26086 1.13085e-008
ln_F(162,6)     -10.1031 -2.30525e-007
ln_F(162,7)     -6.47638 5.08807e-006
ln_F(163,1)     -9.43161 -5.28937e-007
ln_F(163,2)     -6.26086 1.13085e-008
ln_F(163,3)     -6.98103 2.30934e-007
ln_F(163,4)     -8.13425 9.64767e-007
ln_F(163,5)     -6.26086 1.13085e-008
ln_F(163,6)     -12.7988 -7.02562e-006
ln_F(163,7)     -6.28545 4.55537e-006
ln_F(164,1)     -9.62441 -1.01573e-006
ln_F(164,2)     -6.26086 1.13085e-008
ln_F(164,3)     -7.15589 -2.42916e-008
ln_F(164,4)     -8.36796 3.84263e-007
ln_F(164,5)     -6.26086 1.13085e-008
ln_F(164,6)     -12.6931 -3.10836e-007
ln_F(164,7)     -5.50929 4.33697e-006
ln_F(165,1)     -5.95515 -9.47586e-007
ln_F(165,2)     -6.26086 1.13085e-008
ln_F(165,3)     -6.83923 6.78682e-007
ln_F(165,4)     -8.13078 5.25882e-007
ln_F(165,5)     -6.26086 1.13085e-008
ln_F(165,6)     -13.2114 1.16491e-006
ln_F(165,7)     -6.32576 3.19953e-006
ln_F(166,1)     -9.20008 -1.33237e-006
ln_F(166,2)     -6.26086 1.13085e-008
ln_F(166,3)     -7.26247 -2.40364e-007
ln_F(166,4)     -8.06577 -3.06367e-008
ln_F(166,5)     -6.26086 1.13085e-008
ln_F(166,6)     -12.2643 -4.65517e-007
ln_F(166,7)      -6.3455 3.44881e-006
ln_F(167,1)     -7.78042 -7.02122e-007
ln_F(167,2)     -6.26086 1.13085e-008
ln_F(167,3)     -7.10561 -4.81872e-007
ln_F(167,4)     -7.68745   5.995e-007
ln_F(167,5)     -6.26086 1.13085e-008
ln_F(167,6)     -11.9841 -2.05426e-007
ln_F(167,7)      -6.6847 2.10102e-006
ln_F(168,1)     -7.78939 -1.57538e-006
ln_F(168,2)     -6.26086 1.13085e-008
ln_F(168,3)     -7.24895 -1.08538e-007
ln_F(168,4)     -8.15541 -7.93221e-007
ln_F(168,5)     -6.26086 1.13085e-008
ln_F(168,6)     -11.7209 -1.0077e-006
ln_F(168,7)     -5.86733 3.62488e-006
ln_F(169,1)      -7.4427 -1.44362e-006
ln_F(169,2)     -6.26086 1.13085e-008
ln_F(169,3)     -7.01665 6.09358e-007
ln_F(169,4)     -7.72671 -3.85726e-007
ln_F(169,5)     -6.26086 1.13085e-008
ln_F(169,6)     -11.1142 -7.75374e-007
ln_F(169,7)     -6.51277 3.03915e-006
ln_F(170,1)     -7.73934 -1.07261e-006
ln_F(170,2)     -6.26086 1.13085e-008
ln_F(170,3)     -6.96553 4.63469e-007
ln_F(170,4)     -7.65118 -5.75188e-008
ln_F(170,5)     -6.26086 1.13085e-008
ln_F(170,6)     -10.6159 -4.31988e-007
ln_F(170,7)     -6.57108 2.45671e-006
ln_F(171,1)     -7.93408 -2.20717e-006
ln_F(171,2)     -6.26086 1.13085e-008
ln_F(171,3)     -6.50157 3.11622e-007
ln_F(171,4)     -7.73004 -6.15851e-007
ln_F(171,5)     -6.26086 1.13085e-008
ln_F(171,6)     -11.2834 -6.06432e-007
ln_F(171,7)     -6.98692 3.48015e-006
ln_F(172,1)     -7.83447 -1.89271e-006
ln_F(172,2)     -6.26086 1.13085e-008
ln_F(172,3)     -7.30481 -2.81032e-007
ln_F(172,4)     -8.26993 4.34106e-008
ln_F(172,5)     -6.26086 1.13085e-008
ln_F(172,6)      -11.467 -7.87492e-007
ln_F(172,7)     -6.73551 2.67534e-006
ln_F(173,1)     -7.36419 -2.05449e-006
ln_F(173,2)     -6.26086 1.13085e-008
ln_F(173,3)      -6.8496 -7.52403e-008
ln_F(173,4)     -7.73184 -6.14861e-007
ln_F(173,5)     -6.26086 1.13085e-008
ln_F(173,6)     -13.7961 -2.98623e-006
ln_F(173,7)     -6.06514 2.82488e-006
ln_F(174,1)     -7.69553 -1.74803e-006
ln_F(174,2)     -6.26086 1.13085e-008
ln_F(174,3)     -7.05919 -1.44445e-006
ln_F(174,4)     -7.73838  5.5965e-007
ln_F(174,5)     -6.26086 1.13085e-008
ln_F(174,6)     -12.7538 1.19537e-007
ln_F(174,7)      -6.7826 3.27109e-006
ln_F(175,1)     -8.11833 -1.11124e-006
ln_F(175,2)     -6.26086 1.13085e-008
ln_F(175,3)     -6.68079 -7.39868e-007
ln_F(175,4)     -7.75559  2.7552e-007
ln_F(175,5)     -6.26086 1.13085e-008
ln_F(175,6)     -12.0878 -3.1896e-007
ln_F(175,7)     -6.57798 4.60531e-006
ln_F(176,1)     -7.97407 -1.56283e-006
ln_F(176,2)     -6.26086 1.13085e-008
ln_F(176,3)     -7.23738 -9.09641e-007
ln_F(176,4)     -8.17877  1.2787e-006
ln_F(176,5)     -6.26086 1.13085e-008
ln_F(176,6)     -11.8552 -8.29301e-007
ln_F(176,7)     -5.87827 6.25675e-006
ln_F(177,1)      -7.3977 -1.64481e-006
ln_F(177,2)     -6.26086 1.13085e-008
ln_F(177,3)     -7.01256 1.14057e-007
ln_F(177,4)     -7.55663 1.11043e-006
ln_F(177,5)     -6.26086 1.13085e-008
ln_F(177,6)     -10.9433 -3.84339e-007
ln_F(177,7)     -6.14706   4.278e-006
ln_F(178,1)     -7.85442 -1.20603e-006
ln_F(178,2)     -6.26086 1.13085e-008
ln_F(178,3)     -6.92889 8.69528e-007
ln_F(178,4)     -7.47525  1.1314e-006
ln_F(178,5)     -6.26086 1.13085e-008
ln_F(178,6)     -11.5307 1.29013e-007
ln_F(178,7)     -6.75176 3.37961e-006
ln_F(179,1)      -7.8489 -1.78662e-007
ln_F(179,2)     -6.26086 1.13085e-008
ln_F(179,3)     -6.34568 -3.10814e-007
ln_F(179,4)     -7.27627 5.15997e-007
ln_F(179,5)     -6.26086 1.13085e-008
ln_F(179,6)     -12.5523 2.34965e-006
ln_F(179,7)     -6.65621 3.52809e-006
ln_F(180,1)     -7.68586 1.89713e-007
ln_F(180,2)     -6.26086 1.13085e-008
ln_F(180,3)     -6.72602 3.17865e-007
ln_F(180,4)     -7.81155 9.05521e-007
ln_F(180,5)     -6.26086 1.13085e-008
ln_F(180,6)     -6.26086 1.13085e-008
ln_F(180,7)      -6.2262 5.15723e-006
ln_F(181,1)     -6.80823 -2.08684e-006
ln_F(181,2)     -6.26086 1.13085e-008
ln_F(181,3)     -6.41039 -1.35738e-006
ln_F(181,4)     -7.63061 -1.03464e-006
ln_F(181,5)     -6.26086 1.13085e-008
ln_F(181,6)     -6.26086 1.13085e-008
ln_F(181,7)     -4.92104 1.05021e-005
ln_F(182,1)      -7.5144 -2.32244e-006
ln_F(182,2)     -6.26086 1.13085e-008
ln_F(182,3)     -7.11097 -5.89191e-007
ln_F(182,4)     -7.56586 -1.01432e-006
ln_F(182,5)     -6.26086 1.13085e-008
ln_F(182,6)     -11.6863 -1.51629e-006
ln_F(182,7)     -5.78064 4.35335e-006
ln_F(183,1)     -8.69225 -1.93903e-006
ln_F(183,2)     -6.26086 1.13085e-008
ln_F(183,3)     -6.03444 -8.30462e-007
ln_F(183,4)     -8.59951 -3.05451e-007
ln_F(183,5)     -6.26086 1.13085e-008
ln_F(183,6)     -13.5517 -2.42455e-006
ln_F(183,7)     -6.09215 3.83541e-006
ln_F(184,1)     -8.64688 -3.1468e-006
ln_F(184,2)     -6.26086 1.13085e-008
ln_F(184,3)     -7.23944 -6.03587e-007
ln_F(184,4)     -8.27239 -2.04826e-007
ln_F(184,5)     -6.26086 1.13085e-008
ln_F(184,6)     -6.26086 1.13085e-008
ln_F(184,7)     -5.91849 3.15408e-006
ln_F(185,1)     -8.28433 -2.08491e-006
ln_F(185,2)     -6.26086 1.13085e-008
ln_F(185,3)     -6.63014 -1.57059e-006
ln_F(185,4)     -7.67111 -5.51733e-007
ln_F(185,5)     -6.26086 1.13085e-008
ln_F(185,6)     -6.26086 1.13085e-008
ln_F(185,7)     -5.16007 5.62103e-006
ln_F(186,1)     -8.52638 -3.06248e-006
ln_F(186,2)     -6.26086 1.13085e-008
ln_F(186,3)     -6.84864 -8.37023e-007
ln_F(186,4)     -7.68143 5.14387e-007
ln_F(186,5)     -6.26086 1.13085e-008
ln_F(186,6)          -15 -1.52968e-006
ln_F(186,7)     -6.18421 3.56836e-006
ln_F(187,1)     -9.98558 -1.61463e-006
ln_F(187,2)     -6.26086 1.13085e-008
ln_F(187,3)     -6.15012 -5.76377e-007
ln_F(187,4)      -7.6275 -6.5479e-007
ln_F(187,5)     -6.26086 1.13085e-008
ln_F(187,6)     -10.2375 -7.22268e-007
ln_F(187,7)     -5.41231 5.69306e-006
ln_F(188,1)     -7.36572 -1.86474e-006
ln_F(188,2)     -6.26086 1.13085e-008
ln_F(188,3)     -6.76732 -3.08249e-007
ln_F(188,4)     -8.10928 -2.16726e-007
ln_F(188,5)     -6.26086 1.13085e-008
ln_F(188,6)     -11.2322 -9.99563e-007
ln_F(188,7)     -5.35453 4.75087e-006
ln_F(189,1)     -8.41707 -2.10477e-006
ln_F(189,2)     -6.26086 1.13085e-008
ln_F(189,3)     -6.87416 -1.42914e-007
ln_F(189,4)     -7.70197 -1.09875e-006
ln_F(189,5)     -6.26086 1.13085e-008
ln_F(189,6)     -10.9384 -8.27313e-007
ln_F(189,7)     -5.06699 4.05004e-006
ln_F(190,1)     -9.58518 -1.88538e-006
ln_F(190,2)     -6.26086 1.13085e-008
ln_F(190,3)     -6.72781  5.0081e-007
ln_F(190,4)     -7.77514 -1.04101e-006
ln_F(190,5)     -6.26086 1.13085e-008
ln_F(190,6)     -10.8518 -1.01815e-006
ln_F(190,7)     -5.56621 3.54169e-006
ln_F(191,1)     -8.34505 -6.96195e-007
ln_F(191,2)     -6.26086 1.13085e-008
ln_F(191,3)     -5.61691 -1.12659e-006
ln_F(191,4)     -7.63979 -8.43706e-009
ln_F(191,5)     -6.26086 1.13085e-008
ln_F(191,6)     -12.4876 2.85232e-007
ln_F(191,7)     -5.59889  3.5757e-006
ln_F(192,1)     -7.85702 -1.87294e-006
ln_F(192,2)     -6.26086 1.13085e-008
ln_F(192,3)     -6.36281 -7.23301e-007
ln_F(192,4)     -8.17213 -7.81134e-007
ln_F(192,5)     -6.26086 1.13085e-008
ln_F(192,6)     -13.0916 -1.93395e-006
ln_F(192,7)     -5.50036 4.40967e-006
ln_F(193,1)     -7.09528 -1.48768e-006
ln_F(193,2)     -6.26086 1.13085e-008
ln_F(193,3)     -6.36619 4.68415e-007
ln_F(193,4)     -7.57188 -6.75579e-007
ln_F(193,5)     -6.26086 1.13085e-008
ln_F(193,6)     -11.7606 -1.55308e-006
ln_F(193,7)     -5.39649 3.31715e-006
ln_F(194,1)       -7.516 -2.11657e-006
ln_F(194,2)     -6.26086 1.13085e-008
ln_F(194,3)     -6.27231 -8.85819e-007
ln_F(194,4)     -7.50009 -5.47315e-007
ln_F(194,5)     -6.26086 1.13085e-008
ln_F(194,6)      -10.282 -1.42178e-006
ln_F(194,7)     -5.73616 3.15239e-006
ln_F(195,1)     -6.61772 -1.85769e-006
ln_F(195,2)     -6.26086 1.13085e-008
ln_F(195,3)     -4.89469  -6.826e-007
ln_F(195,4)     -6.66672 2.73749e-007
ln_F(195,5)     -6.26086 1.13085e-008
ln_F(195,6)     -6.26086 1.13085e-008
ln_F(195,7)     -6.05261 3.19474e-006
ln_F(196,1)     -11.8377 -6.62708e-007
ln_F(196,2)     -6.26086 1.13085e-008
ln_F(196,3)     -5.58319 -1.97358e-007
ln_F(196,4)     -7.74956 -5.57719e-007
ln_F(196,5)     -6.26086 1.13085e-008
ln_F(196,6)     -6.26086 1.13085e-008
ln_F(196,7)     -6.06117  4.1354e-006
ln_F(197,1)     -7.73572 -2.01967e-006
ln_F(197,2)     -6.26086 1.13085e-008
ln_F(197,3)     -5.80471 -1.65328e-006
ln_F(197,4)     -7.68604 -1.29495e-006
ln_F(197,5)     -6.26086 1.13085e-008
ln_F(197,6)     -6.26086 1.13085e-008
ln_F(197,7)     -5.73781 3.79301e-006
ln_F(198,1)      -10.497 -1.20005e-006
ln_F(198,2)     -6.26086 1.13085e-008
ln_F(198,3)      -4.7102  8.5943e-007
ln_F(198,4)     -7.30833 -1.32612e-007
ln_F(198,5)     -6.26086 1.13085e-008
ln_F(198,6)     -6.26086 1.13085e-008
ln_F(198,7)     -4.81854 2.53215e-006
ln_F(199,1)     -8.09012 -2.78528e-006
ln_F(199,2)     -6.26086 1.13085e-008
ln_F(199,3)     -4.52947 -1.03958e-006
ln_F(199,4)     -7.29114 -1.37687e-006
ln_F(199,5)     -6.26086 1.13085e-008
ln_F(199,6)     -11.5444 -5.03216e-007
ln_F(199,7)     -5.47685 2.70136e-006
ln_F(200,1)      -7.8251 -2.10197e-006
ln_F(200,2)     -6.26086 1.13085e-008
ln_F(200,3)     -6.56274 -4.5964e-008
ln_F(200,4)     -7.64215 3.93634e-007
ln_F(200,5)     -6.26086 1.13085e-008
ln_F(200,6)     -14.6444 -5.81323e-006
ln_F(200,7)     -5.99126 5.25361e-006
ln_F(201,1)     -6.95512 -1.17174e-006
ln_F(201,2)     -6.26086 1.13085e-008
ln_F(201,3)     -4.66105 1.08575e-007
ln_F(201,4)     -7.44216 1.00776e-006
ln_F(201,5)     -6.26086 1.13085e-008
ln_F(201,6)     -13.1884 -1.29355e-008
ln_F(201,7)     -5.43209 3.42317e-006
ln_F(202,1)     -7.54789 -6.51174e-007
ln_F(202,2)     -6.26086 1.13085e-008
ln_F(202,3)     -5.51563 -9.86853e-007
ln_F(202,4)     -7.35475 -6.76605e-007
ln_F(202,5)     -6.26086 1.13085e-008
ln_F(202,6)          -15 2.45655e-007
ln_F(202,7)     -5.83448 2.52941e-006
ln_F(203,1)     -8.28417 -4.62897e-007
ln_F(203,2)     -6.26086 1.13085e-008
ln_F(203,3)     -4.46845 -4.06633e-007
ln_F(203,4)     -7.27811 4.82884e-007
ln_F(203,5)     -6.26086 1.13085e-008
ln_F(203,6)      -12.794 1.06081e-006
ln_F(203,7)     -5.92014 3.82705e-006
ln_F(204,1)     -7.87053 -2.56815e-007
ln_F(204,2)     -6.26086 1.13085e-008
ln_F(204,3)     -6.00227 2.38508e-007
ln_F(204,4)     -7.73747 8.88817e-007
ln_F(204,5)     -6.26086 1.13085e-008
ln_F(204,6)     -11.8183   9.571e-007
ln_F(204,7)     -5.82299 3.19903e-006
ln_F(205,1)     -6.64156 -1.21853e-006
ln_F(205,2)     -6.26086 1.13085e-008
ln_F(205,3)     -5.03442 6.52827e-007
ln_F(205,4)     -7.08364  4.1555e-007
ln_F(205,5)     -6.26086 1.13085e-008
ln_F(205,6)     -10.9054 5.53716e-007
ln_F(205,7)     -5.56166  3.9182e-006
ln_F(206,1)     -6.84536 -4.0368e-007
ln_F(206,2)     -6.26086 1.13085e-008
ln_F(206,3)     -5.94629 6.87319e-007
ln_F(206,4)     -6.88029 1.12017e-006
ln_F(206,5)     -6.26086 1.13085e-008
ln_F(206,6)     -11.3213 1.23218e-006
ln_F(206,7)     -5.83933  5.8723e-006
ln_F(207,1)     -7.41165 1.03492e-007
ln_F(207,2)     -6.26086 1.13085e-008
ln_F(207,3)     -5.74381 3.83783e-007
ln_F(207,4)     -7.33763 9.71654e-007
ln_F(207,5)     -6.26086 1.13085e-008
ln_F(207,6)     -11.8798 1.26366e-006
ln_F(207,7)     -5.68739 3.08287e-006
ln_F(208,1)     -7.32922 -1.40047e-006
ln_F(208,2)     -6.26086 1.13085e-008
ln_F(208,3)     -4.79275 1.00371e-007
ln_F(208,4)     -7.63291  5.6264e-007
ln_F(208,5)     -6.26086 1.13085e-008
ln_F(208,6)     -6.26086 1.13085e-008
ln_F(208,7)     -5.69526 4.17487e-006
ln_F(209,1)     -6.59544 -2.52164e-006
ln_F(209,2)     -6.26086 1.13085e-008
ln_F(209,3)     -4.69143 -1.65638e-006
ln_F(209,4)     -7.05031 -2.9226e-007
ln_F(209,5)     -6.26086 1.13085e-008
ln_F(209,6)          -15 -2.6086e-006
ln_F(209,7)     -5.56852 1.37391e-006
ln_F(210,1)     -6.86972 -1.0779e-006
ln_F(210,2)     -6.26086 1.13085e-008
ln_F(210,3)     -4.26862 1.03853e-007
ln_F(210,4)      -7.0368 9.25937e-007
ln_F(210,5)     -6.26086 1.13085e-008
ln_F(210,6)     -10.3839 2.10654e-007
ln_F(210,7)     -5.76664 4.20082e-006
ln_F(211,1)     -7.30059 -1.9222e-006
ln_F(211,2)     -6.26086 1.13085e-008
ln_F(211,3)     -4.89839 -1.06493e-007
ln_F(211,4)     -6.87431 7.78544e-007
ln_F(211,5)     -6.26086 1.13085e-008
ln_F(211,6)     -6.26086 1.13085e-008
ln_F(211,7)     -5.32469 3.49548e-006
ln_F(212,1)     -7.10994 -1.01765e-006
ln_F(212,2)     -6.26086 1.13085e-008
ln_F(212,3)     -4.95793 6.02266e-007
ln_F(212,4)     -7.13757 -6.90515e-007
ln_F(212,5)     -6.26086 1.13085e-008
ln_F(212,6)     -13.4152 1.00739e-006
ln_F(212,7)     -5.28888 3.78406e-006
ln_F(213,1)     -6.56149 -1.37725e-006
ln_F(213,2)     -6.26086 1.13085e-008
ln_F(213,3)     -4.95718 8.77076e-008
ln_F(213,4)     -6.77984 -1.99996e-007
ln_F(213,5)     -6.26086 1.13085e-008
ln_F(213,6)     -9.61773 -4.89433e-008
ln_F(213,7)     -5.09461 3.16517e-006
ln_F(214,1)      -6.0248 -8.04775e-007
ln_F(214,2)     -6.26086 1.13085e-008
ln_F(214,3)     -4.33941 1.99509e-006
ln_F(214,4)     -6.40805 1.03706e-006
ln_F(214,5)     -6.26086 1.13085e-008
ln_F(214,6)     -6.55592 9.93284e-007
ln_F(214,7)     -5.27472 4.83929e-006
ln_F(215,1)     -5.93681 -2.20526e-006
ln_F(215,2)     -6.26086 1.13085e-008
ln_F(215,3)     -4.02581 -2.49636e-007
ln_F(215,4)     -6.13417 -4.79106e-007
ln_F(215,5)     -6.26086 1.13085e-008
ln_F(215,6)     -6.71995 -3.97844e-007
ln_F(215,7)      -5.1095  2.9644e-006
ln_F(216,1)     -6.01018 -1.53934e-006
ln_F(216,2)     -6.26086 1.13085e-008
ln_F(216,3)     -4.80709 3.52656e-007
ln_F(216,4)     -6.81399 1.81787e-007
ln_F(216,5)     -6.26086 1.13085e-008
ln_F(216,6)     -7.04531 2.68321e-007
ln_F(216,7)     -5.06131 3.98963e-006
ln_F(217,1)      -5.8838 -1.82145e-006
ln_F(217,2)     -6.26086 1.13085e-008
ln_F(217,3)     -4.48456   1.761e-006
ln_F(217,4)     -6.44364 4.95674e-007
ln_F(217,5)     -6.26086 1.13085e-008
ln_F(217,6)     -6.66059 -9.60505e-008
ln_F(217,7)     -4.88516 6.61019e-006
ln_F(218,1)     -5.91519 -1.16656e-006
ln_F(218,2)     -6.26086 1.13085e-008
ln_F(218,3)     -4.02447 -1.30146e-006
ln_F(218,4)     -6.38847 -1.30949e-006
ln_F(218,5)     -6.26086 1.13085e-008
ln_F(218,6)     -6.23178 -1.96618e-007
ln_F(218,7)     -5.06298 4.02942e-006
ln_F(219,1)     -7.18958 -1.75204e-007
ln_F(219,2)     -6.26086 1.13085e-008
ln_F(219,3)     -4.52317 -3.64337e-007
ln_F(219,4)     -6.51268 7.09013e-007
ln_F(219,5)     -6.26086 1.13085e-008
ln_F(219,6)     -6.60029 -8.2464e-007
ln_F(219,7)     -4.86764 4.30855e-006
ln_F(220,1)     -7.22492 -1.99664e-007
ln_F(220,2)     -6.26086 1.13085e-008
ln_F(220,3)     -5.78685 1.37075e-006
ln_F(220,4)     -6.93992 2.30813e-007
ln_F(220,5)     -6.26086 1.13085e-008
ln_F(220,6)     -6.06331 6.76637e-007
ln_F(220,7)     -4.87019 3.48645e-006
ln_F(221,1)     -6.82879 -1.17637e-006
ln_F(221,2)     -6.26086 1.13085e-008
ln_F(221,3)     -4.98017   1.162e-006
ln_F(221,4)      -6.6267 9.92946e-007
ln_F(221,5)     -6.26086 1.13085e-008
ln_F(221,6)     -6.28728 1.37654e-006
ln_F(221,7)     -4.68936 3.64566e-006
ln_F(222,1)     -7.28024 2.06299e-007
ln_F(222,2)     -6.26086 1.13085e-008
ln_F(222,3)     -4.15201 1.44325e-006
ln_F(222,4)     -6.56614 6.99474e-007
ln_F(222,5)     -6.26086 1.13085e-008
ln_F(222,6)     -5.87133 8.28588e-007
ln_F(222,7)     -4.98484 3.87362e-006
ln_F(223,1)     -7.32437 -1.77255e-006
ln_F(223,2)     -6.26086 1.13085e-008
ln_F(223,3)     -3.97564 -1.59355e-007
ln_F(223,4)     -6.35953 2.79694e-007
ln_F(223,5)     -6.26086 1.13085e-008
ln_F(223,6)     -6.76193 -1.38821e-007
ln_F(223,7)     -4.89653 3.78685e-006
ln_F(224,1)     -7.36691 -1.54632e-006
ln_F(224,2)     -6.26086 1.13085e-008
ln_F(224,3)     -6.68607 1.06127e-006
ln_F(224,4)     -6.84511 8.22651e-007
ln_F(224,5)     -6.26086 1.13085e-008
ln_F(224,6)     -7.20401  1.2833e-006
ln_F(224,7)      -4.9237 2.96025e-006
ln_F(225,1)     -6.87452 4.83354e-008
ln_F(225,2)     -6.26086 1.13085e-008
ln_F(225,3)     -4.97209 1.08035e-007
ln_F(225,4)     -6.54511 5.53092e-007
ln_F(225,5)     -6.26086 1.13085e-008
ln_F(225,6)     -7.33014 5.81526e-007
ln_F(225,7)     -4.82568 3.44135e-006
ln_F(226,1)      -7.3267 -1.8065e-006
ln_F(226,2)     -6.26086 1.13085e-008
ln_F(226,3)     -4.18867 6.07363e-007
ln_F(226,4)      -6.4722 1.40119e-006
ln_F(226,5)     -6.26086 1.13085e-008
ln_F(226,6)      -6.0004 -1.6784e-007
ln_F(226,7)     -5.11498 4.58306e-006
ln_F(227,1)     -7.30744 -1.75432e-006
ln_F(227,2)     -6.26086 1.13085e-008
ln_F(227,3)     -4.34578 -4.15296e-007
ln_F(227,4)     -6.43651 -4.64253e-008
ln_F(227,5)     -6.26086 1.13085e-008
ln_F(227,6)     -6.73786   6.772e-007
ln_F(227,7)     -5.07666 3.73289e-006
ln_F(228,1)     -7.30736 -1.72982e-006
ln_F(228,2)     -6.26086 1.13085e-008
ln_F(228,3)     -6.50005 8.94358e-007
ln_F(228,4)     -6.72397 2.64409e-007
ln_F(228,5)     -6.26086 1.13085e-008
ln_F(228,6)     -7.18084 9.03202e-007
ln_F(228,7)     -5.13622 2.99366e-006
ln_F(229,1)     -7.22053 -1.22549e-006
ln_F(229,2)     -6.26086 1.13085e-008
ln_F(229,3)     -4.57827 -2.4112e-007
ln_F(229,4)     -6.54674 1.10001e-006
ln_F(229,5)     -6.26086 1.13085e-008
ln_F(229,6)     -8.24535 6.02804e-007
ln_F(229,7)     -5.05986 3.05754e-006
ln_F(230,1)      -6.9854 -9.44085e-007
ln_F(230,2)     -6.26086 1.13085e-008
ln_F(230,3)     -3.92663 4.97196e-007
ln_F(230,4)      -6.4134 9.00376e-007
ln_F(230,5)     -6.26086 1.13085e-008
ln_F(230,6)     -5.73615 1.61082e-006
ln_F(230,7)     -5.27765 2.84323e-006
ln_F(231,1)     -7.08477 -1.65286e-006
ln_F(231,2)     -6.26086 1.13085e-008
ln_F(231,3)     -4.01288 -9.16604e-007
ln_F(231,4)     -6.31178 3.54167e-007
ln_F(231,5)     -6.26086 1.13085e-008
ln_F(231,6)     -4.64643 -7.92533e-007
ln_F(231,7)     -5.41568 1.89364e-006
ln_F(232,1)     -7.17083 -1.5442e-006
ln_F(232,2)     -6.26086 1.13085e-008
ln_F(232,3)     -5.07334 4.54811e-007
ln_F(232,4)     -6.65883 7.50903e-007
ln_F(232,5)     -6.26086 1.13085e-008
ln_F(232,6)     -7.22683 6.11993e-007
ln_F(232,7)     -5.47061 1.23605e-006
ln_F(233,1)     -7.18685 4.41391e-007
ln_F(233,2)     -6.26086 1.13085e-008
ln_F(233,3)      -5.6548 6.62142e-007
ln_F(233,4)     -6.42456 8.64488e-007
ln_F(233,5)     -6.26086 1.13085e-008
ln_F(233,6)     -7.69971 2.11021e-006
ln_F(233,7)     -5.24568 3.10379e-006
ln_F(234,1)     -7.31571 -2.03601e-006
ln_F(234,2)     -6.26086 1.13085e-008
ln_F(234,3)     -4.23013 6.29446e-007
ln_F(234,4)     -6.39853 5.81396e-007
ln_F(234,5)     -6.26086 1.13085e-008
ln_F(234,6)     -5.50294 1.16639e-007
ln_F(234,7)     -5.47624 3.46638e-006
ln_F(235,1)     -7.23557 -1.91046e-006
ln_F(235,2)     -6.26086 1.13085e-008
ln_F(235,3)     -4.11103 7.20342e-008
ln_F(235,4)     -6.26995  7.8702e-008
ln_F(235,5)     -6.26086 1.13085e-008
ln_F(235,6)     -5.66458 5.71759e-007
ln_F(235,7)     -5.31757 3.57692e-006
ln_F(236,1)     -7.24529 -5.94714e-007
ln_F(236,2)     -6.26086 1.13085e-008
ln_F(236,3)     -5.02316 4.63885e-007
ln_F(236,4)     -6.52188 -3.44877e-007
ln_F(236,5)     -6.26086 1.13085e-008
ln_F(236,6)     -7.05259 2.76939e-007
ln_F(236,7)     -5.34584 4.66674e-006
ln_F(237,1)     -7.23964 -5.07529e-007
ln_F(237,2)     -6.26086 1.13085e-008
ln_F(237,3)     -5.08294 -1.23508e-006
ln_F(237,4)     -6.15689  -1.269e-006
ln_F(237,5)     -6.26086 1.13085e-008
ln_F(237,6)     -9.21427 9.65749e-007
ln_F(237,7)     -5.17221 4.51592e-006
ln_F(238,1)     -7.17358 -8.8355e-007
ln_F(238,2)     -6.26086 1.13085e-008
ln_F(238,3)     -4.03491 6.70488e-008
ln_F(238,4)     -6.15151 2.74115e-007
ln_F(238,5)     -6.26086 1.13085e-008
ln_F(238,6)     -7.52349 -1.1272e-007
ln_F(238,7)     -5.43816 4.82272e-006
ln_F(239,1)     -7.26586 -1.24957e-006
ln_F(239,2)     -6.26086 1.13085e-008
ln_F(239,3)     -4.31249 -6.73169e-008
ln_F(239,4)     -6.32647 -1.00791e-006
ln_F(239,5)     -6.26086 1.13085e-008
ln_F(239,6)     -6.53625 -2.23301e-007
ln_F(239,7)     -5.48459 3.57974e-006
ln_F(240,1)      -7.2767 -1.73904e-006
ln_F(240,2)     -6.26086 1.13085e-008
ln_F(240,3)     -4.63454 -3.82795e-008
ln_F(240,4)     -6.52968 -5.99849e-007
ln_F(240,5)     -6.26086 1.13085e-008
ln_F(240,6)     -8.18518 3.93907e-008
ln_F(240,7)     -5.59146 3.65837e-006
ln_F(241,1)     -6.57132 -2.20363e-006
ln_F(241,2)     -6.26086 1.13085e-008
ln_F(241,3)     -5.06367  3.0801e-008
ln_F(241,4)     -6.08738 -1.51404e-007
ln_F(241,5)     -6.26086 1.13085e-008
ln_F(241,6)     -6.26086 1.13085e-008
ln_F(241,7)     -5.28687 3.58427e-006
ln_F(242,1)     -6.41212 -6.19692e-007
ln_F(242,2)     -6.26086 1.13085e-008
ln_F(242,3)     -4.92994 5.92006e-007
ln_F(242,4)     -6.00686 -9.10481e-008
ln_F(242,5)     -6.26086 1.13085e-008
ln_F(242,6)      -7.7908  1.7192e-006
ln_F(242,7)      -5.5215 4.51662e-006
ln_F(243,1)      -7.2532 -1.30842e-006
ln_F(243,2)     -6.26086 1.13085e-008
ln_F(243,3)     -4.35788 -1.34262e-007
ln_F(243,4)     -6.41477 1.64988e-007
ln_F(243,5)     -6.26086 1.13085e-008
ln_F(243,6)     -7.17704 1.22902e-006
ln_F(243,7)     -5.67554 5.66701e-006
ln_F(244,1)     -7.24627 -3.62173e-007
ln_F(244,2)     -6.26086 1.13085e-008
ln_F(244,3)     -5.32057 -4.56872e-007
ln_F(244,4)     -6.71404 -1.30022e-007
ln_F(244,5)     -6.26086 1.13085e-008
ln_F(244,6)     -7.70293  1.0075e-006
ln_F(244,7)     -5.76535 4.50464e-006
ln_F(245,1)     -7.22683 -1.16073e-006
ln_F(245,2)     -6.26086 1.13085e-008
ln_F(245,3)      -5.3214 5.41494e-007
ln_F(245,4)     -6.42064 4.45199e-007
ln_F(245,5)     -6.26086 1.13085e-008
ln_F(245,6)     -9.83317  7.3336e-007
ln_F(245,7)     -5.57474 4.83832e-006
ln_F(246,1)     -7.54628 -7.79228e-007
ln_F(246,2)     -6.26086 1.13085e-008
ln_F(246,3)     -5.27153 1.06683e-006
ln_F(246,4)     -6.42131 1.62212e-007
ln_F(246,5)     -6.26086 1.13085e-008
ln_F(246,6)     -7.90889 1.28392e-006
ln_F(246,7)     -5.73638 5.75229e-006
ln_F(247,1)     -7.39366 -1.68327e-006
ln_F(247,2)     -6.26086 1.13085e-008
ln_F(247,3)     -4.70385 -2.53026e-007
ln_F(247,4)      -6.0087 -3.26687e-008
ln_F(247,5)     -6.26086 1.13085e-008
ln_F(247,6)     -6.50665 -7.0654e-007
ln_F(247,7)     -5.30548 2.94585e-006
ln_F(248,1)     -7.42839 -1.41121e-006
ln_F(248,2)     -6.26086 1.13085e-008
ln_F(248,3)     -5.46698 -7.55548e-008
ln_F(248,4)     -6.69386 3.90705e-007
ln_F(248,5)     -6.26086 1.13085e-008
ln_F(248,6)     -9.88971 9.89933e-007
ln_F(248,7)     -5.54381 4.76812e-006
ln_F(249,1)     -6.55102 -1.00311e-006
ln_F(249,2)     -6.26086 1.13085e-008
ln_F(249,3)      -5.8052  4.3551e-007
ln_F(249,4)      -6.4493 5.94444e-008
ln_F(249,5)     -6.26086 1.13085e-008
ln_F(249,6)     -9.78063 1.23199e-006
ln_F(249,7)     -5.35105  1.9842e-006
ln_F(250,1)     -7.17084 -1.41303e-006
ln_F(250,2)     -6.26086 1.13085e-008
ln_F(250,3)     -4.56829 1.20597e-006
ln_F(250,4)     -6.47616 1.50632e-006
ln_F(250,5)     -6.26086 1.13085e-008
ln_F(250,6)     -8.02795 8.74777e-007
ln_F(250,7)     -5.47164  3.4049e-006
ln_F(251,1)      -7.2816 -1.54111e-006
ln_F(251,2)     -6.26086 1.13085e-008
ln_F(251,3)     -4.66397 9.01683e-007
ln_F(251,4)     -5.91613 1.29236e-007
ln_F(251,5)     -6.26086 1.13085e-008
ln_F(251,6)     -6.87442 9.34648e-007
ln_F(251,7)      -5.2225 3.42958e-006
ln_F(252,1)     -7.25891 -1.49735e-006
ln_F(252,2)     -6.26086 1.13085e-008
ln_F(252,3)     -5.78042 1.13946e-006
ln_F(252,4)     -6.44951 9.49739e-007
ln_F(252,5)     -6.26086 1.13085e-008
ln_F(252,6)     -8.74692 1.10934e-006
ln_F(252,7)     -5.44795  3.1768e-006
ln_F(253,1)     -6.44754 -8.78861e-007
ln_F(253,2)     -6.26086 1.13085e-008
ln_F(253,3)     -5.41203 1.16116e-006
ln_F(253,4)     -6.11859 -9.81712e-008
ln_F(253,5)     -6.26086 1.13085e-008
ln_F(253,6)     -9.45688 1.87185e-006
ln_F(253,7)     -5.27299 3.74829e-006
ln_F(254,1)     -6.52132 -2.71325e-007
ln_F(254,2)     -6.26086 1.13085e-008
ln_F(254,3)      -5.2196 1.30418e-006
ln_F(254,4)     -6.04426 -5.71833e-007
ln_F(254,5)     -6.26086 1.13085e-008
ln_F(254,6)     -8.17779  1.5357e-006
ln_F(254,7)     -5.31779 4.69252e-006
ln_F(255,1)      -7.0108 -1.18391e-006
ln_F(255,2)     -6.26086 1.13085e-008
ln_F(255,3)     -4.65902 -7.86422e-007
ln_F(255,4)     -5.74005 -2.63444e-007
ln_F(255,5)     -6.26086 1.13085e-008
ln_F(255,6)     -7.70535 4.36673e-007
ln_F(255,7)     -5.39208 4.02621e-006
ln_F(256,1)     -6.87023 -1.88764e-006
ln_F(256,2)     -6.26086 1.13085e-008
ln_F(256,3)     -5.43785 -3.06879e-007
ln_F(256,4)     -6.22663 -2.72992e-007
ln_F(256,5)     -6.26086 1.13085e-008
ln_F(256,6)     -8.76558 4.11446e-007
ln_F(256,7)     -5.67062 3.53244e-006
ln_F(257,1)     -7.22851 -5.98822e-007
ln_F(257,2)     -6.26086 1.13085e-008
ln_F(257,3)     -4.74732 -1.79893e-007
ln_F(257,4)     -6.29581 3.03741e-007
ln_F(257,5)     -6.26086 1.13085e-008
ln_F(257,6)     -10.1305 7.98682e-007
ln_F(257,7)     -5.06317 4.61156e-006
ln_F(258,1)     -6.80373 -8.42326e-007
ln_F(258,2)     -6.26086 1.13085e-008
ln_F(258,3)     -4.83846 6.18995e-007
ln_F(258,4)     -6.03941 8.69165e-008
ln_F(258,5)     -6.26086 1.13085e-008
ln_F(258,6)     -7.43718 5.72839e-008
ln_F(258,7)     -4.83947  4.1364e-006
ln_F(259,1)     -7.08528 -1.72443e-006
ln_F(259,2)     -6.26086 1.13085e-008
ln_F(259,3)     -4.04323 8.10091e-007
ln_F(259,4)     -6.14309 -1.02904e-006
ln_F(259,5)     -6.26086 1.13085e-008
ln_F(259,6)     -7.15192 3.29912e-007
ln_F(259,7)     -5.04149 4.18861e-006
ln_F(260,1)     -7.12228 1.48348e-007
ln_F(260,2)     -6.26086 1.13085e-008
ln_F(260,3)     -5.50689 4.92955e-007
ln_F(260,4)     -6.12546 -6.24971e-007
ln_F(260,5)     -6.26086 1.13085e-008
ln_F(260,6)     -8.26368 -8.45901e-007
ln_F(260,7)     -5.51951 5.56379e-006
ln_F(261,1)      -7.1218 -1.14474e-006
ln_F(261,2)     -6.26086 1.13085e-008
ln_F(261,3)     -4.77941 3.94026e-007
ln_F(261,4)       -6.119 -8.18218e-007
ln_F(261,5)     -6.26086 1.13085e-008
ln_F(261,6)      -10.109 -1.16064e-007
ln_F(261,7)     -4.91383 4.34114e-006
ln_F(262,1)     -6.92434 -1.37128e-006
ln_F(262,2)     -6.26086 1.13085e-008
ln_F(262,3)      -5.2649 -4.63987e-007
ln_F(262,4)     -6.08529 -9.24466e-007
ln_F(262,5)     -6.26086 1.13085e-008
ln_F(262,6)     -7.77482 3.81031e-007
ln_F(262,7)     -5.26926 5.61224e-006
ln_F(263,1)     -6.90057 -1.53427e-006
ln_F(263,2)     -6.26086 1.13085e-008
ln_F(263,3)     -5.01233 -9.05811e-007
ln_F(263,4)     -6.00644 5.12768e-008
ln_F(263,5)     -6.26086 1.13085e-008
ln_F(263,6)     -8.52723  7.4188e-007
ln_F(263,7)     -5.99936 3.66414e-006
ln_F(264,1)     -6.91055 -5.87943e-007
ln_F(264,2)     -6.26086 1.13085e-008
ln_F(264,3)     -6.18587 7.27477e-007
ln_F(264,4)     -6.00416 5.33372e-007
ln_F(264,5)     -6.26086 1.13085e-008
ln_F(264,6)     -11.4765 4.95319e-007
ln_F(264,7)     -6.19689 3.11708e-006
ln_F(265,1)     -6.61173 -7.48153e-007
ln_F(265,2)     -6.26086 1.13085e-008
ln_F(265,3)     -5.31151 3.06449e-007
ln_F(265,4)     -5.92564 9.58146e-007
ln_F(265,5)     -6.26086 1.13085e-008
ln_F(265,6)     -9.26629 6.47716e-007
ln_F(265,7)     -6.19452 3.96618e-006
ln_F(266,1)     -6.54744 -3.48642e-007
ln_F(266,2)     -6.26086 1.13085e-008
ln_F(266,3)     -4.80449 6.04511e-007
ln_F(266,4)     -5.93016 2.72061e-007
ln_F(266,5)     -6.26086 1.13085e-008
ln_F(266,6)     -7.82718 2.25928e-006
ln_F(266,7)     -6.24115 3.54505e-006
ln_F(267,1)     -7.43656 -1.03013e-006
ln_F(267,2)     -6.26086 1.13085e-008
ln_F(267,3)     -4.88304 6.97969e-007
ln_F(267,4)     -6.28719 4.41942e-007
ln_F(267,5)     -6.26086 1.13085e-008
ln_F(267,6)     -7.52008 1.24749e-006
ln_F(267,7)     -5.51246  3.0947e-006
ln_F(268,1)     -7.50591 -9.07527e-007
ln_F(268,2)     -6.26086 1.13085e-008
ln_F(268,3)     -6.49181  5.4271e-007
ln_F(268,4)     -6.29026 4.41398e-008
ln_F(268,5)     -6.26086 1.13085e-008
ln_F(268,6)     -8.29545 6.32454e-007
ln_F(268,7)     -5.70226 3.48862e-006
ln_F(269,1)     -7.56056 -7.24248e-007
ln_F(269,2)     -6.26086 1.13085e-008
ln_F(269,3)     -5.90074 5.61107e-007
ln_F(269,4)     -6.34589 -1.64133e-007
ln_F(269,5)     -6.26086 1.13085e-008
ln_F(269,6)     -9.84196 3.46098e-007
ln_F(269,7)      -5.7271 2.86328e-006
ln_F(270,1)      -7.5944 -1.25218e-006
ln_F(270,2)     -6.26086 1.13085e-008
ln_F(270,3)     -4.89206 -6.68241e-007
ln_F(270,4)     -6.37097 -9.09512e-007
ln_F(270,5)     -6.26086 1.13085e-008
ln_F(270,6)     -7.17357 5.64215e-008
ln_F(270,7)     -5.74889 3.13374e-006
ln_F(271,1)     -7.56411 2.93545e-007
ln_F(271,2)     -6.26086 1.13085e-008
ln_F(271,3)     -4.80215 -5.38153e-007
ln_F(271,4)     -6.41993 -8.53782e-007
ln_F(271,5)     -6.26086 1.13085e-008
ln_F(271,6)     -7.24512 1.00105e-006
ln_F(271,7)     -5.82667 -2.23873e-006
ln_F(272,1)      -7.8017 -4.29597e-007
ln_F(272,2)     -6.26086 1.13085e-008
ln_F(272,3)     -6.50703 7.82061e-007
ln_F(272,4)     -6.75856 4.34795e-007
ln_F(272,5)     -6.26086 1.13085e-008
ln_F(272,6)     -9.54656 1.52642e-006
ln_F(272,7)     -7.15954 4.62471e-006
ln_F(273,1)     -7.79979 -2.52017e-007
ln_F(273,2)     -6.26086 1.13085e-008
ln_F(273,3)     -6.85203 2.03603e-006
ln_F(273,4)     -6.68267 3.35928e-007
ln_F(273,5)     -6.26086 1.13085e-008
ln_F(273,6)     -8.78301 1.32649e-006
ln_F(273,7)     -7.14403 5.52237e-006
ln_F(274,1)     -7.77214 -2.72359e-007
ln_F(274,2)     -6.26086 1.13085e-008
ln_F(274,3)     -5.02754 -3.24803e-007
ln_F(274,4)     -6.69238 8.32234e-007
ln_F(274,5)     -6.26086 1.13085e-008
ln_F(274,6)     -7.10684 1.92812e-007
ln_F(274,7)     -7.10546 5.15862e-006
ln_F(275,1)     -8.16515 -2.29645e-007
ln_F(275,2)     -6.26086 1.13085e-008
ln_F(275,3)     -5.28549 5.94038e-007
ln_F(275,4)     -6.63503 3.48859e-007
ln_F(275,5)     -6.26086 1.13085e-008
ln_F(275,6)     -7.44122 1.01979e-006
ln_F(275,7)     -7.14358 5.18543e-006
ln_F(276,1)     -7.14425 -1.62347e-006
ln_F(276,2)     -6.26086 1.13085e-008
ln_F(276,3)     -6.75229 1.82953e-006
ln_F(276,4)     -6.32758 -2.37217e-006
ln_F(276,5)     -6.26086 1.13085e-008
ln_F(276,6)      -7.0854 -5.28534e-007
ln_F(276,7)     -7.09315 3.95851e-006
ln_F(277,1)     -7.09659 -4.60075e-007
ln_F(277,2)     -6.26086 1.13085e-008
ln_F(277,3)     -6.49757 1.94219e-006
ln_F(277,4)     -6.26781 9.34293e-007
ln_F(277,5)     -6.26086 1.13085e-008
ln_F(277,6)     -7.97709 2.21204e-006
ln_F(277,7)     -7.14966 5.58937e-006
ln_F(278,1)     -7.28569 -4.02667e-007
ln_F(278,2)     -6.26086 1.13085e-008
ln_F(278,3)       -5.295 3.20649e-007
ln_F(278,4)     -6.32261 4.19169e-007
ln_F(278,5)     -6.26086 1.13085e-008
ln_F(278,6)     -7.23249 1.01454e-006
ln_F(278,7)     -7.04886 5.88085e-006
ln_F(279,1)     -6.98686 1.39816e-006
ln_F(279,2)     -6.26086 1.13085e-008
ln_F(279,3)     -5.12547 2.77298e-007
ln_F(279,4)     -6.17588 -8.07332e-007
ln_F(279,5)     -6.26086 1.13085e-008
ln_F(279,6)      -6.7456 -3.55226e-007
ln_F(279,7)     -6.66187 5.64262e-006
ln_F(280,1)     -6.92578  2.9548e-007
ln_F(280,2)     -6.26086 1.13085e-008
ln_F(280,3)     -6.68197 1.67361e-006
ln_F(280,4)     -6.15795 3.36975e-007
ln_F(280,5)     -6.26086 1.13085e-008
ln_F(280,6)     -7.52181 1.38024e-006
ln_F(280,7)     -6.67874 6.09142e-006
ln_F(281,1)     -7.09997 -2.75541e-008
ln_F(281,2)     -6.26086 1.13085e-008
ln_F(281,3)     -6.76119 6.10766e-007
ln_F(281,4)     -6.04424 1.15979e-007
ln_F(281,5)     -6.26086 1.13085e-008
ln_F(281,6)     -6.26086 1.13085e-008
ln_F(281,7)      -6.2843 6.19968e-006
ln_F(282,1)     -7.04563 -1.16613e-006
ln_F(282,2)     -6.26086 1.13085e-008
ln_F(282,3)     -5.20861 9.51523e-007
ln_F(282,4)     -6.07666 -2.77614e-007
ln_F(282,5)     -6.26086 1.13085e-008
ln_F(282,6)     -6.89041  6.2061e-007
ln_F(282,7)     -6.35524 6.14027e-006
ln_F(283,1)     -7.20174 -8.74803e-007
ln_F(283,2)     -6.26086 1.13085e-008
ln_F(283,3)     -4.72669 8.29499e-007
ln_F(283,4)     -6.32976 9.38132e-007
ln_F(283,5)     -6.26086 1.13085e-008
ln_F(283,6)     -6.39358 -1.61422e-007
ln_F(283,7)     -6.61193  6.5533e-006
ln_F(284,1)     -7.00714 -2.6725e-007
ln_F(284,2)     -6.26086 1.13085e-008
ln_F(284,3)      -6.6274 3.38923e-007
ln_F(284,4)     -6.22975 -1.61627e-007
ln_F(284,5)     -6.26086 1.13085e-008
ln_F(284,6)     -9.26451 -8.74235e-007
ln_F(284,7)     -6.48675  3.7527e-006
ln_F(285,1)     -7.00223 -7.13994e-007
ln_F(285,2)     -6.26086 1.13085e-008
ln_F(285,3)     -7.01939 1.27622e-006
ln_F(285,4)     -6.17364 -1.22441e-007
ln_F(285,5)     -6.26086 1.13085e-008
ln_F(285,6)     -7.93133 -9.78131e-007
ln_F(285,7)     -6.48557 3.58615e-006
ln_F(286,1)     -6.61334 -1.54026e-006
ln_F(286,2)     -6.26086 1.13085e-008
ln_F(286,3)     -6.16067 -9.57268e-008
ln_F(286,4)     -6.22108  3.3918e-007
ln_F(286,5)     -6.26086 1.13085e-008
ln_F(286,6)      -7.9729 -1.0289e-006
ln_F(286,7)     -6.73851 2.08939e-006
ln_F(287,1)     -6.39926 -1.09673e-006
ln_F(287,2)     -6.26086 1.13085e-008
ln_F(287,3)     -4.52515 1.39212e-006
ln_F(287,4)     -5.88939 1.25765e-006
ln_F(287,5)     -6.26086 1.13085e-008
ln_F(287,6)     -9.71442 7.55849e-007
ln_F(287,7)     -6.07808 3.36102e-006
ln_F(288,1)     -6.82059 -2.22547e-006
ln_F(288,2)     -6.26086 1.13085e-008
ln_F(288,3)     -5.80332 2.23629e-008
ln_F(288,4)      -5.9022 -1.04001e-006
ln_F(288,5)     -6.26086 1.13085e-008
ln_F(288,6)     -10.8489 -5.33665e-007
ln_F(288,7)     -5.63652  2.7067e-006
ln_F(289,1)     -6.70778 -1.74187e-006
ln_F(289,2)     -6.26086 1.13085e-008
ln_F(289,3)     -6.41849 5.08874e-007
ln_F(289,4)     -5.85947  5.2463e-007
ln_F(289,5)     -6.26086 1.13085e-008
ln_F(289,6)     -8.63371 -2.39449e-008
ln_F(289,7)     -5.67935 2.70308e-006
ln_F(290,1)     -6.62205 -1.60538e-006
ln_F(290,2)     -6.26086 1.13085e-008
ln_F(290,3)     -7.11184 9.57538e-007
ln_F(290,4)     -5.84105 1.38004e-006
ln_F(290,5)     -6.26086 1.13085e-008
ln_F(290,6)     -7.93753 2.94228e-007
ln_F(290,7)      -5.7199 3.80381e-006
ln_F(291,1)     -6.79356 -1.57581e-006
ln_F(291,2)     -6.26086 1.13085e-008
ln_F(291,3)     -5.67933 -7.39461e-007
ln_F(291,4)     -6.18803 4.49158e-007
ln_F(291,5)     -6.26086 1.13085e-008
ln_F(291,6)     -8.70033 -5.02131e-007
ln_F(291,7)     -5.87967 3.14001e-006
ln_F(292,1)     -6.88174 -2.38803e-006
ln_F(292,2)     -6.26086 1.13085e-008
ln_F(292,3)     -5.71068 9.34219e-008
ln_F(292,4)     -6.26507 -9.91389e-007
ln_F(292,5)     -6.26086 1.13085e-008
ln_F(292,6)      -9.5409 -5.08304e-007
ln_F(292,7)     -5.91112 2.03242e-006
ln_F(293,1)     -6.69283 -2.45373e-006
ln_F(293,2)     -6.26086 1.13085e-008
ln_F(293,3)     -5.05607 -1.28231e-007
ln_F(293,4)     -6.21029 -5.05314e-007
ln_F(293,5)     -6.26086 1.13085e-008
ln_F(293,6)      -11.221 3.20595e-007
ln_F(293,7)      -5.9313 2.60592e-006
ln_F(294,1)     -6.57588 -2.80861e-006
ln_F(294,2)     -6.26086 1.13085e-008
ln_F(294,3)      -4.6544 -2.8228e-007
ln_F(294,4)     -5.91225 -1.07835e-006
ln_F(294,5)     -6.26086 1.13085e-008
ln_F(294,6)     -6.97063 -7.04173e-008
ln_F(294,7)      -4.4538  1.3502e-006
ln_F(295,1)     -6.81759 -1.61328e-006
ln_F(295,2)     -6.26086 1.13085e-008
ln_F(295,3)     -4.96695 2.45241e-007
ln_F(295,4)     -6.17042 -4.74078e-007
ln_F(295,5)     -6.26086 1.13085e-008
ln_F(295,6)     -7.63208 9.82494e-008
ln_F(295,7)     -4.72524 3.47955e-006
ln_F(296,1)     -6.54257 -1.97362e-006
ln_F(296,2)     -6.26086 1.13085e-008
ln_F(296,3)     -6.28529 1.02706e-006
ln_F(296,4)     -6.02692 2.33922e-007
ln_F(296,5)     -6.26086 1.13085e-008
ln_F(296,6)     -6.26086 1.13085e-008
ln_F(296,7)     -4.85615 3.09151e-006
ln_F(297,1)     -6.91637 -1.6194e-006
ln_F(297,2)     -6.26086 1.13085e-008
ln_F(297,3)      -5.0008 5.43366e-007
ln_F(297,4)       -6.212 6.31569e-007
ln_F(297,5)     -6.26086 1.13085e-008
ln_F(297,6)     -6.26086 1.13085e-008
ln_F(297,7)     -4.85723 4.40439e-006
ln_F(298,1)     -6.72706 -8.91661e-007
ln_F(298,2)     -6.26086 1.13085e-008
ln_F(298,3)     -4.90112 1.00821e-006
ln_F(298,4)     -5.94844 1.15672e-006
ln_F(298,5)     -6.26086 1.13085e-008
ln_F(298,6)     -8.55784  9.8043e-007
ln_F(298,7)     -4.77063 4.68573e-006
ln_F(299,1)      -7.1293 -2.05732e-006
ln_F(299,2)     -6.26086 1.13085e-008
ln_F(299,3)     -4.44252 6.44481e-007
ln_F(299,4)     -6.27771  8.2027e-007
ln_F(299,5)     -6.26086 1.13085e-008
ln_F(299,6)     -10.6914 6.20276e-007
ln_F(299,7)     -5.77657 2.61528e-006
ln_F(300,1)     -7.02984 -9.87192e-007
ln_F(300,2)     -6.26086 1.13085e-008
ln_F(300,3)     -5.44487 1.29889e-006
ln_F(300,4)     -6.23327  -4.055e-008
ln_F(300,5)     -6.26086 1.13085e-008
ln_F(300,6)     -6.26086 1.13085e-008
ln_F(300,7)     -5.81314 2.80152e-006
ln_F(301,1)     -6.85322 -1.52351e-006
ln_F(301,2)     -6.26086 1.13085e-008
ln_F(301,3)     -5.01204 9.29465e-007
ln_F(301,4)     -6.28418 -7.0015e-007
ln_F(301,5)     -6.26086 1.13085e-008
ln_F(301,6)     -6.26086 1.13085e-008
ln_F(301,7)     -5.76201 2.55298e-006
ln_F(302,1)      -6.9064 -4.85339e-007
ln_F(302,2)     -6.26086 1.13085e-008
ln_F(302,3)     -5.91494 -5.91567e-007
ln_F(302,4)     -6.05306 -1.01121e-006
ln_F(302,5)     -6.26086 1.13085e-008
ln_F(302,6)      -9.4055 6.86352e-007
ln_F(302,7)     -5.70205 4.42464e-006
