ParName   Value   Gradient
ln_R_ave(1)      11.8546 5.68436e-005
ln_rec_devs(1,1)     0.279492 1.36731e-006
ln_rec_devs(1,2)    -0.104971 -4.7394e-006
ln_rec_devs(1,3)     -0.60699 1.60575e-006
ln_rec_devs(1,4)    -0.030128 -3.42765e-006
ln_rec_devs(1,5)     0.706828 -4.37467e-006
ln_rec_devs(1,6)   -0.0358697 -3.07782e-006
ln_rec_devs(1,7)     0.372187 -6.69119e-006
ln_rec_devs(1,8)     0.684919 -9.31405e-006
ln_rec_devs(1,9)     0.759295 -8.5501e-006
ln_rec_devs(1,10)     0.547364 -8.01535e-006
ln_rec_devs(1,11)     0.656356 -5.44152e-006
ln_rec_devs(1,12)    -0.139131 -3.05619e-006
ln_rec_devs(1,13)     0.299881 -7.38352e-006
ln_rec_devs(1,14)     0.147692 -8.18492e-006
ln_rec_devs(1,15)      0.10261 -1.62137e-006
ln_rec_devs(1,16)    -0.232355 -2.44118e-006
ln_rec_devs(1,17)     0.159776 -3.17896e-006
ln_rec_devs(1,18)     0.188249 -1.02863e-007
ln_rec_devs(1,19)     0.123437 -8.71635e-007
ln_rec_devs(1,20)     0.241756 -1.67014e-006
ln_rec_devs(1,21)        0.527 2.73024e-006
ln_rec_devs(1,22)     0.337365 -6.58651e-007
ln_rec_devs(1,23)     0.536066 5.11784e-006
ln_rec_devs(1,24)     0.106459 -9.54128e-007
ln_rec_devs(1,25)      0.12037 -2.10232e-006
ln_rec_devs(1,26)     0.108988 -1.75707e-006
ln_rec_devs(1,27)    -0.144027 -1.24062e-006
ln_rec_devs(1,28)    -0.155884 -3.06996e-006
ln_rec_devs(1,29)   -0.0744246 -3.95703e-006
ln_rec_devs(1,30)    0.0293795 -1.05318e-006
ln_rec_devs(1,31)      0.38057 -6.2744e-006
ln_rec_devs(1,32)     0.257219  -3.185e-006
ln_rec_devs(1,33)     0.367046 -7.09141e-006
ln_rec_devs(1,34)     0.178013 -3.0711e-006
ln_rec_devs(1,35)    -0.181388 -1.47437e-006
ln_rec_devs(1,36)   -0.0566842 -3.36332e-006
ln_rec_devs(1,37)    -0.282341   1.621e-007
ln_rec_devs(1,38)   -0.0621239 -6.05039e-007
ln_rec_devs(1,39)     0.224212 -1.85865e-006
ln_rec_devs(1,40)       0.2163 -1.0687e-006
ln_rec_devs(1,41)     0.559488 2.73401e-006
ln_rec_devs(1,42)     0.243705  -2.037e-006
ln_rec_devs(1,43)      0.42496 -2.74081e-006
ln_rec_devs(1,44)   -0.0356385 5.70779e-007
ln_rec_devs(1,45)     0.113634 3.41202e-006
ln_rec_devs(1,46)    0.0686772 1.26055e-006
ln_rec_devs(1,47)     0.252858 -1.53801e-006
ln_rec_devs(1,48)    -0.307702 9.27052e-007
ln_rec_devs(1,49)    -0.100566 9.42455e-007
ln_rec_devs(1,50)      0.56651 6.39064e-007
ln_rec_devs(1,51)     0.496521 -5.98317e-008
ln_rec_devs(1,52)     0.129223 -8.64378e-007
ln_rec_devs(1,53)     0.154023 2.29489e-007
ln_rec_devs(1,54)    0.0412388 -2.2617e-006
ln_rec_devs(1,55)       0.1388 -3.09165e-006
ln_rec_devs(1,56)     0.234157 1.78538e-006
ln_rec_devs(1,57)   -0.0193838 -1.06022e-006
ln_rec_devs(1,58)     -0.33897 -9.83911e-007
ln_rec_devs(1,59)    -0.460346 -3.45997e-007
ln_rec_devs(1,60)    -0.296127 6.86226e-007
ln_rec_devs(1,61)     -0.27919 -7.97274e-007
ln_rec_devs(1,62)     0.185429 3.40813e-007
ln_rec_devs(1,63)     0.119298 3.14535e-006
ln_rec_devs(1,64)   -0.0179868 1.66351e-006
ln_rec_devs(1,65)    0.0434496  9.7654e-007
ln_rec_devs(1,66)    0.0148667 -1.69914e-006
ln_rec_devs(1,67)   -0.0202265 -6.55718e-007
ln_rec_devs(1,68)     0.625144 5.61552e-007
ln_rec_devs(1,69)     0.393673 1.12091e-006
ln_rec_devs(1,70)     0.536758 1.61687e-007
ln_rec_devs(1,71)     0.336344 -5.00917e-008
ln_rec_devs(1,72)     0.824237 4.42745e-006
ln_rec_devs(1,73)     0.501233 1.94152e-006
ln_rec_devs(1,74)     0.249701 -1.89523e-006
ln_rec_devs(1,75)     0.089435 9.83137e-007
ln_rec_devs(1,76)    0.0820107 1.30745e-006
ln_rec_devs(1,77)    -0.231308 -7.63903e-007
ln_rec_devs(1,78)     0.312676  2.3204e-006
ln_rec_devs(1,79)     0.174525 -4.88776e-007
ln_rec_devs(1,80)     0.434628 2.40998e-006
ln_rec_devs(1,81)     0.555048 4.10113e-006
ln_rec_devs(1,82)     0.129587 3.35701e-006
ln_rec_devs(1,83)   -0.0926961  4.9276e-006
ln_rec_devs(1,84)    0.0448051 4.04124e-006
ln_rec_devs(1,85)     0.217416 5.10588e-006
ln_rec_devs(1,86)     0.384887 5.24579e-006
ln_rec_devs(1,87)    0.0191104 2.82772e-006
ln_rec_devs(1,88)     0.204079 7.05684e-006
ln_rec_devs(1,89)    -0.117103 -1.6129e-006
ln_rec_devs(1,90)     0.302746 5.26962e-006
ln_rec_devs(1,91)     0.431259 2.26517e-006
ln_rec_devs(1,92)     0.330352  4.3441e-006
ln_rec_devs(1,93)     0.525443 8.80494e-006
ln_rec_devs(1,94)     0.249399 6.05691e-006
ln_rec_devs(1,95)     0.448125 4.12241e-006
ln_rec_devs(1,96)     0.141842 3.19979e-006
ln_rec_devs(1,97)     0.392781  5.5576e-006
ln_rec_devs(1,98)   -0.0417833 4.29847e-006
ln_rec_devs(1,99)   -0.0213157 1.89958e-006
ln_rec_devs(1,100)    -0.222355 -7.82274e-007
ln_rec_devs(1,101)    -0.119936 2.72281e-007
ln_rec_devs(1,102)     0.288397 1.13691e-006
ln_rec_devs(1,103)    0.0517775 -5.28728e-007
ln_rec_devs(1,104)    -0.138968 -1.38548e-006
ln_rec_devs(1,105)     0.135191 7.11513e-009
ln_rec_devs(1,106)    -0.306622 -1.7105e-006
ln_rec_devs(1,107)    -0.325553 -1.48693e-006
ln_rec_devs(1,108)     0.167414 -4.88581e-007
ln_rec_devs(1,109)     0.383433 1.43805e-007
ln_rec_devs(1,110)     0.333123 -4.95309e-007
ln_rec_devs(1,111)     0.592233 -2.45611e-006
ln_rec_devs(1,112)     0.374285 -5.14382e-006
ln_rec_devs(1,113)     0.656159 -2.65746e-006
ln_rec_devs(1,114)     0.515251 -9.40045e-006
ln_rec_devs(1,115)     0.147019 -1.3312e-006
ln_rec_devs(1,116)    0.0733263 -1.7525e-006
ln_rec_devs(1,117)   0.00520276 1.27292e-006
ln_rec_devs(1,118)     0.104333  -2.898e-007
ln_rec_devs(1,119)     0.237654 3.69088e-006
ln_rec_devs(1,120)   -0.0934333 2.12213e-006
ln_rec_devs(1,121)    -0.107022 5.71026e-007
ln_rec_devs(1,122)      -0.1965 9.63139e-007
ln_rec_devs(1,123)    -0.376887 7.77086e-007
ln_rec_devs(1,124)    -0.437746 5.90792e-007
ln_rec_devs(1,125)    0.0803335 8.59463e-006
ln_rec_devs(1,126)    0.0710806 8.96218e-006
ln_rec_devs(1,127)      0.16003 5.46427e-006
ln_rec_devs(1,128)    -0.389612 2.08603e-006
ln_rec_devs(1,129)      0.15053 6.97627e-006
ln_rec_devs(1,130)    -0.022808 5.15861e-006
ln_rec_devs(1,131)   -0.0388352 2.77031e-006
ln_rec_devs(1,132)     0.252534 4.53658e-006
ln_rec_devs(1,133)      0.15709 3.91332e-006
ln_rec_devs(1,134)     0.214886 1.26324e-006
ln_rec_devs(1,135)     0.707512 3.02886e-006
ln_rec_devs(1,136)     0.250633 2.75295e-006
ln_rec_devs(1,137)     0.249946  1.4544e-006
ln_rec_devs(1,138)     -0.05138 2.62135e-006
ln_rec_devs(1,139)     0.310366 5.05004e-007
ln_rec_devs(1,140)     0.514347 1.11247e-006
ln_rec_devs(1,141)     0.543296 7.46011e-007
ln_rec_devs(1,142)     0.635923  1.9973e-006
ln_rec_devs(1,143)     0.529873  7.6061e-007
ln_rec_devs(1,144)     0.566173 3.09342e-006
ln_rec_devs(1,145)     0.127405 -1.6617e-007
ln_rec_devs(1,146)    0.0162871 6.69463e-007
ln_rec_devs(1,147)     0.296095 2.27238e-008
ln_rec_devs(1,148)    -0.224824 8.22892e-008
ln_rec_devs(1,149)    -0.142148 -1.75085e-007
ln_rec_devs(1,150)   -0.0567015 3.96824e-007
ln_T_YR_AGE_ALT_FREQ(1,1)     -1.32576 4.14416e-007
ln_T_YR_AGE_ALT_FREQ(2,1)     -1.61051 -4.12024e-007
ln_T_YR_AGE_ALT_FREQ(3,1)     -2.22788 5.55855e-007
ln_T_YR_AGE_ALT_FREQ(4,1)   -0.0703601 1.50513e-006
ln_T_YR_AGE_ALT_FREQ(5,1)     -1.55598 -2.53831e-007
ln_T_YR_AGE_ALT_FREQ(6,1)     -1.49722 1.63904e-007
ln_T_YR_AGE_ALT_FREQ(7,1)     -2.26492 3.01615e-006
ln_T_YR_AGE_ALT_FREQ(8,1)     -1.07237 -3.34241e-006
ln_T_YR_AGE_ALT_FREQ(9,1)      -1.3873 1.09919e-007
ln_T_YR_AGE_ALT_FREQ(10,1)     -1.50002 -1.53708e-007
ln_T_YR_AGE_ALT_FREQ(11,1)     -2.29733 3.61165e-006
ln_T_YR_AGE_ALT_FREQ(12,1)    -0.978829 -3.46429e-006
ln_T_YR_AGE_ALT_FREQ(13,1)     -1.13112 2.98679e-008
ln_T_YR_AGE_ALT_FREQ(14,1)     -1.55739 -2.19117e-007
ln_T_YR_AGE_ALT_FREQ(15,1)     -2.33714 2.25799e-006
ln_T_YR_AGE_ALT_FREQ(16,1)    -0.888161 -3.19274e-006
ln_T_YR_AGE_ALT_FREQ(17,1)     -1.55191 -1.28062e-008
ln_T_YR_AGE_ALT_FREQ(18,1)     -1.51893 5.54159e-008
ln_T_YR_AGE_ALT_FREQ(19,1)     -2.30377 1.54866e-006
ln_T_YR_AGE_ALT_FREQ(20,1)     -1.02397 1.55284e-006
ln_T_YR_AGE_ALT_FREQ(21,1)     -1.52642 -1.07538e-007
ln_T_YR_AGE_ALT_FREQ(22,1)       -1.484 -7.29763e-008
ln_T_YR_AGE_ALT_FREQ(23,1)     -2.21341 2.95174e-006
ln_T_YR_AGE_ALT_FREQ(24,1)     -1.08718 -3.86776e-006
ln_T_YR_AGE_ALT_FREQ(25,1)     -1.42188 -3.95694e-007
ln_T_YR_AGE_ALT_FREQ(26,1)     -1.51096 3.33315e-008
ln_T_YR_AGE_ALT_FREQ(27,1)      -2.0961 1.91281e-006
ln_T_YR_AGE_ALT_FREQ(28,1)     -1.07862 1.14753e-006
ln_T_YR_AGE_ALT_FREQ(29,1)     -1.52638 -6.88582e-007
ln_T_YR_AGE_ALT_FREQ(30,1)     -1.49692 -1.07001e-008
ln_T_YR_AGE_ALT_FREQ(31,1)     -2.07887 1.61681e-005
ln_T_YR_AGE_ALT_FREQ(32,1)     -1.02129 -2.60261e-006
ln_T_YR_AGE_ALT_FREQ(33,1)     -1.57418 -4.34281e-007
ln_T_YR_AGE_ALT_FREQ(34,1)     -1.49422 2.07409e-007
ln_T_YR_AGE_ALT_FREQ(35,1)     -2.02046 1.56289e-006
ln_T_YR_AGE_ALT_FREQ(36,1)     -1.11025 2.53732e-006
ln_T_YR_AGE_ALT_FREQ(37,1)     -1.51325 -4.37048e-007
ln_T_YR_AGE_ALT_FREQ(38,1)     -1.49287 3.03924e-007
ln_T_YR_AGE_ALT_FREQ(39,1)     -2.08799 -4.46612e-006
ln_T_YR_AGE_ALT_FREQ(40,1)    -0.996733 7.36297e-006
ln_T_YR_AGE_ALT_FREQ(41,1)     -1.53528 -8.12708e-008
ln_T_YR_AGE_ALT_FREQ(42,1)      -1.4877 -9.68955e-009
ln_T_YR_AGE_ALT_FREQ(43,1)     -2.14892 -3.69829e-006
ln_T_YR_AGE_ALT_FREQ(44,1)    -0.921113 3.67146e-006
ln_T_YR_AGE_ALT_FREQ(45,1)     -1.40166 -2.93585e-007
ln_T_YR_AGE_ALT_FREQ(46,1)     -1.51398 -1.14663e-008
ln_T_YR_AGE_ALT_FREQ(47,1)     -2.10183 -3.93759e-007
ln_T_YR_AGE_ALT_FREQ(48,1)     -1.03824 1.28086e-006
ln_T_YR_AGE_ALT_FREQ(49,1)     -1.43616 5.44496e-008
ln_T_YR_AGE_ALT_FREQ(50,1)     -1.51393 -8.87712e-008
ln_T_YR_AGE_ALT_FREQ(51,1)     -2.11266 2.53742e-006
ln_T_YR_AGE_ALT_FREQ(52,1)      -1.0103 -2.90255e-006
ln_T_YR_AGE_ALT_FREQ(53,1)     -1.49244 3.41327e-007
ln_T_YR_AGE_ALT_FREQ(54,1)     -1.49973 -3.12719e-008
ln_T_YR_AGE_ALT_FREQ(55,1)     -2.04454 3.40481e-006
ln_T_YR_AGE_ALT_FREQ(56,1)     -1.09907 -1.01851e-006
ln_T_YR_AGE_ALT_FREQ(57,1)     -1.24231 1.16195e-008
ln_T_YR_AGE_ALT_FREQ(58,1)     -1.53328 7.10922e-008
ln_T_YR_AGE_ALT_FREQ(59,1)     -2.06459 -1.95653e-006
ln_T_YR_AGE_ALT_FREQ(60,1)     -1.02482  3.5517e-006
ln_T_YR_AGE_ALT_FREQ(61,1)     -1.27931 1.14159e-008
ln_T_YR_AGE_ALT_FREQ(62,1)     -1.53588 -8.7692e-008
ln_T_YR_AGE_ALT_FREQ(63,1)     -2.10793 -3.43152e-006
ln_T_YR_AGE_ALT_FREQ(64,1)     -1.02866 1.37899e-006
ln_T_YR_AGE_ALT_FREQ(65,1)     -1.60216 -4.10413e-007
ln_T_YR_AGE_ALT_FREQ(66,1)     -1.48769  1.3014e-007
ln_T_YR_AGE_ALT_FREQ(67,1)     -2.12708 -3.48654e-006
ln_T_YR_AGE_ALT_FREQ(68,1)     -1.04954 -1.1291e-006
ln_T_YR_AGE_ALT_FREQ(69,1)     -1.25127 -3.92835e-007
ln_T_YR_AGE_ALT_FREQ(70,1)     -1.53094 7.39651e-008
ln_T_YR_AGE_ALT_FREQ(71,1)     -2.12503 -1.18311e-006
ln_T_YR_AGE_ALT_FREQ(72,1)     -1.07932 4.27603e-006
ln_T_YR_AGE_ALT_FREQ(73,1)     -1.27251 8.21276e-008
ln_T_YR_AGE_ALT_FREQ(74,1)      -1.5367 1.23949e-007
ln_T_YR_AGE_ALT_FREQ(75,1)     -2.08749 -1.00575e-006
ln_T_YR_AGE_ALT_FREQ(76,1)     -1.12426 2.75375e-006
ln_T_YR_AGE_ALT_FREQ(77,1)     -1.48883 3.09494e-007
ln_T_YR_AGE_ALT_FREQ(78,1)     -1.51147 -2.56202e-007
ln_T_YR_AGE_ALT_FREQ(79,1)     -2.08677 -3.28899e-006
ln_T_YR_AGE_ALT_FREQ(80,1)      -1.1237 3.00221e-008
ln_T_YR_AGE_ALT_FREQ(81,1)     -1.59408 3.92317e-007
ln_T_YR_AGE_ALT_FREQ(82,1)     -1.50922 7.98336e-008
ln_T_YR_AGE_ALT_FREQ(83,1)     -1.91322 -2.1804e-006
ln_T_YR_AGE_ALT_FREQ(84,1)     -1.24455 2.78202e-006
ln_T_YR_AGE_ALT_FREQ(85,1)     -1.53112 7.11306e-007
ln_T_YR_AGE_ALT_FREQ(86,1)      -1.4777 -3.48585e-007
ln_T_YR_AGE_ALT_FREQ(87,1)     -2.00097 -3.50087e-007
ln_T_YR_AGE_ALT_FREQ(88,1)     -1.07923 -1.13062e-006
ln_T_YR_AGE_ALT_FREQ(89,1)     -1.14485 5.69701e-007
ln_T_YR_AGE_ALT_FREQ(90,1)     -1.52287 -2.4736e-007
ln_T_YR_AGE_ALT_FREQ(91,1)     -1.97413 3.14625e-006
ln_T_YR_AGE_ALT_FREQ(92,1)       -1.104 -6.18329e-006
ln_T_YR_AGE_ALT_FREQ(93,1)     -1.32153 1.47325e-006
ln_T_YR_AGE_ALT_FREQ(94,1)     -1.62003 -7.42555e-008
ln_T_YR_AGE_ALT_FREQ(95,1)     -1.98804 2.19335e-006
ln_T_YR_AGE_ALT_FREQ(96,1)     -1.11527 -1.55929e-006
ln_T_YR_AGE_ALT_FREQ(97,1)     -1.83256  1.1338e-007
ln_T_YR_AGE_ALT_FREQ(98,1)      -1.3383 -3.45359e-007
ln_T_YR_AGE_ALT_FREQ(99,1)     -1.94008 6.21866e-006
ln_T_YR_AGE_ALT_FREQ(100,1)     -1.22099 -3.8452e-006
ln_T_YR_AGE_ALT_FREQ(101,1)     -1.94813 -3.81684e-008
ln_T_YR_AGE_ALT_FREQ(102,1)     -1.46995  1.6476e-007
ln_T_YR_AGE_ALT_FREQ(103,1)     -1.92912 4.04098e-006
ln_T_YR_AGE_ALT_FREQ(104,1)     -1.17123 -3.92207e-006
ln_T_YR_AGE_ALT_FREQ(105,1)     -1.94485 3.63685e-007
ln_T_YR_AGE_ALT_FREQ(106,1)     -1.40599 -3.37131e-008
ln_T_YR_AGE_ALT_FREQ(107,1)     -2.03831 3.49654e-006
ln_T_YR_AGE_ALT_FREQ(108,1)     -1.43356 -1.71123e-006
ln_T_YR_AGE_ALT_FREQ(109,1)     -1.53831 4.84235e-007
ln_T_YR_AGE_ALT_FREQ(110,1)     -1.51568 -2.79359e-007
ln_T_YR_AGE_ALT_FREQ(111,1)     -2.07437 6.35689e-006
ln_T_YR_AGE_ALT_FREQ(112,1)      -1.1111 -4.34603e-006
ln_T_YR_AGE_ALT_FREQ(113,1)     -1.57098 9.32195e-008
ln_T_YR_AGE_ALT_FREQ(114,1)     -1.47561 -1.80859e-007
ln_T_YR_AGE_ALT_FREQ(115,1)     -2.05732 8.13093e-007
ln_T_YR_AGE_ALT_FREQ(116,1)     -1.02075 -1.73088e-006
ln_T_YR_AGE_ALT_FREQ(117,1)     -1.59265 -1.49525e-007
ln_T_YR_AGE_ALT_FREQ(118,1)     -1.46391 2.69319e-008
ln_T_YR_AGE_ALT_FREQ(119,1)      -1.9985 2.70308e-006
ln_T_YR_AGE_ALT_FREQ(120,1)     -1.11625 -1.11889e-006
ln_T_YR_AGE_ALT_FREQ(121,1)     -2.03155   1.703e-009
ln_T_YR_AGE_ALT_FREQ(122,1)     -1.47256 7.33776e-009
ln_T_YR_AGE_ALT_FREQ(123,1)     -1.88481 3.50004e-006
ln_T_YR_AGE_ALT_FREQ(124,1)     -1.15863 -2.34861e-006
ln_T_YR_AGE_ALT_FREQ(125,1)     -2.10118 -1.6642e-007
ln_T_YR_AGE_ALT_FREQ(126,1)     -1.40352 1.78101e-008
ln_T_YR_AGE_ALT_FREQ(127,1)     -2.07779 2.36826e-006
ln_T_YR_AGE_ALT_FREQ(128,1)     -1.07922 -2.60414e-006
ln_T_YR_AGE_ALT_FREQ(129,1)       -1.938  1.5437e-008
ln_T_YR_AGE_ALT_FREQ(130,1)     -1.44226 1.31056e-007
ln_T_YR_AGE_ALT_FREQ(131,1)     -2.18533 -2.78333e-006
ln_T_YR_AGE_ALT_FREQ(132,1)    -0.984735 3.03389e-006
ln_T_YR_AGE_ALT_FREQ(133,1)     -1.60669 -1.55434e-007
ln_T_YR_AGE_ALT_FREQ(134,1)     -1.46999 1.92971e-007
ln_T_YR_AGE_ALT_FREQ(135,1)     -2.22544 -4.61592e-007
ln_T_YR_AGE_ALT_FREQ(136,1)    -0.909429 -2.20735e-007
ln_T_YR_AGE_ALT_FREQ(137,1)     -1.21594 -3.98112e-007
ln_T_YR_AGE_ALT_FREQ(138,1)     -1.53587 1.22385e-007
ln_T_YR_AGE_ALT_FREQ(139,1)     -2.14902 -2.6017e-006
ln_T_YR_AGE_ALT_FREQ(140,1)    -0.880542 1.90386e-006
ln_T_YR_AGE_ALT_FREQ(141,1)     -1.37008 -6.66091e-007
ln_T_YR_AGE_ALT_FREQ(142,1)     -1.52208 5.18997e-007
ln_T_YR_AGE_ALT_FREQ(143,1)     -2.28558 -1.9051e-006
ln_T_YR_AGE_ALT_FREQ(144,1)    -0.848777 3.61658e-006
ln_T_YR_AGE_ALT_FREQ(145,1)     -1.81588  1.7644e-008
ln_T_YR_AGE_ALT_FREQ(146,1)     -1.43898 4.66022e-009
ln_T_YR_AGE_ALT_FREQ(147,1)     -2.14487 5.72127e-007
ln_T_YR_AGE_ALT_FREQ(148,1)     -1.12635 3.93011e-006
ln_T_YR_AGE_ALT_FREQ(149,1)     -1.58571 -8.22817e-009
ln_T_YR_AGE_ALT_FREQ(150,1)     -1.48899 3.69531e-008
ln_T_YR_AGE_ALT_FREQ(151,1)     -2.10833 6.39354e-007
ln_T_YR_AGE_ALT_FREQ(152,1)      -1.0942 -1.92958e-006
ln_T_YR_AGE_ALT_FREQ(153,1)     -1.28311 4.54151e-007
ln_T_YR_AGE_ALT_FREQ(154,1)     -1.53081 1.69983e-007
ln_T_YR_AGE_ALT_FREQ(155,1)     -2.11051 9.79203e-006
ln_T_YR_AGE_ALT_FREQ(156,1)    -0.924379 -7.06069e-006
ln_T_YR_AGE_ALT_FREQ(157,1)     -1.76196 1.80558e-007
ln_T_YR_AGE_ALT_FREQ(158,1)     -1.47234 -2.97588e-010
ln_T_YR_AGE_ALT_FREQ(159,1)      -2.0763 8.29217e-008
ln_T_YR_AGE_ALT_FREQ(160,1)     -1.00624 -1.42071e-006
ln_T_YR_AGE_ALT_FREQ(161,1)     -1.65621 -4.54791e-008
ln_T_YR_AGE_ALT_FREQ(162,1)     -1.46501 2.71317e-007
ln_T_YR_AGE_ALT_FREQ(163,1)     -2.15137 -6.47784e-007
ln_T_YR_AGE_ALT_FREQ(164,1)    -0.947618 9.97411e-007
ln_T_YR_AGE_ALT_FREQ(165,1)     -1.51081 -3.50516e-007
ln_T_YR_AGE_ALT_FREQ(166,1)     -1.49646 3.07496e-007
ln_T_YR_AGE_ALT_FREQ(167,1)     -2.15624 -5.32208e-006
ln_T_YR_AGE_ALT_FREQ(168,1)    -0.991112 7.29366e-006
ln_T_YR_AGE_ALT_FREQ(169,1)    -0.987276 4.63189e-007
ln_T_YR_AGE_ALT_FREQ(170,1)     -1.58498 -1.6382e-007
ln_T_YR_AGE_ALT_FREQ(171,1)     -2.24977 7.17475e-007
ln_T_YR_AGE_ALT_FREQ(172,1)    -0.867313 2.47349e-006
ln_T_YR_AGE_ALT_FREQ(173,1)     -1.25802  5.0025e-007
ln_T_YR_AGE_ALT_FREQ(174,1)     -1.52858 -2.17534e-007
ln_T_YR_AGE_ALT_FREQ(175,1)     -2.19559 8.72175e-006
ln_T_YR_AGE_ALT_FREQ(176,1)     -1.22399 -7.41419e-006
ln_T_YR_AGE_ALT_FREQ(177,1)     -1.71666 3.71065e-007
ln_T_YR_AGE_ALT_FREQ(178,1)      -1.4824 -1.89567e-007
ln_T_YR_AGE_ALT_FREQ(179,1)     -2.21054  6.0662e-006
ln_T_YR_AGE_ALT_FREQ(180,1)     -1.19928 -5.50789e-006
ln_T_YR_AGE_ALT_FREQ(181,1)     -1.92116  1.8292e-007
ln_T_YR_AGE_ALT_FREQ(182,1)     -1.41144 1.02686e-007
ln_T_YR_AGE_ALT_FREQ(183,1)     -2.13376 5.06629e-006
ln_T_YR_AGE_ALT_FREQ(184,1)     -1.10354 -7.35702e-006
ln_T_YR_AGE_ALT_FREQ(185,1)   -0.0891553 1.11257e-006
ln_T_YR_AGE_ALT_FREQ(186,1)     -1.66247 -2.40835e-007
ln_T_YR_AGE_ALT_FREQ(187,1)     -2.38681 1.00359e-005
ln_T_YR_AGE_ALT_FREQ(188,1)     -1.04457 -5.37461e-006
ln_T_YR_AGE_ALT_FREQ(189,1)    -0.741387 6.60848e-007
ln_T_YR_AGE_ALT_FREQ(190,1)     -1.71404 -1.09025e-008
ln_T_YR_AGE_ALT_FREQ(191,1)     -2.42575 3.78976e-006
ln_T_YR_AGE_ALT_FREQ(192,1)     -1.66451 -3.40216e-006
ln_T_YR_AGE_ALT_FREQ(193,1)     -1.61141 1.09486e-007
ln_T_YR_AGE_ALT_FREQ(194,1)     -1.47772 -1.18162e-007
ln_T_YR_AGE_ALT_FREQ(195,1)     -2.28658 9.01993e-006
ln_T_YR_AGE_ALT_FREQ(196,1)     -1.59262 -7.50718e-006
ln_T_YR_AGE_ALT_FREQ(197,1)      -1.5506 2.06565e-008
ln_T_YR_AGE_ALT_FREQ(198,1)     -1.49785 -1.30812e-007
ln_T_YR_AGE_ALT_FREQ(199,1)     -2.06154 1.30842e-006
ln_T_YR_AGE_ALT_FREQ(200,1)     -1.09255 -6.88149e-006
ln_T_YR_AGE_ALT_FREQ(201,1)     -1.41043 -6.21229e-008
ln_T_YR_AGE_ALT_FREQ(202,1)     -1.50573 -9.04317e-008
ln_T_YR_AGE_ALT_FREQ(203,1)     -1.88257 3.77502e-006
ln_T_YR_AGE_ALT_FREQ(204,1)    -0.868884 -2.61487e-006
ln_T_YR_AGE_ALT_FREQ(205,1)      -1.4864 -1.59828e-007
ln_T_YR_AGE_ALT_FREQ(206,1)     -1.49672 -2.3283e-007
ln_T_YR_AGE_ALT_FREQ(207,1)     -1.87744 2.47805e-006
ln_T_YR_AGE_ALT_FREQ(208,1)     -1.00659 -4.01121e-006
ln_T_YR_AGE_ALT_FREQ(209,1)     -1.33707 -3.67413e-007
ln_T_YR_AGE_ALT_FREQ(210,1)     -1.52646 3.32439e-008
ln_T_YR_AGE_ALT_FREQ(211,1)     -1.93334 -8.22828e-006
ln_T_YR_AGE_ALT_FREQ(212,1)      -1.0386 4.30036e-006
ln_T_YR_AGE_ALT_FREQ(213,1)     -1.45881 -1.97867e-007
ln_T_YR_AGE_ALT_FREQ(214,1)      -1.4863 1.72132e-007
ln_T_YR_AGE_ALT_FREQ(215,1)     -1.73293 3.56827e-007
ln_T_YR_AGE_ALT_FREQ(216,1)       -1.285 7.92525e-007
ln_T_YR_AGE_ALT_FREQ(217,1)     -1.52139 1.11612e-007
ln_T_YR_AGE_ALT_FREQ(218,1)     -1.48385 3.33493e-008
ln_T_YR_AGE_ALT_FREQ(219,1)      -0.4363 -9.51739e-007
ln_T_YR_AGE_ALT_FREQ(220,1)      1.07218 -1.41854e-006
ln_T_YR_AGE_ALT_FREQ(221,1)     -1.50061 -5.19534e-007
ln_T_YR_AGE_ALT_FREQ(222,1)     -1.52595 -8.73851e-008
ln_T_YR_AGE_ALT_FREQ(223,1)     -1.41624 -4.35132e-006
ln_T_YR_AGE_ALT_FREQ(224,1)    -0.484008 1.35209e-006
ln_T_YR_AGE_ALT_FREQ(225,1)     -1.76391 -9.62563e-008
ln_T_YR_AGE_ALT_FREQ(226,1)     -1.42951 1.37193e-007
ln_T_YR_AGE_ALT_FREQ(227,1)    -0.851616 -3.98148e-006
ln_T_YR_AGE_ALT_FREQ(228,1)     0.349515 2.74486e-006
ln_T_YR_AGE_ALT_FREQ(229,1)     -1.45283 7.57659e-007
ln_T_YR_AGE_ALT_FREQ(230,1)     -1.49095 -3.46543e-007
ln_T_YR_AGE_ALT_FREQ(231,1)     -1.44488  8.1083e-006
ln_T_YR_AGE_ALT_FREQ(232,1)    -0.261917 -1.58122e-006
ln_T_YR_AGE_ALT_FREQ(233,1)     -1.82237 5.52419e-007
ln_T_YR_AGE_ALT_FREQ(234,1)      -1.4571 3.95309e-008
ln_T_YR_AGE_ALT_FREQ(235,1)     -1.27633 5.57524e-006
ln_T_YR_AGE_ALT_FREQ(236,1)    -0.430273 -4.57671e-006
ln_T_YR_AGE_ALT_FREQ(237,1)     -1.47628 6.63423e-009
ln_T_YR_AGE_ALT_FREQ(238,1)     -1.50471 -3.02753e-008
ln_T_YR_AGE_ALT_FREQ(239,1)     -2.01866  6.1548e-006
ln_T_YR_AGE_ALT_FREQ(240,1)     -1.17934 -6.7544e-006
ln_T_YR_AGE_ALT_FREQ(241,1)       -1.723 -1.79967e-007
ln_T_YR_AGE_ALT_FREQ(242,1)     -1.46504 2.26718e-007
ln_T_YR_AGE_ALT_FREQ(243,1)     -1.92807 -6.65448e-006
ln_T_YR_AGE_ALT_FREQ(244,1)     -1.07504 4.48821e-006
ln_T_YR_AGE_ALT_FREQ(245,1)     -1.72444 -2.72989e-007
ln_T_YR_AGE_ALT_FREQ(246,1)     -1.47519 9.30374e-008
ln_T_YR_AGE_ALT_FREQ(247,1)     -1.94894 4.01847e-006
ln_T_YR_AGE_ALT_FREQ(248,1)     -1.22391 -3.8022e-006
ln_T_YR_AGE_ALT_FREQ(249,1)     -1.51445 -4.57442e-007
ln_T_YR_AGE_ALT_FREQ(250,1)     -1.49044 1.04046e-007
ln_T_YR_AGE_ALT_FREQ(251,1)     -2.04322 2.67393e-006
ln_T_YR_AGE_ALT_FREQ(252,1)     -1.04811 -1.11177e-007
ln_T_YR_AGE_ALT_FREQ(253,1)      -1.2037 5.17266e-008
ln_T_YR_AGE_ALT_FREQ(254,1)     -1.57396 4.29786e-008
ln_T_YR_AGE_ALT_FREQ(255,1)     -2.09188 -3.33911e-006
ln_T_YR_AGE_ALT_FREQ(256,1)    -0.978179 -6.2038e-007
ln_T_YR_AGE_ALT_FREQ(257,1)     -1.52751 5.48608e-007
ln_T_YR_AGE_ALT_FREQ(258,1)     -1.43379 -2.0491e-007
ln_T_YR_AGE_ALT_FREQ(259,1)      -1.8877 5.86114e-006
ln_T_YR_AGE_ALT_FREQ(260,1)     -1.33668 -6.0924e-006
ln_T_YR_AGE_ALT_FREQ(261,1)     -1.33581  4.1734e-007
ln_T_YR_AGE_ALT_FREQ(262,1)     -1.53227 -4.62862e-007
ln_T_YR_AGE_ALT_FREQ(263,1)     -2.09123 4.85088e-006
ln_T_YR_AGE_ALT_FREQ(264,1)    -0.791107 -8.73066e-006
ln_T_YR_AGE_ALT_FREQ(265,1)    -0.968194 7.68507e-007
ln_T_YR_AGE_ALT_FREQ(266,1)     -1.58197 -6.35797e-008
ln_T_YR_AGE_ALT_FREQ(267,1)     -2.03774 6.18899e-006
ln_T_YR_AGE_ALT_FREQ(268,1)     -1.02844 -7.64454e-006
ln_T_YR_AGE_ALT_FREQ(269,1)     -1.41957 8.11732e-007
ln_T_YR_AGE_ALT_FREQ(270,1)     -1.49492 1.49014e-007
ln_T_YR_AGE_ALT_FREQ(271,1)       -2.058 -1.75418e-006
ln_T_YR_AGE_ALT_FREQ(272,1)     -1.13609 4.29816e-006
ln_T_YR_AGE_ALT_FREQ(273,1)     -1.13083 1.62267e-007
ln_T_YR_AGE_ALT_FREQ(274,1)     -1.53443 2.80227e-007
ln_T_YR_AGE_ALT_FREQ(275,1)     -2.13414 -2.54772e-007
ln_T_YR_AGE_ALT_FREQ(276,1)    -0.970601 -3.46353e-006
ln_T_YR_AGE_ALT_FREQ(277,1)     -1.88464 -2.12623e-007
ln_T_YR_AGE_ALT_FREQ(278,1)     -1.45604  2.2144e-007
ln_T_YR_AGE_ALT_FREQ(279,1)     -1.81471 4.77966e-006
ln_T_YR_AGE_ALT_FREQ(280,1)     -1.43558 -1.86762e-006
ln_T_YR_AGE_ALT_FREQ(281,1)    -0.597849 5.38575e-007
ln_T_YR_AGE_ALT_FREQ(282,1)     -1.60575 -5.06613e-008
ln_T_YR_AGE_ALT_FREQ(283,1)     -2.23598 -6.01016e-007
ln_T_YR_AGE_ALT_FREQ(284,1)     -1.38826 -1.9327e-006
ln_T_YR_AGE_ALT_FREQ(285,1)     -1.38191  8.4887e-007
ln_T_YR_AGE_ALT_FREQ(286,1)     -1.56099 1.17602e-007
ln_T_YR_AGE_ALT_FREQ(287,1)     -2.09968 -1.24795e-006
ln_T_YR_AGE_ALT_FREQ(288,1)      -1.2911 -2.56269e-006
ln_T_YR_AGE_ALT_FREQ(289,1)     -1.17381 4.38166e-007
ln_T_YR_AGE_ALT_FREQ(290,1)     -1.55099 -1.46358e-007
ln_T_YR_AGE_ALT_FREQ(291,1)     -2.04142 1.26767e-007
ln_T_YR_AGE_ALT_FREQ(292,1)     -1.41108 9.67266e-007
ln_T_YR_AGE_ALT_FREQ(293,1)     -1.68508 2.83991e-007
ln_T_YR_AGE_ALT_FREQ(294,1)     -1.47322 -9.19732e-008
ln_T_YR_AGE_ALT_FREQ(295,1)     -2.05315 -1.48308e-006
ln_T_YR_AGE_ALT_FREQ(296,1)     -1.04999 3.93871e-007
ln_T_YR_AGE_ALT_FREQ(297,1)     -1.50871 -2.2961e-007
ln_T_YR_AGE_ALT_FREQ(298,1)     -1.48656 -4.11612e-008
ln_T_YR_AGE_ALT_FREQ(299,1)     -2.08592 -1.71327e-006
ln_T_YR_AGE_ALT_FREQ(300,1)     -1.23868 1.15397e-006
ln_T_YR_AGE_ALT_FREQ(301,1)     -1.46532 7.24808e-008
ln_T_YR_AGE_ALT_FREQ(302,1)     -1.50479 3.33323e-007
ln_T_YR_AGE_ALT_FREQ(303,1)     -1.95404 -7.76402e-007
ln_T_YR_AGE_ALT_FREQ(304,1)     -1.14456 5.33128e-008
ln_T_CNST(1,1)         -1.5 1.02423e-007
ln_T_CNST(2,1)         -1.5 1.37387e-007
log_sel_beta1(1,1)     0.748514 3.86397e-006
log_sel_beta1(1,2)     0.140871 -1.72724e-006
log_sel_beta1(1,3)     0.286078   2.713e-007
log_sel_beta1(1,4)    0.0343979 -1.40604e-005
log_sel_beta1(2,1)     0.644967 -4.78607e-006
log_sel_beta1(2,2)   -0.0348485 6.10696e-006
log_sel_beta1(2,3)      0.20917 1.43805e-006
log_sel_beta1(2,4)     -1.62448 -6.2069e-008
log_sel_beta2(1,1)      2.01979 -5.94134e-006
log_sel_beta2(1,2)      2.01825 2.00989e-005
log_sel_beta2(1,3)      1.97224 -9.5297e-006
log_sel_beta2(1,4)      1.91752 -4.20819e-005
log_sel_beta2(2,1)      1.99195 -1.76231e-005
log_sel_beta2(2,2)      2.17311 -3.07704e-006
log_sel_beta2(2,3)      1.90127 -1.79397e-005
log_sel_beta2(2,4)     -3.54712 -3.24316e-007
log_sel_beta3(1,1)     -1.12615 -2.20351e-007
log_sel_beta3(1,2)     -1.62851 -6.24796e-008
log_sel_beta3(1,3)      -2.7539 -1.83223e-006
log_sel_beta3(1,4)    -0.651702 2.23652e-005
log_sel_beta3(2,1)     -1.59401 -4.87895e-006
log_sel_beta3(2,2)     -1.62851 -6.24796e-008
log_sel_beta3(2,3)     -2.35646 9.79531e-007
log_sel_beta3(2,4)     -1.62851 -6.24796e-008
log_sel_beta4(1,1)     -4.99999 4.31177e-008
log_sel_beta4(1,2)     -1.69234 -6.90118e-008
log_sel_beta4(1,3)     -4.99991 1.31672e-008
log_sel_beta4(1,4)     -4.99999 -5.45133e-009
log_sel_beta4(2,1)     -4.99996 -7.02564e-008
log_sel_beta4(2,2)     -1.69234 -6.90118e-008
log_sel_beta4(2,3)     -4.99989 -1.7151e-008
log_sel_beta4(2,4)     -1.69234 -6.90118e-008
ln_q(1,1)          -15 2.50131e-006
ln_F(1,1)     -6.52644 -6.3588e-007
ln_F(1,2)     -7.76767 6.78807e-009
ln_F(1,3)     -13.0093 -5.28618e-008
ln_F(1,4)     -7.15071 1.88085e-007
ln_F(2,1)     -6.27692 1.12728e-008
ln_F(2,2)     -8.84044 -1.57209e-006
ln_F(2,3)     -13.1342 -1.91242e-006
ln_F(2,4)     -6.02369 -6.93572e-007
ln_F(3,1)     -6.14595 -1.09378e-006
ln_F(3,2)     -7.15081 -6.19084e-007
ln_F(3,3)      -13.116 4.97555e-007
ln_F(3,4)     -7.30009 5.39367e-007
ln_F(4,1)     -6.05605 -3.24884e-007
ln_F(4,2)     -7.61721 -1.1406e-006
ln_F(4,3)     -7.09572 -1.0242e-006
ln_F(4,4)     -6.48903 6.02588e-009
ln_F(5,1)     -6.32218 -4.25224e-007
ln_F(5,2)      -7.8807  7.0508e-007
ln_F(5,3)     -6.65953 -5.0888e-007
ln_F(5,4)     -6.48903 6.02588e-009
ln_F(6,1)     -5.94524 -8.84374e-007
ln_F(6,2)     -8.24267 -7.7476e-008
ln_F(6,3)     -5.66555 -5.41405e-007
ln_F(6,4)     -6.48903 6.02588e-009
ln_F(7,1)      -5.8675 8.41438e-007
ln_F(7,2)     -7.92184 -1.2382e-007
ln_F(7,3)     -7.44195 -1.68998e-007
ln_F(7,4)     -6.48903 6.02588e-009
ln_F(8,1)     -5.75316 1.74797e-006
ln_F(8,2)     -8.01628 9.17896e-007
ln_F(8,3)     -6.46993 -4.73266e-007
ln_F(8,4)     -6.48903 6.02588e-009
ln_F(9,1)     -6.07992 -3.46304e-007
ln_F(9,2)     -8.32395 8.03768e-007
ln_F(9,3)     -6.74221 -5.03643e-007
ln_F(9,4)     -6.48903 6.02588e-009
ln_F(10,1)     -5.63768 7.73627e-007
ln_F(10,2)     -8.68613 -1.86116e-007
ln_F(10,3)     -5.32151 8.88774e-008
ln_F(10,4)     -6.48903 6.02588e-009
ln_F(11,1)     -5.43828 -2.9405e-007
ln_F(11,2)     -7.80152 5.03374e-008
ln_F(11,3)     -7.81297 4.28673e-007
ln_F(11,4)     -6.48903 6.02588e-009
ln_F(12,1)     -5.36211  5.9546e-007
ln_F(12,2)     -7.71668 1.66643e-007
ln_F(12,3)     -6.02309 1.03972e-006
ln_F(12,4)     -9.12295 -2.66073e-007
ln_F(13,1)     -5.74044 1.17005e-007
ln_F(13,2)     -7.49944 7.17512e-007
ln_F(13,3)     -6.10361 5.30218e-007
ln_F(13,4)     -9.19117 -3.61829e-007
ln_F(14,1)     -5.45132 -2.57402e-007
ln_F(14,2)     -7.57216 1.73061e-007
ln_F(14,3)     -5.26499 7.15213e-007
ln_F(14,4)     -9.25277 -1.0234e-006
ln_F(15,1)     -5.55373 -1.61612e-007
ln_F(15,2)     -7.25076 -1.87621e-006
ln_F(15,3)     -6.91675 -8.73675e-007
ln_F(15,4)     -9.33753 -2.37657e-006
ln_F(16,1)      -6.1935 -1.53337e-006
ln_F(16,2)      -7.1731 -7.71223e-007
ln_F(16,3)     -6.19177 -3.66657e-007
ln_F(16,4)     -10.7618 -2.0816e-006
ln_F(17,1)     -6.26572  3.1148e-007
ln_F(17,2)      -6.8304 -1.00118e-006
ln_F(17,3)     -6.94177 -3.44837e-010
ln_F(17,4)     -10.7374 -2.06741e-006
ln_F(18,1)     -6.12412 -6.21396e-008
ln_F(18,2)     -7.19606 -1.12011e-006
ln_F(18,3)     -4.96561 -3.07895e-007
ln_F(18,4)     -10.6435 -2.01236e-006
ln_F(19,1)     -5.90827 6.37359e-007
ln_F(19,2)     -6.58448  -1.642e-008
ln_F(19,3)     -6.13408 -6.33393e-007
ln_F(19,4)     -10.5817 -1.27372e-006
ln_F(20,1)     -6.42696 1.95573e-007
ln_F(20,2)     -7.39597 2.62755e-007
ln_F(20,3)     -5.25329  1.6806e-007
ln_F(20,4)     -6.48903 6.02588e-009
ln_F(21,1)     -6.44486 2.56459e-007
ln_F(21,2)     -7.09654 6.60255e-007
ln_F(21,3)     -4.56128 2.37174e-007
ln_F(21,4)     -6.48903 6.02588e-009
ln_F(22,1)      -6.2573 2.42312e-007
ln_F(22,2)     -7.29833 6.34785e-007
ln_F(22,3)     -4.51125  8.4521e-007
ln_F(22,4)     -6.48903 6.02588e-009
ln_F(23,1)     -6.15664 -1.21691e-006
ln_F(23,2)     -7.07379 -2.06242e-007
ln_F(23,3)      -5.1883 -7.61521e-009
ln_F(23,4)     -6.48903 6.02588e-009
ln_F(24,1)     -6.08165 -1.53904e-006
ln_F(24,2)      -7.2384 -4.95214e-007
ln_F(24,3)     -4.48212 1.59476e-007
ln_F(24,4)     -6.48903 6.02588e-009
ln_F(25,1)     -6.03749 3.71699e-007
ln_F(25,2)      -7.3176 -6.36523e-008
ln_F(25,3)     -4.30081 8.45535e-007
ln_F(25,4)     -6.48903 6.02588e-009
ln_F(26,1)      -5.8115 -2.36826e-007
ln_F(26,2)     -7.95926 -2.14038e-007
ln_F(26,3)     -4.24751 7.02995e-007
ln_F(26,4)     -6.48903 6.02588e-009
ln_F(27,1)     -5.65971 -2.88091e-007
ln_F(27,2)     -7.55196 5.81807e-007
ln_F(27,3)     -3.53932  3.7089e-007
ln_F(27,4)     -6.48903 6.02588e-009
ln_F(28,1)     -5.97276 1.21286e-007
ln_F(28,2)      -7.3044 -4.05558e-007
ln_F(28,3)     -4.47313 -4.5904e-007
ln_F(28,4)     -6.48903 6.02588e-009
ln_F(29,1)     -6.09174 8.14983e-008
ln_F(29,2)     -7.37468 -6.58178e-007
ln_F(29,3)     -4.98506 1.46957e-006
ln_F(29,4)     -6.48903 6.02588e-009
ln_F(30,1)     -5.94485 3.98842e-007
ln_F(30,2)     -7.45362 -1.09185e-008
ln_F(30,3)     -4.24013 7.66368e-007
ln_F(30,4)     -6.48903 6.02588e-009
ln_F(31,1)      -5.8517 1.20163e-007
ln_F(31,2)      -6.7311 1.80685e-007
ln_F(31,3)     -3.75283  7.4909e-007
ln_F(31,4)     -6.48903 6.02588e-009
ln_F(32,1)     -5.90659 1.51314e-006
ln_F(32,2)     -6.48626 -2.67645e-007
ln_F(32,3)     -4.39248 -2.30331e-007
ln_F(32,4)     -6.48903 6.02588e-009
ln_F(33,1)      -6.0559 9.30648e-007
ln_F(33,2)     -6.43677 -6.58556e-007
ln_F(33,3)     -4.96848 1.39986e-007
ln_F(33,4)     -6.48903 6.02588e-009
ln_F(34,1)     -5.92878 1.46225e-006
ln_F(34,2)     -7.25627 3.69767e-007
ln_F(34,3)      -4.9828 -3.24238e-007
ln_F(34,4)     -6.48903 6.02588e-009
ln_F(35,1)     -5.66169 2.06169e-007
ln_F(35,2)     -6.26406 6.02677e-008
ln_F(35,3)      -4.6947 -2.1935e-008
ln_F(35,4)     -6.48903 6.02588e-009
ln_F(36,1)     -5.34156 5.32476e-007
ln_F(36,2)     -6.37496 -5.02593e-007
ln_F(36,3)     -4.58511 8.39071e-008
ln_F(36,4)     -6.48903 6.02588e-009
ln_F(37,1)     -5.48186 5.29364e-007
ln_F(37,2)     -6.94337 -1.97547e-007
ln_F(37,3)      -4.7147 -2.51537e-008
ln_F(37,4)     -6.48903 6.02588e-009
ln_F(38,1)     -5.34049 7.37624e-008
ln_F(38,2)     -7.02011 2.45518e-007
ln_F(38,3)     -4.22428 8.80815e-008
ln_F(38,4)     -6.48903 6.02588e-009
ln_F(39,1)      -5.3384 -1.68456e-007
ln_F(39,2)     -5.82149 -3.19823e-008
ln_F(39,3)     -4.58059 4.36831e-007
ln_F(39,4)     -6.48903 6.02588e-009
ln_F(40,1)     -5.08949 -2.32467e-008
ln_F(40,2)     -6.25371 -9.83089e-007
ln_F(40,3)     -4.15816 2.35768e-007
ln_F(40,4)     -6.48903 6.02588e-009
ln_F(41,1)     -5.50042 -4.7137e-007
ln_F(41,2)     -6.24076 4.81875e-008
ln_F(41,3)     -4.52562 5.74672e-007
ln_F(41,4)     -6.48903 6.02588e-009
ln_F(42,1)     -5.08125 -2.35385e-007
ln_F(42,2)     -6.58976 -6.79303e-007
ln_F(42,3)     -3.80309 3.51251e-007
ln_F(42,4)     -6.48903 6.02588e-009
ln_F(43,1)     -4.86302 9.43392e-008
ln_F(43,2)     -6.01233 -4.23522e-007
ln_F(43,3)     -3.49479 1.16046e-007
ln_F(43,4)     -6.48903 6.02588e-009
ln_F(44,1)     -4.82269 3.39027e-007
ln_F(44,2)      -6.9905 -3.49048e-007
ln_F(44,3)     -3.73584 -5.23653e-007
ln_F(44,4)     -6.48903 6.02588e-009
ln_F(45,1)     -5.01315 1.11687e-007
ln_F(45,2)     -6.86945 -1.31249e-006
ln_F(45,3)     -4.08155 -3.67058e-007
ln_F(45,4)     -6.48903 6.02588e-009
ln_F(46,1)     -4.61394 -1.16366e-007
ln_F(46,2)     -6.97931 -1.36672e-006
ln_F(46,3)     -3.92337 -1.8266e-007
ln_F(46,4)     -6.48903 6.02588e-009
ln_F(47,1)     -4.53734 -1.65174e-006
ln_F(47,2)     -5.56579 1.78905e-007
ln_F(47,3)     -4.04403 4.73305e-007
ln_F(47,4)     -6.48903 6.02588e-009
ln_F(48,1)     -4.96147 6.77625e-007
ln_F(48,2)     -5.16093 -9.96169e-007
ln_F(48,3)     -3.60669 -1.54197e-007
ln_F(48,4)     -6.56817 -1.50159e-006
ln_F(49,1)     -5.22021 -8.72151e-007
ln_F(49,2)     -6.09702 -3.84134e-007
ln_F(49,3)     -4.37919 -4.95824e-008
ln_F(49,4)     -7.59897 -1.11154e-006
ln_F(50,1)     -5.34979 4.73392e-007
ln_F(50,2)     -6.78157 2.69668e-007
ln_F(50,3)     -3.87292 -2.43689e-008
ln_F(50,4)     -5.88825 2.08281e-007
ln_F(51,1)      -4.6193 -2.86332e-007
ln_F(51,2)     -6.66262 -8.68206e-007
ln_F(51,3)     -3.98008 1.35902e-007
ln_F(51,4)     -5.50385 -4.25862e-007
ln_F(52,1)      -4.8096 -1.75094e-008
ln_F(52,2)     -6.05628 -1.85946e-007
ln_F(52,3)     -4.58834 -7.49567e-008
ln_F(52,4)     -5.81219 1.08095e-007
ln_F(53,1)     -5.07709 -3.24956e-007
ln_F(53,2)     -6.14287 -3.31641e-007
ln_F(53,3)     -4.88201 1.24872e-007
ln_F(53,4)     -7.23838 -7.10476e-008
ln_F(54,1)     -5.28517 -3.89992e-007
ln_F(54,2)     -6.55819 5.60133e-007
ln_F(54,3)     -4.21963 6.21754e-007
ln_F(54,4)     -4.49925 -4.3516e-007
ln_F(55,1)     -4.99329 -3.19187e-007
ln_F(55,2)     -7.02511 -5.88149e-007
ln_F(55,3)     -4.39092 -3.59568e-007
ln_F(55,4)     -5.67475 3.98564e-007
ln_F(56,1)     -5.18536 1.17204e-006
ln_F(56,2)     -5.49725 -6.10442e-007
ln_F(56,3)     -4.52769 -7.9877e-007
ln_F(56,4)     -5.53693 -1.0502e-006
ln_F(57,1)     -4.60763 -1.41133e-008
ln_F(57,2)     -5.37029 -7.90251e-007
ln_F(57,3)     -4.45525 2.99676e-007
ln_F(57,4)     -6.85799 -1.3525e-007
ln_F(58,1)     -5.07726 -6.29784e-008
ln_F(58,2)      -5.5443 -7.65712e-007
ln_F(58,3)     -4.38099 4.50627e-007
ln_F(58,4)     -5.17191 -9.38798e-008
ln_F(59,1)     -4.47596 5.81132e-007
ln_F(59,2)     -5.66676 -3.67385e-007
ln_F(59,3)     -4.41789 -2.87872e-007
ln_F(59,4)     -5.37538 2.61165e-007
ln_F(60,1)     -4.73785 1.62801e-007
ln_F(60,2)     -4.69027 -1.85895e-007
ln_F(60,3)     -4.12871 -1.03125e-006
ln_F(60,4)     -5.98207 1.28914e-007
ln_F(61,1)     -4.68465 1.26391e-007
ln_F(61,2)      -3.9914 -8.3526e-008
ln_F(61,3)     -4.89056 -1.2624e-006
ln_F(61,4)     -5.84558 -5.55249e-007
ln_F(62,1)      -5.1278 -8.3112e-007
ln_F(62,2)      -4.4145 2.09333e-007
ln_F(62,3)     -4.09809 -3.93528e-007
ln_F(62,4)     -4.71232 -3.76516e-007
ln_F(63,1)     -4.38759 -4.51293e-007
ln_F(63,2)     -4.97873 2.55924e-007
ln_F(63,3)     -4.30811 -6.49826e-008
ln_F(63,4)     -4.46052 -2.38868e-007
ln_F(64,1)     -4.61541 1.35582e-007
ln_F(64,2)     -5.64828 -2.60561e-007
ln_F(64,3)     -3.91821 -4.29458e-007
ln_F(64,4)       -4.044 6.09296e-007
ln_F(65,1)     -4.14849 6.99776e-007
ln_F(65,2)     -5.16795 1.15888e-007
ln_F(65,3)     -4.50917 2.07355e-007
ln_F(65,4)     -3.98635 -4.61943e-007
ln_F(66,1)     -4.28592 2.90866e-007
ln_F(66,2)     -6.11511 1.45411e-006
ln_F(66,3)     -3.84135  1.6891e-007
ln_F(66,4)     -3.85732 -2.26582e-008
ln_F(67,1)     -3.93958  7.6164e-008
ln_F(67,2)     -6.49669 1.98238e-007
ln_F(67,3)     -3.98775 -3.87881e-007
ln_F(67,4)     -4.67975 -2.62379e-007
ln_F(68,1)     -4.22256 -3.51028e-007
ln_F(68,2)     -6.35312 6.07157e-007
ln_F(68,3)      -3.5221 -2.11489e-007
ln_F(68,4)      -3.9748 6.71414e-009
ln_F(69,1)     -3.67818 7.33296e-007
ln_F(69,2)     -5.33578 1.29567e-008
ln_F(69,3)     -3.55811 3.02922e-007
ln_F(69,4)     -4.53655 3.32452e-007
ln_F(70,1)     -4.07956 4.21191e-007
ln_F(70,2)     -6.60954 -7.87586e-007
ln_F(70,3)     -3.57407 -5.86349e-007
ln_F(70,4)       -4.272  3.8077e-007
ln_F(71,1)      -4.0259 -8.75161e-007
ln_F(71,2)     -5.87422 3.93086e-007
ln_F(71,3)     -3.91812 8.81578e-007
ln_F(71,4)     -4.31974 -8.5248e-007
ln_F(72,1)     -4.52687 2.92474e-007
ln_F(72,2)     -5.61243 1.13971e-006
ln_F(72,3)     -4.31659 6.69562e-007
ln_F(72,4)     -4.53242 -2.98349e-007
ln_F(73,1)      -3.9926 -5.91572e-007
ln_F(73,2)     -5.07821 5.83075e-008
ln_F(73,3)     -4.36849 2.50422e-007
ln_F(73,4)     -4.76611 7.60096e-007
ln_F(74,1)     -4.46727 1.47993e-006
ln_F(74,2)     -6.66198 -3.22387e-007
ln_F(74,3)     -3.12076 -5.4584e-007
ln_F(74,4)     -4.73296 2.60119e-007
ln_F(75,1)     -3.98346 4.91894e-007
ln_F(75,2)     -6.19936 2.49255e-007
ln_F(75,3)     -2.91257 4.06632e-007
ln_F(75,4)     -4.95131 -8.00069e-007
ln_F(76,1)     -4.52563  2.5435e-007
ln_F(76,2)     -5.91661 -1.4588e-007
ln_F(76,3)     -3.36617 -3.66059e-008
ln_F(76,4)     -5.28536 1.25187e-007
ln_F(77,1)     -4.36591 -7.45629e-007
ln_F(77,2)     -6.17069 -3.62242e-007
ln_F(77,3)     -3.77396 -6.81749e-007
ln_F(77,4)     -5.48438 -8.05892e-007
ln_F(78,1)     -4.89067 -2.4175e-007
ln_F(78,2)     -6.90883 -1.26236e-006
ln_F(78,3)     -3.33067 -2.19473e-007
ln_F(78,4)     -4.89192 -8.7928e-007
ln_F(79,1)     -4.02846 -1.95176e-007
ln_F(79,2)     -5.82354 -8.92395e-007
ln_F(79,3)     -3.14308 -4.81799e-007
ln_F(79,4)     -5.00676 -1.12793e-006
ln_F(80,1)     -4.81803 -4.44282e-008
ln_F(80,2)     -5.71152 -6.65104e-007
ln_F(80,3)     -4.53882 4.12125e-010
ln_F(80,4)     -4.63216 -2.10574e-007
ln_F(81,1)     -4.24931 6.74644e-007
ln_F(81,2)     -6.06567 -6.42057e-007
ln_F(81,3)     -4.14612 -5.38509e-007
ln_F(81,4)      -4.9567 -8.5229e-007
ln_F(82,1)     -5.09476 -4.45014e-008
ln_F(82,2)     -6.64704 -9.5286e-007
ln_F(82,3)      -4.0431 -8.1312e-007
ln_F(82,4)     -4.77998 -2.24727e-007
ln_F(83,1)     -4.48843 1.73835e-007
ln_F(83,2)     -5.99613 -3.97116e-007
ln_F(83,3)     -4.26493 3.04446e-008
ln_F(83,4)     -4.26712 -5.5222e-008
ln_F(84,1)     -4.36118 2.44928e-007
ln_F(84,2)     -5.94428 1.53912e-007
ln_F(84,3)     -3.68893 -2.41675e-007
ln_F(84,4)     -5.08196 5.09888e-007
ln_F(85,1)     -3.99901 8.24008e-007
ln_F(85,2)     -6.34146 -1.38802e-008
ln_F(85,3)     -3.42323 5.65174e-007
ln_F(85,4)     -5.62951 1.08844e-007
ln_F(86,1)     -4.56379 2.32227e-007
ln_F(86,2)     -6.39289 6.00664e-007
ln_F(86,3)     -2.98673 -1.87127e-007
ln_F(86,4)     -5.46691 7.37279e-007
ln_F(87,1)     -4.23073 -8.6243e-007
ln_F(87,2)     -6.17583 5.49289e-007
ln_F(87,3)     -3.04937 9.89855e-009
ln_F(87,4)     -5.91288 3.77843e-007
ln_F(88,1)      -4.6507 -1.64372e-007
ln_F(88,2)     -5.98008 -1.23222e-006
ln_F(88,3)     -4.04022 -8.61204e-007
ln_F(88,4)     -5.99013 -6.59495e-008
ln_F(89,1)     -4.37488 2.20537e-007
ln_F(89,2)     -6.15902 -1.05523e-006
ln_F(89,3)     -3.82725 -9.97523e-007
ln_F(89,4)     -4.92636 -4.33148e-007
ln_F(90,1)     -4.37947 -2.05701e-007
ln_F(90,2)     -6.34568 -3.88301e-007
ln_F(90,3)     -3.09187 -1.49087e-006
ln_F(90,4)     -4.26921 -4.07842e-007
ln_F(91,1)     -3.79582  4.2597e-007
ln_F(91,2)     -6.44744 2.26212e-007
ln_F(91,3)     -3.56069 -8.82696e-007
ln_F(91,4)     -5.36751 -5.21744e-007
ln_F(92,1)     -4.42829 -2.94183e-007
ln_F(92,2)     -5.93146 9.70211e-008
ln_F(92,3)     -3.77477 -8.0352e-007
ln_F(92,4)     -5.08651 5.17689e-007
ln_F(93,1)     -4.07772 -4.05748e-007
ln_F(93,2)      -6.2409 -8.78756e-007
ln_F(93,3)      -3.9142 -1.04688e-006
ln_F(93,4)     -5.45258 -6.55159e-007
ln_F(94,1)     -4.97367 -5.94044e-008
ln_F(94,2)     -6.60828 -6.10359e-007
ln_F(94,3)      -3.5275 -1.18211e-006
ln_F(94,4)      -4.4646 -9.26927e-007
ln_F(95,1)     -3.93677 -6.62734e-007
ln_F(95,2)     -6.09001 -7.92606e-007
ln_F(95,3)      -3.5159 -1.01188e-006
ln_F(95,4)     -4.75809 2.23305e-007
ln_F(96,1)     -3.48977 2.29453e-007
ln_F(96,2)     -5.59381 -2.34366e-007
ln_F(96,3)     -3.82685 -8.73603e-007
ln_F(96,4)     -5.16753 1.05649e-006
ln_F(97,1)     -3.60813 -1.05326e-006
ln_F(97,2)     -5.77582 -4.56731e-007
ln_F(97,3)     -3.77217 -5.08019e-007
ln_F(97,4)     -4.53485 -6.19413e-007
ln_F(98,1)     -4.22269 -7.98346e-008
ln_F(98,2)     -6.66861 1.63017e-007
ln_F(98,3)     -2.94621 -8.26821e-007
ln_F(98,4)     -3.93681 -7.95399e-007
ln_F(99,1)     -3.42844 1.81888e-007
ln_F(99,2)     -6.57792 1.89114e-007
ln_F(99,3)     -2.79504 -3.35146e-007
ln_F(99,4)     -4.97386 -5.32648e-007
ln_F(100,1)     -3.88742 4.93034e-007
ln_F(100,2)     -5.77263 -2.48241e-007
ln_F(100,3)     -3.09537 -1.27031e-007
ln_F(100,4)     -5.16125 -4.86738e-007
ln_F(101,1)     -3.66332 5.66395e-007
ln_F(101,2)     -5.50367 -5.60697e-007
ln_F(101,3)     -3.70298 -8.05032e-008
ln_F(101,4)     -5.60856 -4.53745e-008
ln_F(102,1)     -4.18301 3.86205e-007
ln_F(102,2)     -6.22608 -3.59401e-007
ln_F(102,3)     -3.17564 -2.64398e-007
ln_F(102,4)     -4.17324 -9.24585e-007
ln_F(103,1)     -3.21277 -1.15226e-007
ln_F(103,2)     -5.77395 -6.52492e-009
ln_F(103,3)      -2.9373 -3.43204e-007
ln_F(103,4)     -4.49385 2.10564e-007
ln_F(104,1)     -3.21421 5.49658e-007
ln_F(104,2)     -4.69712 5.41971e-007
ln_F(104,3)     -3.50662 3.79132e-007
ln_F(104,4)     -4.78408 -6.1102e-008
ln_F(105,1)     -3.74795  5.1821e-007
ln_F(105,2)      -4.0149 4.37304e-007
ln_F(105,3)     -3.42769 -2.19979e-007
ln_F(105,4)     -4.84239  1.5631e-006
ln_F(106,1)     -3.53363 4.51363e-007
ln_F(106,2)      -5.6061 7.56252e-007
ln_F(106,3)     -2.98763 -7.97702e-007
ln_F(106,4)     -4.42782 9.45963e-007
ln_F(107,1)     -3.10886 1.29929e-006
ln_F(107,2)     -4.54774 3.64864e-009
ln_F(107,3)     -2.67896 -2.71934e-007
ln_F(107,4)     -4.21692 -1.38178e-007
ln_F(108,1)     -3.48564 6.02234e-007
ln_F(108,2)     -4.55535 8.05804e-007
ln_F(108,3)     -3.13427 6.51325e-007
ln_F(108,4)     -4.24936 -6.54197e-007
ln_F(109,1)     -3.59716 1.20167e-006
ln_F(109,2)     -4.37555 -5.33932e-007
ln_F(109,3)     -3.58678 2.54606e-007
ln_F(109,4)     -4.48844 2.81747e-007
ln_F(110,1)     -4.04552 2.24252e-007
ln_F(110,2)     -5.86556 4.14032e-007
ln_F(110,3)     -2.86034 -8.95726e-007
ln_F(110,4)     -3.96788 -1.94648e-007
ln_F(111,1)     -4.05266 -4.93295e-007
ln_F(111,2)     -5.15909 2.78982e-007
ln_F(111,3)     -3.07981 1.17097e-007
ln_F(111,4)     -4.15487 5.88464e-007
ln_F(112,1)     -3.01956 4.56513e-007
ln_F(112,2)     -4.67204 -1.28006e-007
ln_F(112,3)     -3.15272 3.71668e-007
ln_F(112,4)      -4.4975 -3.4398e-007
ln_F(113,1)     -3.59651 1.27335e-006
ln_F(113,2)      -4.8874 -7.56098e-007
ln_F(113,3)     -3.53578 -4.15257e-007
ln_F(113,4)     -4.28406 -8.97554e-007
ln_F(114,1)     -3.73868 -4.14748e-007
ln_F(114,2)     -5.54791 1.59112e-008
ln_F(114,3)     -2.95618 4.26344e-007
ln_F(114,4)     -4.38971 -6.98099e-007
ln_F(115,1)     -3.46965  -7.093e-007
ln_F(115,2)     -5.29784 -1.17758e-006
ln_F(115,3)     -2.95139 -2.75377e-007
ln_F(115,4)     -4.56425 -1.13926e-006
ln_F(116,1)      -3.8126 9.67523e-008
ln_F(116,2)     -5.35346 -7.07544e-007
ln_F(116,3)     -4.03223 -1.53052e-006
ln_F(116,4)     -4.48759 -2.95556e-007
ln_F(117,1)     -3.84322 6.88553e-008
ln_F(117,2)      -5.4098 -5.41571e-007
ln_F(117,3)     -4.41763 -1.17117e-006
ln_F(117,4)     -4.56782 -3.94243e-007
ln_F(118,1)     -4.16738 -6.3034e-007
ln_F(118,2)     -7.18922 -1.69337e-006
ln_F(118,3)     -3.68649 -3.33018e-007
ln_F(118,4)     -4.54884 -8.22718e-007
ln_F(119,1)     -4.15017 -2.50623e-007
ln_F(119,2)     -6.59449 -1.63726e-007
ln_F(119,3)     -3.84569 -5.21543e-007
ln_F(119,4)     -4.15982 -1.11274e-006
ln_F(120,1)     -4.29245 -7.71749e-007
ln_F(120,2)     -5.91696 -4.72612e-007
ln_F(120,3)     -4.31902 1.28274e-007
ln_F(120,4)     -4.55412 -8.79277e-007
ln_F(121,1)      -4.6694 4.51493e-007
ln_F(121,2)      -6.6576  6.9712e-007
ln_F(121,3)     -4.28727 7.84224e-007
ln_F(121,4)     -4.21759   3.736e-007
ln_F(122,1)     -4.77636 4.54099e-008
ln_F(122,2)      -7.8384 5.27111e-008
ln_F(122,3)     -3.27346 6.22618e-007
ln_F(122,4)     -3.74083 -8.87694e-007
ln_F(123,1)     -4.73508 -2.04407e-007
ln_F(123,2)      -7.2183 1.61016e-007
ln_F(123,3)     -3.46321 -6.4508e-007
ln_F(123,4)     -4.12427 3.60112e-007
ln_F(124,1)     -4.54883 -5.78732e-007
ln_F(124,2)     -6.89633 2.55092e-007
ln_F(124,3)     -3.73636 4.22039e-009
ln_F(124,4)      -4.4333 -8.74969e-007
ln_F(125,1)     -3.73333 2.56126e-007
ln_F(125,2)     -6.76405 -1.18747e-006
ln_F(125,3)     -4.27515 -6.21848e-007
ln_F(125,4)     -3.93884 -2.26437e-007
ln_F(126,1)     -4.53118 1.45471e-007
ln_F(126,2)     -7.46539 -1.15055e-006
ln_F(126,3)     -3.26019 -9.4081e-008
ln_F(126,4)     -3.89394 -8.71075e-007
ln_F(127,1)     -4.00847 5.92208e-007
ln_F(127,2)     -7.05096 -6.27854e-008
ln_F(127,3)      -3.5512 1.30223e-007
ln_F(127,4)     -4.31675 -1.83058e-007
ln_F(128,1)     -3.50911 7.82416e-007
ln_F(128,2)     -7.06589 -2.55585e-007
ln_F(128,3)     -3.23623 -7.46272e-007
ln_F(128,4)     -4.25575 -2.71724e-007
ln_F(129,1)     -3.68307 4.27372e-007
ln_F(129,2)     -7.52335  2.9607e-007
ln_F(129,3)     -3.60479 -5.43863e-007
ln_F(129,4)     -4.03954 4.82109e-007
ln_F(130,1)     -3.82174 7.73942e-007
ln_F(130,2)      -7.1861   1.247e-007
ln_F(130,3)     -2.76055 -1.35504e-006
ln_F(130,4)     -4.35596 -3.0331e-007
ln_F(131,1)     -3.79697 2.17471e-007
ln_F(131,2)     -6.32641 2.45404e-007
ln_F(131,3)      -2.9799 -1.0494e-006
ln_F(131,4)     -4.17333 1.29172e-007
ln_F(132,1)     -3.95985 -3.91462e-007
ln_F(132,2)     -7.19568 3.33549e-007
ln_F(132,3)     -3.24249 -8.4613e-007
ln_F(132,4)      -4.9764 -5.48772e-007
ln_F(133,1)     -3.51531 -5.34785e-007
ln_F(133,2)     -7.07239 3.13306e-009
ln_F(133,3)     -3.82826 -1.72761e-008
ln_F(133,4)     -4.70015 1.61129e-007
ln_F(134,1)     -3.84956 -2.05655e-007
ln_F(134,2)     -6.75725 6.67569e-007
ln_F(134,3)     -2.88251 -2.05925e-007
ln_F(134,4)     -3.94828 6.26304e-007
ln_F(135,1)     -3.46003 -1.55883e-007
ln_F(135,2)     -5.95665 -2.79983e-007
ln_F(135,3)     -2.62661 4.17374e-008
ln_F(135,4)     -4.58268 7.20317e-007
ln_F(136,1)     -3.14046 -4.7933e-008
ln_F(136,2)     -6.35546 1.15068e-007
ln_F(136,3)     -2.78071 -3.69237e-007
ln_F(136,4)      -2.8571 -3.74171e-007
ln_F(137,1)     -3.58459 3.20021e-008
ln_F(137,2)     -6.34334 -5.45985e-007
ln_F(137,3)     -3.64677 -2.33865e-007
ln_F(137,4)     -4.17994 -4.06635e-007
ln_F(138,1)     -3.48906 7.37428e-008
ln_F(138,2)     -7.51162 -9.34629e-008
ln_F(138,3)     -3.11677 -1.8979e-007
ln_F(138,4)     -4.20643 -9.7708e-008
ln_F(139,1)     -3.34599 -9.88365e-007
ln_F(139,2)     -6.45395 -4.91018e-007
ln_F(139,3)     -2.94664    1.99e-007
ln_F(139,4)      -3.6757 3.26956e-007
ln_F(140,1)     -3.20644 2.46584e-009
ln_F(140,2)     -6.23829 -7.29191e-008
ln_F(140,3)     -2.44034 1.46989e-007
ln_F(140,4)     -3.48012 9.13172e-007
ln_F(141,1)     -3.63174 9.88834e-008
ln_F(141,2)     -6.71625 -9.41194e-007
ln_F(141,3)     -3.28396 3.92865e-007
ln_F(141,4)      -4.1504 -1.6006e-007
ln_F(142,1)     -3.43264 1.53083e-007
ln_F(142,2)     -8.06339 2.81356e-007
ln_F(142,3)     -2.45439 -6.13865e-007
ln_F(142,4)      -3.6684 -2.51748e-007
ln_F(143,1)     -2.56832 5.95749e-008
ln_F(143,2)     -6.30937 -3.37612e-007
ln_F(143,3)     -2.65121 -4.31044e-008
ln_F(143,4)     -3.32899 -1.49429e-007
ln_F(144,1)     -2.71269 3.65362e-007
ln_F(144,2)     -6.14022 -3.99537e-007
ln_F(144,3)     -2.59306 -7.52765e-008
ln_F(144,4)     -3.92531 -2.59292e-007
ln_F(145,1)      -2.6248 -1.61526e-008
ln_F(145,2)     -6.65859 2.62865e-007
ln_F(145,3)     -3.25792 -6.08601e-007
ln_F(145,4)     -3.72291 -5.88274e-007
ln_F(146,1)     -2.67608 3.32768e-007
ln_F(146,2)     -8.22167 1.55675e-006
ln_F(146,3)     -2.66608 -2.92125e-007
ln_F(146,4)     -4.06196 -6.13074e-007
ln_F(147,1)     -2.33574 5.10167e-009
ln_F(147,2)     -6.32589 5.39278e-007
ln_F(147,3)     -2.83483 5.23864e-008
ln_F(147,4)      -3.9974 -7.27663e-007
ln_F(148,1)     -2.10794 -1.75985e-007
ln_F(148,2)     -6.15083 7.67486e-007
ln_F(148,3)     -2.81522 -8.38262e-008
ln_F(148,4)     -4.33633  6.5653e-009
ln_F(149,1)     -3.47416 2.64598e-007
ln_F(149,2)      -6.8013 1.59358e-007
ln_F(149,3)     -3.44346 -3.6628e-007
ln_F(149,4)     -4.57868 9.93556e-009
ln_F(150,1)     -3.41027 -3.82509e-007
ln_F(150,2)       -7.855 -3.81681e-008
ln_F(150,3)     -2.97554 5.19172e-008
ln_F(150,4)      -4.5748 -1.30931e-007
ln_F(151,1)     -3.30605 2.73567e-007
ln_F(151,2)     -6.47075 -2.69164e-008
ln_F(151,3)     -2.81771 8.58449e-010
ln_F(151,4)     -3.67259 -2.70695e-007
ln_F(152,1)     -5.59243 9.11397e-007
ln_F(152,2)     -7.18916 2.82029e-007
ln_F(152,3)     -7.77616 9.05819e-007
ln_F(152,4)     -6.48903 6.02588e-009
ln_F(153,1)     -4.91293 1.13274e-006
ln_F(153,2)     -6.37637   3.291e-007
ln_F(153,3)     -7.13658 4.39389e-007
ln_F(153,4)     -6.48903 6.02588e-009
ln_F(154,1)     -5.65579 8.69835e-007
ln_F(154,2)     -7.62751 6.43154e-008
ln_F(154,3)     -6.85626 -8.5335e-007
ln_F(154,4)     -6.48903 6.02588e-009
ln_F(155,1)     -5.04745 4.56638e-007
ln_F(155,2)     -7.35123 3.27014e-007
ln_F(155,3)     -7.29871 -2.82719e-007
ln_F(155,4)     -6.48903 6.02588e-009
ln_F(156,1)     -5.63572 -6.37701e-008
ln_F(156,2)     -6.94194 2.93395e-007
ln_F(156,3)     -7.55098 -1.40004e-006
ln_F(156,4)     -6.48903 6.02588e-009
ln_F(157,1)     -4.87225 9.60206e-007
ln_F(157,2)     -6.22526 3.26142e-007
ln_F(157,3)     -7.21481 -2.65675e-007
ln_F(157,4)     -6.48903 6.02588e-009
ln_F(158,1)     -5.11584 1.60931e-006
ln_F(158,2)     -7.08409 7.59579e-007
ln_F(158,3)     -6.97682  9.6505e-007
ln_F(158,4)     -6.48903 6.02588e-009
ln_F(159,1)     -4.80246 8.34554e-007
ln_F(159,2)     -6.73944 9.35823e-007
ln_F(159,3)     -6.91138 -1.72723e-007
ln_F(159,4)     -6.48903 6.02588e-009
ln_F(160,1)     -4.64294 1.23959e-006
ln_F(160,2)      -6.4852 1.94076e-006
ln_F(160,3)     -7.05846 9.45072e-007
ln_F(160,4)     -6.48903 6.02588e-009
ln_F(161,1)     -4.01023 1.35831e-006
ln_F(161,2)     -6.30886 2.00685e-006
ln_F(161,3)     -6.75378 1.41362e-006
ln_F(161,4)     -6.48903 6.02588e-009
ln_F(162,1)     -4.96927  7.0566e-007
ln_F(162,2)     -7.36178 1.60929e-006
ln_F(162,3)     -6.68307 1.34627e-006
ln_F(162,4)     -6.48903 6.02588e-009
ln_F(163,1)      -4.9278 3.23056e-007
ln_F(163,2)     -6.88479 -1.77279e-007
ln_F(163,3)     -6.81145 1.31573e-009
ln_F(163,4)     -6.48903 6.02588e-009
ln_F(164,1)     -4.26149 4.40686e-007
ln_F(164,2)      -7.0831  1.5073e-006
ln_F(164,3)      -7.0893   2.625e-007
ln_F(164,4)     -6.48903 6.02588e-009
ln_F(165,1)     -4.26369 8.58739e-007
ln_F(165,2)     -6.80893 5.68383e-007
ln_F(165,3)     -6.91029 -7.36609e-007
ln_F(165,4)     -6.48903 6.02588e-009
ln_F(166,1)     -5.12753 2.29781e-006
ln_F(166,2)     -7.28725 3.24985e-006
ln_F(166,3)     -6.91119  1.9062e-006
ln_F(166,4)     -6.48903 6.02588e-009
ln_F(167,1)     -5.32541 2.34816e-006
ln_F(167,2)     -7.18135 2.37463e-006
ln_F(167,3)     -6.58905 1.42421e-006
ln_F(167,4)     -6.48903 6.02588e-009
ln_F(168,1)     -4.74783 7.09614e-007
ln_F(168,2)     -7.40087 1.34979e-006
ln_F(168,3)     -7.10324 5.84138e-007
ln_F(168,4)     -6.48903 6.02588e-009
ln_F(169,1)     -5.25722 6.36382e-007
ln_F(169,2)     -7.24672 6.83585e-007
ln_F(169,3)      -6.7126 -4.20517e-007
ln_F(169,4)     -6.48903 6.02588e-009
ln_F(170,1)     -5.35038 -1.04368e-006
ln_F(170,2)     -7.20807 2.53753e-007
ln_F(170,3)     -6.59204 -9.21018e-007
ln_F(170,4)     -6.48903 6.02588e-009
ln_F(171,1)     -5.66473 -7.0835e-007
ln_F(171,2)     -6.75171 -7.65286e-007
ln_F(171,3)     -6.65556 -9.12305e-007
ln_F(171,4)     -6.48903 6.02588e-009
ln_F(172,1)     -5.38583 -1.88382e-006
ln_F(172,2)     -7.50767 -2.06812e-006
ln_F(172,3)      -7.1189 -1.89039e-006
ln_F(172,4)     -6.48903 6.02588e-009
ln_F(173,1)      -4.7009 -1.40195e-006
ln_F(173,2)     -6.99642 -7.91964e-007
ln_F(173,3)       -6.537 -2.57186e-006
ln_F(173,4)     -6.48903 6.02588e-009
ln_F(174,1)     -5.28587 -9.56544e-007
ln_F(174,2)     -7.21024 -9.4756e-007
ln_F(174,3)     -6.53672 -6.13852e-007
ln_F(174,4)     -6.48903 6.02588e-009
ln_F(175,1)     -5.17999 4.06927e-007
ln_F(175,2)     -6.81862 -1.92304e-007
ln_F(175,3)     -6.53875 1.20171e-007
ln_F(175,4)     -6.48903 6.02588e-009
ln_F(176,1)     -4.54481 -3.58699e-007
ln_F(176,2)     -7.34008 3.63835e-007
ln_F(176,3)       -6.935 1.89723e-007
ln_F(176,4)     -6.48903 6.02588e-009
ln_F(177,1)     -4.67589   1.019e-006
ln_F(177,2)     -7.10198 -4.27539e-007
ln_F(177,3)     -6.31516 -4.0911e-007
ln_F(177,4)     -6.48903 6.02588e-009
ln_F(178,1)     -5.28809 5.83729e-007
ln_F(178,2)     -7.05853 7.88718e-007
ln_F(178,3)     -6.31098 2.51478e-007
ln_F(178,4)     -6.48903 6.02588e-009
ln_F(179,1)     -5.27403 9.14271e-007
ln_F(179,2)     -6.50387 5.77197e-007
ln_F(179,3)     -6.17648 -2.68391e-007
ln_F(179,4)     -6.48903 6.02588e-009
ln_F(180,1)     -4.96552 -1.56277e-007
ln_F(180,2)     -6.89683 -9.78532e-009
ln_F(180,3)     -6.74657  8.4701e-007
ln_F(180,4)     -6.48903 6.02588e-009
ln_F(181,1)      -3.8012 3.41635e-007
ln_F(181,2)     -6.57078 2.99456e-007
ln_F(181,3)     -6.55986 7.77532e-007
ln_F(181,4)     -6.48903 6.02588e-009
ln_F(182,1)     -4.65609 5.53125e-007
ln_F(182,2)     -7.31013 -1.1545e-007
ln_F(182,3)     -6.51632 7.50334e-007
ln_F(182,4)     -6.48903 6.02588e-009
ln_F(183,1)     -5.05099 2.22387e-009
ln_F(183,2)     -6.25455 1.74647e-007
ln_F(183,3)     -7.55514 -1.75628e-007
ln_F(183,4)     -6.48903 6.02588e-009
ln_F(184,1)     -4.88788 3.72619e-007
ln_F(184,2)     -7.44716 -4.37789e-007
ln_F(184,3)     -7.22401 -9.67906e-007
ln_F(184,4)     -6.48903 6.02588e-009
ln_F(185,1)     -4.14119 3.42655e-007
ln_F(185,2)     -6.80381 -1.01431e-006
ln_F(185,3)     -6.58498 -1.17761e-007
ln_F(185,4)     -6.48903 6.02588e-009
ln_F(186,1)     -5.10371 -8.69398e-007
ln_F(186,2)     -7.03696 -1.01382e-006
ln_F(186,3)     -6.61015 8.72279e-007
ln_F(186,4)     -6.48903 6.02588e-009
ln_F(187,1)     -4.35096 -1.02316e-006
ln_F(187,2)     -6.30787 -1.39434e-006
ln_F(187,3)     -6.46942 7.00731e-007
ln_F(187,4)     -6.48903 6.02588e-009
ln_F(188,1)     -4.16953 -5.43984e-007
ln_F(188,2)     -6.92131 -3.4245e-007
ln_F(188,3)     -6.97487 -3.15567e-007
ln_F(188,4)     -6.48903 6.02588e-009
ln_F(189,1)     -3.95943 -4.49778e-007
ln_F(189,2)     -7.02223  2.9609e-007
ln_F(189,3)     -6.58073 -9.35099e-007
ln_F(189,4)     -6.48903 6.02588e-009
ln_F(190,1)     -4.48943 2.35623e-007
ln_F(190,2)     -6.90446 -4.84655e-007
ln_F(190,3)     -6.68425 9.71633e-007
ln_F(190,4)     -6.48903 6.02588e-009
ln_F(191,1)     -4.50935 1.82378e-007
ln_F(191,2)     -5.82175 -1.34968e-006
ln_F(191,3)      -6.5888 5.79783e-007
ln_F(191,4)     -6.48903 6.02588e-009
ln_F(192,1)     -4.47343 -1.15705e-006
ln_F(192,2)     -6.64652 -6.71775e-007
ln_F(192,3)     -7.18253 -6.05164e-007
ln_F(192,4)     -6.48903 6.02588e-009
ln_F(193,1)     -4.33536 -8.1498e-007
ln_F(193,2)     -6.69224 -1.00417e-006
ln_F(193,3)     -6.59069 -1.4466e-006
ln_F(193,4)     -6.48903 6.02588e-009
ln_F(194,1)     -4.61539 -1.18808e-006
ln_F(194,2)     -6.57662 -1.41176e-006
ln_F(194,3)     -6.43628 -1.3108e-006
ln_F(194,4)     -6.48903 6.02588e-009
ln_F(195,1)     -4.56222 -9.54848e-007
ln_F(195,2)      -5.1672 -5.66194e-007
ln_F(195,3)     -5.58516 -1.03626e-006
ln_F(195,4)     -6.48903 6.02588e-009
ln_F(196,1)     -4.95926 -4.82926e-007
ln_F(196,2)     -5.84326 -1.8865e-007
ln_F(196,3)     -6.66504 -1.09527e-006
ln_F(196,4)     -6.48903 6.02588e-009
ln_F(197,1)     -4.51163 -3.23282e-008
ln_F(197,2)      -6.0362 1.02544e-006
ln_F(197,3)     -6.60222 -3.59282e-007
ln_F(197,4)     -6.48903 6.02588e-009
ln_F(198,1)     -3.71601 6.64567e-007
ln_F(198,2)     -4.91396 5.72115e-007
ln_F(198,3)     -6.20902 1.29826e-006
ln_F(198,4)     -6.48903 6.02588e-009
ln_F(199,1)     -4.34313 1.42821e-006
ln_F(199,2)     -4.76772 9.50687e-007
ln_F(199,3)     -6.22933  3.9338e-007
ln_F(199,4)     -6.48903 6.02588e-009
ln_F(200,1)     -4.88624 1.13379e-006
ln_F(200,2)     -6.86398 -4.36393e-007
ln_F(200,3)     -6.66753 8.20005e-007
ln_F(200,4)     -6.48903 6.02588e-009
ln_F(201,1)     -4.31482 2.04145e-007
ln_F(201,2)     -5.00962 9.13507e-009
ln_F(201,3)     -6.47382 1.14938e-006
ln_F(201,4)     -6.48903 6.02588e-009
ln_F(202,1)     -4.77235 -6.35156e-007
ln_F(202,2)      -5.9024 4.59649e-007
ln_F(202,3)     -6.41149 1.33052e-006
ln_F(202,4)     -6.48903 6.02588e-009
ln_F(203,1)     -4.89496 9.37119e-007
ln_F(203,2)     -4.87439 3.01548e-008
ln_F(203,3)     -6.31679 1.05254e-006
ln_F(203,4)     -6.48903 6.02588e-009
ln_F(204,1)      -4.8017 7.97962e-007
ln_F(204,2)     -6.42463 1.02301e-006
ln_F(204,3)     -6.79431 7.66987e-007
ln_F(204,4)     -6.48903 6.02588e-009
ln_F(205,1)      -4.3943 1.22819e-006
ln_F(205,2)     -5.46056 3.04468e-007
ln_F(205,3)     -6.13237 1.13466e-006
ln_F(205,4)     -6.48903 6.02588e-009
ln_F(206,1)       -4.585 5.59872e-007
ln_F(206,2)      -6.3072 6.64017e-007
ln_F(206,3)     -5.87649 1.12759e-006
ln_F(206,4)     -6.48903 6.02588e-009
ln_F(207,1)     -4.49493 2.42023e-007
ln_F(207,2)     -6.05785 1.21907e-006
ln_F(207,3)     -6.29548 1.04255e-006
ln_F(207,4)     -6.48903 6.02588e-009
ln_F(208,1)     -4.46022 1.01079e-006
ln_F(208,2)     -5.07438 -3.87963e-007
ln_F(208,3)     -6.58197 -5.93317e-007
ln_F(208,4)     -6.48903 6.02588e-009
ln_F(209,1)     -4.27186 -3.54928e-007
ln_F(209,2)     -4.95613 -4.53325e-008
ln_F(209,3)     -6.00852 -8.15429e-007
ln_F(209,4)     -6.48903 6.02588e-009
ln_F(210,1)     -4.50727 4.11403e-007
ln_F(210,2)     -4.57402 -2.16745e-007
ln_F(210,3)     -5.99673 2.56672e-007
ln_F(210,4)     -6.48903 6.02588e-009
ln_F(211,1)     -4.24989 2.44574e-007
ln_F(211,2)     -5.22267 -5.39857e-007
ln_F(211,3)     -5.87789 6.36983e-007
ln_F(211,4)     -6.48903 6.02588e-009
ln_F(212,1)     -4.23841 2.20743e-007
ln_F(212,2)     -5.34248 5.12225e-007
ln_F(212,3)     -6.18957 6.53491e-008
ln_F(212,4)     -6.48903 6.02588e-009
ln_F(213,1)     -4.02248 1.10638e-007
ln_F(213,2)      -5.3609 1.36911e-007
ln_F(213,3)     -5.82158 6.53241e-007
ln_F(213,4)     -6.48903 6.02588e-009
ln_F(214,1)     -3.98941  1.4288e-007
ln_F(214,2)       -4.695 1.09409e-006
ln_F(214,3)     -4.97598  2.0276e-007
ln_F(214,4)     -6.48903 6.02588e-009
ln_F(215,1)     -3.81153 -1.33506e-008
ln_F(215,2)     -4.33379 1.90571e-007
ln_F(215,3)     -4.78789 3.10365e-007
ln_F(215,4)     -6.48903 6.02588e-009
ln_F(216,1)     -3.73395 3.04029e-007
ln_F(216,2)     -5.02339 -2.54031e-006
ln_F(216,3)     -5.25547 -6.50022e-008
ln_F(216,4)     -6.48903 6.02588e-009
ln_F(217,1)     -3.45082 -1.37483e-006
ln_F(217,2)     -4.61494 -5.24012e-007
ln_F(217,3)     -4.77667 1.85405e-007
ln_F(217,4)     -6.48903 6.02588e-009
ln_F(218,1)     -3.42217 -3.74602e-007
ln_F(218,2)     -4.06671 2.50465e-008
ln_F(218,3)     -4.46928 -1.90824e-007
ln_F(218,4)     -6.48903 6.02588e-009
ln_F(219,1)     -3.43475 -3.33186e-007
ln_F(219,2)     -4.47977 -1.53318e-007
ln_F(219,3)     -4.65571 8.58618e-007
ln_F(219,4)     -6.48903 6.02588e-009
ln_F(220,1)     -3.43558 3.16763e-007
ln_F(220,2)     -5.67207 -7.5992e-008
ln_F(220,3)     -4.62292 -1.15052e-007
ln_F(220,4)     -6.48903 6.02588e-009
ln_F(221,1)     -3.23798 2.32547e-007
ln_F(221,2)     -4.82947 2.66779e-007
ln_F(221,3)     -4.58721 -2.58488e-007
ln_F(221,4)     -6.48903 6.02588e-009
ln_F(222,1)     -3.48621 -8.51074e-007
ln_F(222,2)     -3.95565 2.96842e-007
ln_F(222,3)     -4.28697 1.16828e-006
ln_F(222,4)     -6.48903 6.02588e-009
ln_F(223,1)       -3.374 -3.18171e-007
ln_F(223,2)     -3.76469 -1.22838e-006
ln_F(223,3)     -4.52336 1.37326e-007
ln_F(223,4)     -6.48903 6.02588e-009
ln_F(224,1)     -3.53704 -4.00971e-007
ln_F(224,2)     -6.54295 -1.48986e-006
ln_F(224,3)     -5.12535 -7.53276e-007
ln_F(224,4)     -6.48903 6.02588e-009
ln_F(225,1)     -3.42688 -7.87104e-007
ln_F(225,2)     -4.89636 -5.71157e-007
ln_F(225,3)     -4.99618 -5.43257e-007
ln_F(225,4)     -6.48903 6.02588e-009
ln_F(226,1)      -3.7473 -2.89041e-007
ln_F(226,2)     -4.18682 -7.29969e-007
ln_F(226,3)     -4.52161 -5.22106e-007
ln_F(226,4)     -6.48903 6.02588e-009
ln_F(227,1)     -3.79599 -9.06722e-007
ln_F(227,2)     -4.40593 -8.37603e-007
ln_F(227,3)      -4.8447 4.90591e-007
ln_F(227,4)     -6.48903 6.02588e-009
ln_F(228,1)     -3.85602 9.27618e-008
ln_F(228,2)     -6.58292 9.27075e-007
ln_F(228,3)     -5.17878 1.36026e-006
ln_F(228,4)     -6.48903 6.02588e-009
ln_F(229,1)       -3.753  1.0418e-006
ln_F(229,2)     -4.70512 1.42966e-006
ln_F(229,3)     -5.23027 9.30664e-007
ln_F(229,4)     -6.48903 6.02588e-009
ln_F(230,1)      -3.9207 1.60972e-008
ln_F(230,2)     -4.10881    1.59e-006
ln_F(230,3)     -4.35984 4.81784e-007
ln_F(230,4)     -6.48903 6.02588e-009
ln_F(231,1)      -4.0622 2.04326e-007
ln_F(231,2)     -4.18755 1.35303e-006
ln_F(231,3)     -3.58658 4.10288e-007
ln_F(231,4)     -6.48903 6.02588e-009
ln_F(232,1)      -4.1893 2.50803e-007
ln_F(232,2)     -5.30304 -2.07111e-007
ln_F(232,3)     -5.14974 -2.03274e-007
ln_F(232,4)     -6.48903 6.02588e-009
ln_F(233,1)      -3.9642 -8.26463e-008
ln_F(233,2)     -5.85876 -7.91437e-007
ln_F(233,3)     -5.03499 -1.51328e-007
ln_F(233,4)     -6.48903 6.02588e-009
ln_F(234,1)     -4.08519 -3.91235e-007
ln_F(234,2)     -4.41242 -1.26696e-006
ln_F(234,3)     -4.13216 -9.25664e-007
ln_F(234,4)     -6.48903 6.02588e-009
ln_F(235,1)     -3.87128 -3.63376e-007
ln_F(235,2)     -4.25387 -1.0428e-006
ln_F(235,3)     -4.14296 -8.10242e-007
ln_F(235,4)     -6.48903 6.02588e-009
ln_F(236,1)     -3.83702 -1.06929e-006
ln_F(236,2)      -5.0917 -1.10684e-006
ln_F(236,3)     -4.82083 -1.67147e-006
ln_F(236,4)     -6.48903 6.02588e-009
ln_F(237,1)     -3.64669 -1.02107e-006
ln_F(237,2)      -5.0773 -2.27099e-006
ln_F(237,3)     -4.73444 -2.21943e-006
ln_F(237,4)     -6.48903 6.02588e-009
ln_F(238,1)      -3.9254 -3.58016e-007
ln_F(238,2)     -4.09464 -5.02657e-007
ln_F(238,3)     -4.66982 -1.37661e-007
ln_F(238,4)     -6.48903 6.02588e-009
ln_F(239,1)     -4.06208 1.17527e-006
ln_F(239,2)     -4.39541 -9.74908e-008
ln_F(239,3)      -4.6237 4.81973e-007
ln_F(239,4)     -6.48903 6.02588e-009
ln_F(240,1)     -4.23642 1.07995e-006
ln_F(240,2)     -4.76152 6.98898e-007
ln_F(240,3)     -5.19144 -3.99888e-007
ln_F(240,4)     -6.48903 6.02588e-009
ln_F(241,1)     -3.87546 4.34503e-008
ln_F(241,2)     -5.18824 9.27189e-007
ln_F(241,3)     -4.88387 1.03988e-006
ln_F(241,4)     -6.48903 6.02588e-009
ln_F(242,1)     -4.00414 1.02827e-006
ln_F(242,2)      -5.0516 -2.44323e-007
ln_F(242,3)     -4.70903  9.3629e-007
ln_F(242,4)     -6.48903 6.02588e-009
ln_F(243,1)     -4.31331 5.23651e-007
ln_F(243,2)     -4.48946 -5.19179e-007
ln_F(243,3)     -4.95411 1.58286e-006
ln_F(243,4)     -6.48903 6.02588e-009
ln_F(244,1)     -4.37228 1.11503e-006
ln_F(244,2)     -5.37407 2.34146e-007
ln_F(244,3)     -5.26904 2.42703e-006
ln_F(244,4)     -6.48903 6.02588e-009
ln_F(245,1)        -4.19 1.36817e-006
ln_F(245,2)     -5.31555 1.22457e-006
ln_F(245,3)     -5.13746 1.36441e-006
ln_F(245,4)     -6.48903 6.02588e-009
ln_F(246,1)     -4.42379 1.23033e-006
ln_F(246,2)     -5.33224 3.04809e-007
ln_F(246,3)     -5.08454 4.72479e-007
ln_F(246,4)     -6.48903 6.02588e-009
ln_F(247,1)     -4.02642 1.02736e-006
ln_F(247,2)     -4.78508 9.77244e-007
ln_F(247,3)     -4.50136 -6.72041e-008
ln_F(247,4)     -6.48903 6.02588e-009
ln_F(248,1)     -4.28498 -1.12878e-008
ln_F(248,2)     -5.61289 2.78306e-007
ln_F(248,3)     -5.57966 8.84128e-007
ln_F(248,4)     -6.48903 6.02588e-009
ln_F(249,1)     -4.04729  9.3595e-007
ln_F(249,2)     -5.98296 4.44326e-007
ln_F(249,3)     -5.40258   3.145e-007
ln_F(249,4)     -6.48903 6.02588e-009
ln_F(250,1)     -4.25974 1.13218e-006
ln_F(250,2)     -4.75547 8.13878e-007
ln_F(250,3)     -5.31023 5.81546e-007
ln_F(250,4)     -6.48903 6.02588e-009
ln_F(251,1)     -4.04766 1.35256e-008
ln_F(251,2)     -4.84274 1.23174e-006
ln_F(251,3)     -4.63079 1.49105e-006
ln_F(251,4)     -6.48903 6.02588e-009
ln_F(252,1)     -4.25047 1.40166e-006
ln_F(252,2)     -5.97376 3.75321e-007
ln_F(252,3)     -5.30869 1.08632e-006
ln_F(252,4)     -6.48903 6.02588e-009
ln_F(253,1)     -3.93968 5.92462e-007
ln_F(253,2)      -5.5943 1.00504e-006
ln_F(253,3)     -4.98723 3.94536e-007
ln_F(253,4)     -6.48903 6.02588e-009
ln_F(254,1)     -3.99512 3.62087e-007
ln_F(254,2)     -5.42238 2.74705e-007
ln_F(254,3)     -4.86965 1.69463e-006
ln_F(254,4)     -6.48903 6.02588e-009
ln_F(255,1)     -4.12934 7.87771e-007
ln_F(255,2)     -4.86726 4.68228e-007
ln_F(255,3)     -4.54767 1.37658e-006
ln_F(255,4)     -6.48903 6.02588e-009
ln_F(256,1)     -4.34658 -1.32055e-007
ln_F(256,2)     -5.64314 -1.89609e-007
ln_F(256,3)     -5.06034 -7.18087e-007
ln_F(256,4)     -6.48903 6.02588e-009
ln_F(257,1)     -3.85312 -3.12256e-007
ln_F(257,2)      -4.9212 -9.63617e-007
ln_F(257,3)     -5.10334 -8.83768e-007
ln_F(257,4)     -6.48903 6.02588e-009
ln_F(258,1)     -3.63014  -6.841e-007
ln_F(258,2)      -5.0397 -4.53131e-007
ln_F(258,3)     -4.73966 -5.83188e-008
ln_F(258,4)     -6.48903 6.02588e-009
ln_F(259,1)     -3.80508 -4.54114e-007
ln_F(259,2)     -4.27902 -6.70313e-007
ln_F(259,3)      -4.7881 -3.70275e-007
ln_F(259,4)     -6.48903 6.02588e-009
ln_F(260,1)     -3.76072 -2.07242e-007
ln_F(260,2)     -5.34589 -6.19917e-007
ln_F(260,3)     -4.49981 1.44164e-007
ln_F(260,4)     -6.48903 6.02588e-009
ln_F(261,1)     -3.58637 -4.78367e-008
ln_F(261,2)     -4.78842 1.45051e-007
ln_F(261,3)     -4.81817  -4.126e-007
ln_F(261,4)     -6.48903 6.02588e-009
ln_F(262,1)     -3.78484 3.77705e-008
ln_F(262,2)     -5.21988 -1.49083e-006
ln_F(262,3)     -4.63671 -1.09366e-006
ln_F(262,4)     -6.48903 6.02588e-009
ln_F(263,1)     -4.27335 -1.01581e-006
ln_F(263,2)     -4.92335 6.99211e-007
ln_F(263,3)     -4.51697 -3.9502e-007
ln_F(263,4)     -6.48903 6.02588e-009
ln_F(264,1)     -4.10392 -4.53545e-007
ln_F(264,2)     -5.97379 -6.23061e-007
ln_F(264,3)     -4.19039 -5.32414e-007
ln_F(264,4)     -6.48903 6.02588e-009
ln_F(265,1)     -4.24684 -1.25059e-007
ln_F(265,2)     -5.19026 -7.68847e-007
ln_F(265,3)     -4.46615 -1.28123e-006
ln_F(265,4)     -6.48903 6.02588e-009
ln_F(266,1)     -4.14964 1.78743e-006
ln_F(266,2)     -4.60918 9.22908e-007
ln_F(266,3)     -4.33971 1.13371e-006
ln_F(266,4)     -6.48903 6.02588e-009
ln_F(267,1)     -3.79746 5.32321e-007
ln_F(267,2)     -4.63695 4.88574e-007
ln_F(267,3)     -4.58488   8.584e-007
ln_F(267,4)     -6.48903 6.02588e-009
ln_F(268,1)     -4.12742 1.65966e-006
ln_F(268,2)     -6.35887 -2.22228e-007
ln_F(268,3)     -4.83224 -5.19859e-007
ln_F(268,4)     -6.48903 6.02588e-009
ln_F(269,1)     -4.26219  9.6385e-007
ln_F(269,2)     -5.87943 -3.19219e-007
ln_F(269,3)     -5.04905 7.52794e-007
ln_F(269,4)     -6.48903 6.02588e-009
ln_F(270,1)     -4.34097 1.48316e-006
ln_F(270,2)     -4.94719 1.17853e-007
ln_F(270,3)      -4.8588 2.11456e-007
ln_F(270,4)     -6.48903 6.02588e-009
ln_F(271,1)     -4.45782 -3.39625e-007
ln_F(271,2)     -4.92194 6.11095e-007
ln_F(271,3)     -4.95124 -2.5631e-007
ln_F(271,4)     -6.48903 6.02588e-009
ln_F(272,1)     -5.58959 -1.1988e-006
ln_F(272,2)     -6.66826 -2.13861e-006
ln_F(272,3)     -5.54598 -7.4258e-007
ln_F(272,4)     -6.48903 6.02588e-009
ln_F(273,1)     -5.58351 2.85735e-007
ln_F(273,2)     -7.05032 -5.6189e-007
ln_F(273,3)     -5.42043 -1.9302e-008
ln_F(273,4)     -6.48903 6.02588e-009
ln_F(274,1)     -5.53259 -6.05994e-007
ln_F(274,2)     -5.27707 3.03324e-007
ln_F(274,3)     -5.12676 -3.0267e-007
ln_F(274,4)     -6.48903 6.02588e-009
ln_F(275,1)     -5.65751 -1.8039e-007
ln_F(275,2)     -5.53858 -6.85714e-007
ln_F(275,3)     -5.18113 -6.43353e-007
ln_F(275,4)     -6.48903 6.02588e-009
ln_F(276,1)     -5.20093 6.19021e-007
ln_F(276,2)      -6.9169 -4.29489e-007
ln_F(276,3)     -4.82473 4.14037e-007
ln_F(276,4)     -6.48903 6.02588e-009
ln_F(277,1)     -5.18661 7.15793e-007
ln_F(277,2)     -6.60656 -3.27225e-007
ln_F(277,3)     -4.90612 1.85931e-007
ln_F(277,4)     -6.48903 6.02588e-009
ln_F(278,1)     -5.17894 5.83755e-007
ln_F(278,2)     -5.32936 -7.24305e-007
ln_F(278,3)     -4.77478 -5.22358e-007
ln_F(278,4)     -6.48903 6.02588e-009
ln_F(279,1)     -4.79888 -2.94446e-007
ln_F(279,2)     -5.08871 -8.5936e-008
ln_F(279,3)     -4.50727 3.46572e-007
ln_F(279,4)     -6.48903 6.02588e-009
ln_F(280,1)     -4.88998 4.32535e-007
ln_F(280,2)     -6.70058 -1.19011e-006
ln_F(280,3)     -4.75045 -5.22567e-007
ln_F(280,4)     -6.48903 6.02588e-009
ln_F(281,1)     -4.75552 -3.82867e-007
ln_F(281,2)     -6.80177 -1.59788e-007
ln_F(281,3)      -4.8405 -1.24019e-006
ln_F(281,4)     -6.48903 6.02588e-009
ln_F(282,1)     -4.61434 1.01767e-006
ln_F(282,2)     -5.09347 1.01414e-006
ln_F(282,3)     -4.48581 8.63303e-007
ln_F(282,4)     -6.48903 6.02588e-009
ln_F(283,1)     -4.73997 1.08344e-006
ln_F(283,2)     -4.50568 -2.31435e-008
ln_F(283,3)      -4.4474 1.50165e-006
ln_F(283,4)     -6.48903 6.02588e-009
ln_F(284,1)      -4.6987  1.7109e-006
ln_F(284,2)     -6.40295 1.37337e-006
ln_F(284,3)     -4.85951 1.30086e-007
ln_F(284,4)     -6.48903 6.02588e-009
ln_F(285,1)     -4.76228 8.50684e-007
ln_F(285,2)     -6.81179 1.09288e-006
ln_F(285,3)     -4.76767 5.61724e-007
ln_F(285,4)     -6.48903 6.02588e-009
ln_F(286,1)      -4.7617 7.20845e-007
ln_F(286,2)      -5.9934 6.26243e-007
ln_F(286,3)     -4.84494 -4.38637e-007
ln_F(286,4)     -6.48903 6.02588e-009
ln_F(287,1)     -4.28276 5.32866e-007
ln_F(287,2)     -4.37523 -6.2432e-007
ln_F(287,3)     -4.60004 1.06139e-006
ln_F(287,4)     -6.48903 6.02588e-009
ln_F(288,1)     -4.09675 7.12023e-007
ln_F(288,2)     -5.58716 5.29892e-007
ln_F(288,3)     -4.59728 1.81507e-007
ln_F(288,4)     -6.48903 6.02588e-009
ln_F(289,1)     -4.07212 1.20131e-006
ln_F(289,2)     -6.18044 1.15569e-006
ln_F(289,3)     -4.51489 9.21099e-007
ln_F(289,4)     -6.48903 6.02588e-009
ln_F(290,1)     -4.26227 1.20568e-006
ln_F(290,2)     -7.04485 6.85316e-007
ln_F(290,3)     -4.63162 1.81873e-007
ln_F(290,4)     -6.48903 6.02588e-009
ln_F(291,1)     -4.54111 6.07514e-007
ln_F(291,2)     -5.74594 -3.64759e-007
ln_F(291,3)     -5.11937 -1.6324e-007
ln_F(291,4)     -6.48903 6.02588e-009
ln_F(292,1)     -4.59753 -6.73904e-008
ln_F(292,2)     -5.79011 3.59505e-007
ln_F(292,3)     -5.23853 3.61049e-007
ln_F(292,4)     -6.48903 6.02588e-009
ln_F(293,1)     -4.58958 5.19293e-007
ln_F(293,2)      -5.1614  7.4612e-008
ln_F(293,3)     -5.22382 3.94873e-007
ln_F(293,4)     -6.48903 6.02588e-009
ln_F(294,1)      -3.3987 9.30009e-008
ln_F(294,2)      -4.7172    4.33e-007
ln_F(294,3)     -4.66312 -4.03817e-007
ln_F(294,4)     -6.48903 6.02588e-009
ln_F(295,1)     -3.65069 -4.26678e-008
ln_F(295,2)     -5.07056 7.76793e-008
ln_F(295,3)     -4.97144 1.34073e-007
ln_F(295,4)     -6.48903 6.02588e-009
ln_F(296,1)     -3.70332 -8.1248e-008
ln_F(296,2)     -6.43093 -3.02176e-007
ln_F(296,3)     -4.99726 -6.73136e-008
ln_F(296,4)     -6.48903 6.02588e-009
ln_F(297,1)     -3.71534 -2.43879e-007
ln_F(297,2)     -5.19109 6.58159e-007
ln_F(297,3)     -5.20811 -9.67778e-007
ln_F(297,4)     -6.48903 6.02588e-009
ln_F(298,1)     -3.59429 5.64714e-007
ln_F(298,2)     -5.04325 4.13222e-007
ln_F(298,3)     -4.86138 1.36401e-007
ln_F(298,4)     -6.48903 6.02588e-009
ln_F(299,1)     -4.50383 1.29011e-006
ln_F(299,2)     -4.61917 6.11732e-008
ln_F(299,3)     -5.25789 2.67657e-008
ln_F(299,4)     -6.48903 6.02588e-009
ln_F(300,1)     -4.59355 -5.07735e-007
ln_F(300,2)     -5.66913 -4.53253e-007
ln_F(300,3)       -5.288 -3.72905e-007
ln_F(300,4)     -6.48903 6.02588e-009
ln_F(301,1)     -4.59508 -1.89996e-007
ln_F(301,2)     -5.30038 -7.44099e-007
ln_F(301,3)     -5.39815 -8.28481e-007
ln_F(301,4)     -6.48903 6.02588e-009
ln_F(302,1)     -4.66481 4.99483e-007
ln_F(302,2)     -6.26731 -7.74489e-007
ln_F(302,3)     -5.20676 4.42337e-007
ln_F(302,4)     -6.48903 6.02588e-009
