ParName   Value   Gradient
ln_R_ave(1)      11.1697       2.2892
log_sel_beta1surv(1,1)     -4.15239    0.0271974
log_sel_beta2surv(1,1)            5  -0.00883212
ln_q(1,1)          -10  0.000779104
ln_F(1,1)     -2.05283  -0.00352873
ln_F(1,2)       -3.318 -0.000703223
ln_F(1,3)     0.850018     -6.05761
ln_F(1,4)            5    -0.016268
ln_F(1,5)     -1.72299   0.00228123
ln_F(1,6)           -5   -0.0383775
ln_F(1,7)     -1.36777   -0.0161411
ln_F(2,1)      1.32772  -0.00187596
ln_F(2,2)   -0.0992824     0.016154
ln_F(2,3)           -5    0.0334174
ln_F(2,4)            5    0.0572071
ln_F(2,5)     0.091325   0.00422807
ln_F(2,6)           -5   0.00445512
ln_F(2,7)      2.20748   0.00476058
ln_F(3,1)      1.98482   0.00175171
ln_F(3,2)     0.573359   -0.0090776
ln_F(3,3)           -5   0.00383642
ln_F(3,4)     -3.23348   0.00901591
ln_F(3,5)            5   0.00702282
ln_F(3,6)           -5   -0.0055136
ln_F(3,7)      2.83716    0.0011285
ln_F(4,1)      2.07479    0.0152893
ln_F(4,2)     0.678874   0.00486229
ln_F(4,3)           -5     -0.05169
ln_F(4,4)     -3.14554    0.0494931
ln_F(4,5)            5   -0.0633323
ln_F(4,6)           -5    -0.343872
ln_F(4,7)      2.92963  -0.00705102
ln_F(5,1)      2.21201   -0.0110292
ln_F(5,2)     0.768603  -0.00389162
ln_F(5,3)           -5    0.0278364
ln_F(5,4)     -3.30498  -0.00624307
ln_F(5,5)            5   -0.0636143
ln_F(5,6)           -5   -0.0338683
ln_F(5,7)      2.99076   0.00894779
ln_F(6,1)      2.28932   -0.0027422
ln_F(6,2)     0.853859 -0.000111371
ln_F(6,3)           -5   -0.0407256
ln_F(6,4)     -3.22154     0.009735
ln_F(6,5)            5   -0.0651066
ln_F(6,6)           -5   0.00851649
ln_F(6,7)       3.0692   0.00625689
ln_F(7,1)      2.37608    0.0218205
ln_F(7,2)     0.941548    0.0168503
ln_F(7,3)           -5    -0.305045
ln_F(7,4)     -3.13459   0.00509037
ln_F(7,5)            5    0.0452631
ln_F(7,6)           -5  -0.00714781
ln_F(7,7)       3.1545   0.00785023
ln_F(8,1)      2.45716   -0.0113985
ln_F(8,2)      1.03235    0.0489985
ln_F(8,3)           -5    0.0143478
ln_F(8,4)      -3.0435   -0.0167826
ln_F(8,5)            5    -0.136443
ln_F(8,6)           -5     0.119983
ln_F(8,7)       3.2396   -0.0120242
ln_F(9,1)      2.64552    0.0135809
ln_F(9,2)      1.13945   0.00335074
ln_F(9,3)     -4.46095   -0.0235594
ln_F(9,4)     -2.82936  -0.00359466
ln_F(9,5)            5    0.0066915
ln_F(9,6)           -5  -0.00567775
ln_F(9,7)      3.50597    0.0081211
ln_F(10,1)      2.73753  0.000226469
ln_F(10,2)      1.23921   0.00784158
ln_F(10,3)      -4.0718    -0.021649
ln_F(10,4)     -2.72893   -0.0109353
ln_F(10,5)            5   -0.0138675
ln_F(10,6)           -5   -0.0335818
ln_F(10,7)      3.59797   -0.0222056
ln_F(11,1)      2.84133   0.00863641
ln_F(11,2)      1.34702   0.00469595
ln_F(11,3)     -4.13511    0.0569967
ln_F(11,4)     -2.62025   -0.0180326
ln_F(11,5)            5  -0.00852039
ln_F(11,6)           -5  -0.00834313
ln_F(11,7)      3.69662   -0.0231771
ln_F(12,1)      2.94673    0.0182018
ln_F(12,2)       1.4635   -0.0142355
ln_F(12,3)     -4.23444    0.0503704
ln_F(12,4)     -2.50267  -0.00712753
ln_F(12,5)            5   -0.0301985
ln_F(12,6)           -5   0.00741916
ln_F(12,7)      3.80239   -0.0420466
ln_F(13,1)      3.08781   -0.0173782
ln_F(13,2)      1.69489   0.00512824
ln_F(13,3)     -3.84834   -0.0454085
ln_F(13,4)     -2.25786   -0.0138749
ln_F(13,5)            5    0.0483493
ln_F(13,6)           -5   0.00117214
ln_F(13,7)      3.97574   -0.0640013
ln_F(14,1)      3.19986   0.00863264
ln_F(14,2)      1.81728  0.000457443
ln_F(14,3)     -3.79331   -0.0319356
ln_F(14,4)     -2.13375   -0.0034855
ln_F(14,5)            5    -0.025879
ln_F(14,6)           -5   0.00297181
ln_F(14,7)      4.08461    0.0143044
ln_F(15,1)      3.32387  -0.00199219
ln_F(15,2)      1.94892    0.0101748
ln_F(15,3)     -4.00672    0.0170893
ln_F(15,4)     -1.99999  -0.00365511
ln_F(15,5)            5    0.0025785
ln_F(15,6)           -5 2.69157e-005
ln_F(15,7)      4.20082   -0.0289818
ln_F(16,1)      3.44542    0.0326209
ln_F(16,2)      2.08466  -0.00367563
ln_F(16,3)     -3.89378 -0.000371158
ln_F(16,4)     -1.86173  -0.00244046
ln_F(16,5)            5   -0.0112647
ln_F(16,6)           -5    0.0448184
ln_F(16,7)      4.31973   -0.0197016
ln_F(17,1)      3.57361  -0.00920638
ln_F(17,2)      2.05062  -0.00761071
ln_F(17,3)     -3.69933    0.0153289
ln_F(17,4)     -1.49491   0.00245388
ln_F(17,5)            5   -0.0447751
ln_F(17,6)           -5  -0.00904897
ln_F(17,7)      4.52313    0.0378221
ln_F(18,1)      3.69669   0.00254269
ln_F(18,2)      2.19385  -0.00410291
ln_F(18,3)      -3.7031   0.00060327
ln_F(18,4)     -1.35321  0.000629865
ln_F(18,5)            5   -0.0281662
ln_F(18,6)           -5    0.0509721
ln_F(18,7)      4.64275    0.0854824
ln_F(19,1)      3.82937   -0.0173057
ln_F(19,2)      2.34652   -0.0109315
ln_F(19,3)     -3.77579   -0.0504231
ln_F(19,4)       -1.205   0.00439112
ln_F(19,5)            5   0.00595974
ln_F(19,6)           -5    0.0203527
ln_F(19,7)      4.76707  0.000628207
ln_F(20,1)      3.95536   -0.0304472
ln_F(20,2)      2.49371   0.00653779
ln_F(20,3)     -3.77519      -0.0261
ln_F(20,4)     -1.05479   0.00331349
ln_F(20,5)            5    0.0342845
ln_F(20,6)           -5  -0.00434844
ln_F(20,7)      4.89243   -0.0510257
ln_F(21,1)      4.32387   -0.0302444
ln_F(21,2)      2.52674   0.00211869
ln_F(21,3)     -3.71148  -0.00881461
ln_F(21,4)    -0.264408  -0.00295583
ln_F(21,5)            5   -0.0332858
ln_F(21,6)           -5  -0.00426523
ln_F(21,7)            5   -0.0170309
ln_F(22,1)      4.44283   0.00254566
ln_F(22,2)      2.67194   -0.0138955
ln_F(22,3)      -3.7299  -0.00860217
ln_F(22,4)   -0.0504288    0.0021577
ln_F(22,5)            5  0.000924286
ln_F(22,6)           -5   -0.0221607
ln_F(22,7)            5     0.010495
ln_F(23,1)      4.56559    0.0205795
ln_F(23,2)      2.82651  -0.00919664
ln_F(23,3)     -3.90179   -0.0312959
ln_F(23,4)    0.0746306   0.00372165
ln_F(23,5)            5   0.00393148
ln_F(23,6)           -5  -0.00660251
ln_F(23,7)            5  -0.00517749
ln_F(24,1)      4.68139    0.0164014
ln_F(24,2)      2.96257 -0.000511244
ln_F(24,3)     -3.84005  -0.00511051
ln_F(24,4)     0.191286   0.00339651
ln_F(24,5)            5  -0.00679208
ln_F(24,6)           -5    -0.045435
ln_F(24,7)            5    0.0146214
ln_F(25,1)      4.64569   -0.0223962
ln_F(25,2)      3.09304   -0.0012665
ln_F(25,3)     -3.65551  -0.00789869
ln_F(25,4)     0.402014   -0.0466943
ln_F(25,5)            5    0.0577032
ln_F(25,6)           -5    -0.102119
ln_F(25,7)            5   -0.0250799
ln_F(26,1)      4.74091  -0.00342701
ln_F(26,2)      3.20274   0.00159735
ln_F(26,3)     -3.61118 -0.000827151
ln_F(26,4)     0.583074  -0.00275891
ln_F(26,5)            5    0.0415437
ln_F(26,6)           -5   0.00765817
ln_F(26,7)            5   -0.0081004
ln_F(27,1)      4.86716   0.00151264
ln_F(27,2)      3.39326   -0.0134704
ln_F(27,3)     -3.91555   -0.0210454
ln_F(27,4)     0.700929 -0.000953619
ln_F(27,5)            5  0.000979429
ln_F(27,6)           -5   -0.0143481
ln_F(27,7)            5   -0.0365184
ln_F(28,1)      4.99539 -0.000643429
ln_F(28,2)      3.52093 -0.000533635
ln_F(28,3)     -3.69168    0.0250087
ln_F(28,4)     0.831554    0.0314068
ln_F(28,5)            5  -0.00968028
ln_F(28,6)           -5    0.0114855
ln_F(28,7)            5   -0.0301554
ln_F(29,1)            5   -0.0599509
ln_F(29,2)      3.76446   -0.0150864
ln_F(29,3)     -3.52441    0.0030581
ln_F(29,4)     0.859457   0.00679813
ln_F(29,5)            5    0.0137113
ln_F(29,6)           -5   0.00472083
ln_F(29,7)            5   -0.0297388
ln_F(30,1)            5    0.0048125
ln_F(30,2)      3.89031   0.00468128
ln_F(30,3)     -3.43715    0.0397139
ln_F(30,4)      1.03369  -0.00788805
ln_F(30,5)            5  -0.00174643
ln_F(30,6)           -5  -0.00332945
ln_F(30,7)            5   -0.0136684
ln_F(31,1)            5   -0.0151023
ln_F(31,2)      3.96431   0.00870991
ln_F(31,3)     -3.50513   -0.0218635
ln_F(31,4)      1.08946  -0.00255158
ln_F(31,5)      4.91905   -0.0351432
ln_F(31,6)           -5  0.000765773
ln_F(31,7)            5   -0.0261861
ln_F(32,1)        3.118   -0.0230895
ln_F(32,2)      1.84605  -0.00599566
ln_F(32,3)     -3.33018   -0.0603017
ln_F(32,4)      -1.0753   -0.0118234
ln_F(32,5)       1.2356   -0.0120913
ln_F(32,6)           -5    0.0706198
ln_F(32,7)       3.7412   0.00177183
ln_F(33,1)      1.86892    0.0067541
ln_F(33,2)     0.485206  -0.00626605
ln_F(33,3)     -2.88364   0.00335065
ln_F(33,4)      -1.9527   -0.0147227
ln_F(33,5)    -0.304669    0.0104366
ln_F(33,6)           -5    0.0113512
ln_F(33,7)      2.38474   -0.0245735
ln_F(34,1)     0.915554   -0.0105887
ln_F(34,2)     -0.31768  -0.00907515
ln_F(34,3)     -2.50279   -0.0205561
ln_F(34,4)     -2.68572   -0.0133269
ln_F(34,5)     -1.01396   -0.0874326
ln_F(34,6)           -5    0.0229576
ln_F(34,7)       1.3799   0.00678182
ln_F(35,1)    0.0958533   -0.0189092
ln_F(35,2)     -1.02333  -0.00911869
ln_F(35,3)     -2.36398   -0.0129385
ln_F(35,4)     -3.30882  -0.00692418
ln_F(35,5)     -1.70398   -0.0660543
ln_F(35,6)           -5   0.00571127
ln_F(35,7)     0.510549  0.000200502
ln_F(36,1)    -0.689245   -0.0145772
ln_F(36,2)      -1.7062  -0.00564344
ln_F(36,3)     -1.96377    -0.047071
ln_F(36,4)     -3.75032  -0.00420246
ln_F(36,5)     -2.87842   0.00891605
ln_F(36,6)           -5   0.00431355
ln_F(36,7)     -0.28417   -0.0332107
ln_F(37,1)     -1.36716  -0.00443466
ln_F(37,2)     -2.32831  -0.00482433
ln_F(37,3)     -1.83785    0.0183071
ln_F(37,4)     -3.93748    -0.012466
ln_F(37,5)     -2.84121   -0.0270111
ln_F(37,6)           -5   0.00347075
ln_F(37,7)     -1.09751  -0.00598203
ln_F(38,1)     -1.96985   -0.0240746
ln_F(38,2)     -2.93659   -0.0137141
ln_F(38,3)     -2.02241   -0.0258517
ln_F(38,4)     -4.12341    0.0062132
ln_F(38,5)     -3.17427   -0.0124897
ln_F(38,6)           -5    -0.026378
ln_F(38,7)      -1.6907 -0.000513648
ln_F(39,1)     -2.45413   -0.0284697
ln_F(39,2)     -3.28203   -0.0115895
ln_F(39,3)     -2.32537   -0.0279956
ln_F(39,4)     -4.27776  -0.00498767
ln_F(39,5)     -3.12429   -0.0425289
ln_F(39,6)           -5  -0.00450225
ln_F(39,7)     -1.94873   -0.0516022
ln_F(40,1)     -2.79193    0.0204316
ln_F(40,2)     -3.58722   -0.0140111
ln_F(40,3)     -2.46413   -0.0197469
ln_F(40,4)     -4.29852   -0.0324712
ln_F(40,5)     -3.50282   -0.0281969
ln_F(40,6)           -5    0.0665947
ln_F(40,7)     -2.53608   -0.0122585
ln_F(41,1)     -2.91171  -0.00381944
ln_F(41,2)     -3.88522   -0.0105397
ln_F(41,3)     -2.63764   -0.0230818
ln_F(41,4)     -4.17259  -0.00930947
ln_F(41,5)     -3.34807   -0.0551998
ln_F(41,6)           -5    0.0110069
ln_F(41,7)      -2.6626   -0.0197517
ln_F(42,1)     -2.93708   -0.0136711
ln_F(42,2)     -3.93636  -0.00360442
ln_F(42,3)     -2.85555  -0.00821386
ln_F(42,4)     -4.04958   -0.0053107
ln_F(42,5)     -3.28967    0.0153137
ln_F(42,6)           -5   -0.0424866
ln_F(42,7)     -2.66698   -0.0181923
ln_F(43,1)     -2.80862   0.00455056
ln_F(43,2)     -3.68647   -0.0197524
ln_F(43,3)     -2.93155    0.0081699
ln_F(43,4)     -3.93857   -0.0146603
ln_F(43,5)     -2.90189    -0.017373
ln_F(43,6)           -5    -0.026728
ln_F(43,7)      -2.4926   -0.0440611
ln_F(44,1)     -2.60247   -0.0177827
ln_F(44,2)     -3.47186   -0.0114052
ln_F(44,3)     -2.86759  0.000774494
ln_F(44,4)     -3.73355   -0.0132954
ln_F(44,5)     -2.95494   0.00186332
ln_F(44,6)           -5   -0.0840392
ln_F(44,7)     -2.39867   -0.0365658
ln_F(45,1)     -2.24557  -0.00742275
ln_F(45,2)     -3.29019   -0.0133436
ln_F(45,3)     -2.88252   -0.0413346
ln_F(45,4)     -3.42944   -0.0193214
ln_F(45,5)     -2.52168  -0.00776259
ln_F(45,6)           -5    0.0220638
ln_F(45,7)      -1.9375  -0.00458739
ln_F(46,1)     -1.83395  -0.00363508
ln_F(46,2)     -2.96714  -0.00659276
ln_F(46,3)      -2.7561  -0.00308764
ln_F(46,4)     -3.23503   -0.0210428
ln_F(46,5)     -2.34545   -0.0286986
ln_F(46,6)           -5   -0.0140079
ln_F(46,7)      -1.5295   0.00528119
ln_F(47,1)     -1.32284   -0.0230569
ln_F(47,2)     -2.53924   -0.0102129
ln_F(47,3)     -2.74457   -0.0222259
ln_F(47,4)     -3.19272   -0.0096506
ln_F(47,5)     -1.89294  -0.00264086
ln_F(47,6)           -5   -0.0275148
ln_F(47,7)     -1.03006   -0.0141013
ln_F(48,1)     -1.15149  -0.00243645
ln_F(48,2)     -2.41727  -0.00693664
ln_F(48,3)     -2.32283   -0.0714904
ln_F(48,4)     -3.23998   -0.0142858
ln_F(48,5)     -2.25575   -0.0158562
ln_F(48,6)           -5    0.0290289
ln_F(48,7)    -0.930362   -0.0241475
ln_F(49,1)     -1.24143  -0.00770195
ln_F(49,2)     -2.61819  -0.00477202
ln_F(49,3)     -2.13718   -0.0286223
ln_F(49,4)     -3.39325  -0.00795965
ln_F(49,5)     -2.27726   -0.0215623
ln_F(49,6)           -5   -0.0152263
ln_F(49,7)    -0.779159   -0.0189863
ln_F(50,1)     -1.46983   -0.0189299
ln_F(50,2)     -2.78468 -0.000650618
ln_F(50,3)     -1.98089    0.0165552
ln_F(50,4)     -3.54911   -0.0119114
ln_F(50,5)     -2.63967   -0.0260966
ln_F(50,6)           -5  -0.00765329
ln_F(50,7)     -1.10384   0.00525825
ln_F(51,1)     -1.65233   -0.0209385
ln_F(51,2)      -2.9513  -0.00463455
ln_F(51,3)     -2.06608  -0.00253608
ln_F(51,4)     -3.75994  -0.00825503
ln_F(51,5)     -2.61573   -0.0174702
ln_F(51,6)           -5   -0.0228972
ln_F(51,7)      -1.3445    0.0228884
ln_F(52,1)     -2.04219  -0.00373397
ln_F(52,2)     -3.25916  -0.00331633
ln_F(52,3)     -2.26576   -0.0170237
ln_F(52,4)     -3.84235  -0.00187806
ln_F(52,5)     -3.03628   -0.0198947
ln_F(52,6)           -5   -0.0319883
ln_F(52,7)      -1.8298  -0.00608902
ln_F(53,1)     -2.38156  0.000802202
ln_F(53,2)     -3.55622  -0.00101195
ln_F(53,3)     -2.30859   -0.0418626
ln_F(53,4)     -3.99674  -0.00197826
ln_F(53,5)     -3.09134   -0.0138244
ln_F(53,6)           -5   -0.0039249
ln_F(53,7)     -2.05448  -0.00669162
ln_F(54,1)     -2.56713   -0.0115457
ln_F(54,2)     -3.67561  -0.00860452
ln_F(54,3)     -2.51552   -0.0293536
ln_F(54,4)     -3.95898   -0.0070779
ln_F(54,5)     -3.20326   -0.0125077
ln_F(54,6)           -5   -0.0256873
ln_F(54,7)     -2.35152 -0.000120442
ln_F(55,1)     -2.52914  -0.00591945
ln_F(55,2)     -3.66454  -0.00812292
ln_F(55,3)     -2.72643  -0.00741134
ln_F(55,4)     -3.99567  -0.00920866
ln_F(55,5)     -2.97359  -0.00219999
ln_F(55,6)           -5   -0.0426167
ln_F(55,7)     -2.36615  -0.00895405
ln_F(56,1)     -2.59512   -0.0255539
ln_F(56,2)     -3.66587  -0.00263738
ln_F(56,3)     -2.77015   -0.0062367
ln_F(56,4)     -3.88967 -0.000499817
ln_F(56,5)     -3.16171  -0.00472524
ln_F(56,6)           -5   -0.0877869
ln_F(56,7)       -2.421  -0.00314805
ln_F(57,1)       -2.423   0.00232789
ln_F(57,2)     -3.66623  -0.00194547
ln_F(57,3)       -2.674   -0.0222872
ln_F(57,4)     -4.03301  0.000178934
ln_F(57,5)     -2.84003  -0.00254082
ln_F(57,6)           -5     0.207744
ln_F(57,7)     -2.23286  0.000883013
ln_F(58,1)     -2.21063   -0.0018469
ln_F(58,2)     -3.45069  0.000255458
ln_F(58,3)     -2.69403   -0.0255734
ln_F(58,4)     -3.86442  -0.00208952
ln_F(58,5)     -2.75877  -0.00642273
ln_F(58,6)           -5   0.00479439
ln_F(58,7)     -2.12008  -0.00993266
ln_F(59,1)     -1.79528   -0.0169005
ln_F(59,2)     -3.11361   -0.0020547
ln_F(59,3)     -2.67806   -0.0238721
ln_F(59,4)     -3.83619    -0.010168
ln_F(59,5)     -2.25463   -0.0189907
ln_F(59,6)           -5  -0.00936718
ln_F(59,7)     -1.72837  -0.00377211
ln_F(60,1)      -1.5489   0.00268946
ln_F(60,2)     -2.93022   0.00214525
ln_F(60,3)     -2.42559   -0.0141089
ln_F(60,4)     -3.75793  -0.00481251
ln_F(60,5)     -2.52502  -0.00941137
ln_F(60,6)           -5    0.0104158
ln_F(60,7)     -1.49247   -0.0130557
ln_F(61,1)     -1.33231  -0.00785429
ln_F(61,2)     -2.79938  -0.00346413
ln_F(61,3)     -2.20112     -0.01849
ln_F(61,4)     -3.67979  -0.00462978
ln_F(61,5)     -2.13871  -0.00617405
ln_F(61,6)           -5    0.0599457
ln_F(61,7)     -1.03873   0.00225892
ln_F(62,1)     -1.19132  -0.00458345
ln_F(62,2)     -2.72584  0.000572275
ln_F(62,3)     -2.00649 -0.000372204
ln_F(62,4)     -3.70036  0.000871059
ln_F(62,5)     -2.40043  -0.00966312
ln_F(62,6)           -5    0.0389914
ln_F(62,7)     -1.05704  -0.00773501
ln_F(63,1)     -1.18989 -0.000581825
ln_F(63,2)     -2.69151   0.00570427
ln_F(63,3)     -2.15371   -0.0186247
ln_F(63,4)     -3.90554  -0.00240814
ln_F(63,5)     -2.30566   -0.0123863
ln_F(63,6)           -5   0.00126626
ln_F(63,7)     -1.04698  -0.00386166
ln_F(64,1)     -1.55007   -0.0195334
ln_F(64,2)     -2.95473   -0.0012301
ln_F(64,3)     -1.93037  -0.00427184
ln_F(64,4)     -4.03184  -0.00173672
ln_F(64,5)     -2.93663   -0.0108975
ln_F(64,6)           -5    0.0668016
ln_F(64,7)     -1.44841    -0.012545
ln_F(65,1)     -1.93866  -0.00790351
ln_F(65,2)     -3.33195   0.00903765
ln_F(65,3)     -1.67135   -0.0240358
ln_F(65,4)     -4.17403   0.00250387
ln_F(65,5)     -2.93893   -0.0156884
ln_F(65,6)           -5   -0.0343726
ln_F(65,7)     -1.70597   -0.0313796
ln_F(66,1)     -2.16716   0.00947459
ln_F(66,2)     -3.48495    -0.001007
ln_F(66,3)     -1.88974   0.00564869
ln_F(66,4)     -4.18335  -0.00702773
ln_F(66,5)     -3.14976  0.000264315
ln_F(66,6)           -5  -0.00239815
ln_F(66,7)     -2.06579   -0.0140405
ln_F(67,1)     -2.27359   0.00970956
ln_F(67,2)     -3.55562   -0.0133891
ln_F(67,3)     -2.26454   -0.0136305
ln_F(67,4)     -4.27754  -0.00456168
ln_F(67,5)     -2.92283    0.0124542
ln_F(67,6)           -5   -0.0198075
ln_F(67,7)     -2.19639   0.00279432
ln_F(68,1)     -2.46474  -0.00733649
ln_F(68,2)     -3.68521  -0.00267032
ln_F(68,3)     -2.43218   -0.0704306
ln_F(68,4)     -4.23431   0.00662879
ln_F(68,5)     -3.30195 -0.000403122
ln_F(68,6)           -5   -0.0100306
ln_F(68,7)     -2.38094  -0.00822508
ln_F(69,1)     -2.56844    0.0272802
ln_F(69,2)     -3.75683  0.000850239
ln_F(69,3)     -2.49853   -0.0217161
ln_F(69,4)     -4.15823  -0.00272114
ln_F(69,5)      -3.0124  -0.00399031
ln_F(69,6)           -5   -0.0148864
ln_F(69,7)     -2.34876    0.0107675
ln_F(70,1)     -2.46219    0.0064377
ln_F(70,2)     -3.77184  0.000501195
ln_F(70,3)     -2.70068   -0.0054664
ln_F(70,4)     -4.00543   -0.0141922
ln_F(70,5)     -2.97409   -0.0236013
ln_F(70,6)           -5    0.0229254
ln_F(70,7)     -2.35432   0.00292646
ln_F(71,1)     -2.20786  -0.00246935
ln_F(71,2)     -3.56307  -0.00229834
ln_F(71,3)     -2.73202   0.00240092
ln_F(71,4)     -3.92336  -0.00149395
ln_F(71,5)     -2.52398    0.0295883
ln_F(71,6)           -5    0.0187515
ln_F(71,7)     -2.12279   -0.0130059
ln_F(72,1)      -2.0253  -0.00239612
ln_F(72,2)     -3.13244  -0.00992201
ln_F(72,3)     -2.58762   -0.0304656
ln_F(72,4)     -3.84648    0.0113969
ln_F(72,5)     -2.76457   0.00670308
ln_F(72,6)           -5   0.00705471
ln_F(72,7)     -1.92334   -0.0226316
ln_F(73,1)     -1.86506  -0.00439712
ln_F(73,2)     -3.08098  -0.00590191
ln_F(73,3)     -2.60584   -0.0035312
ln_F(73,4)     -2.26987 -0.000946662
ln_F(73,5)     -2.75415  0.000854248
ln_F(73,6)           -5  -0.00291301
ln_F(73,7)     -1.47614  -0.00325087
ln_F(74,1)     -1.55588   0.00332925
ln_F(74,2)     -2.83982   0.00290648
ln_F(74,3)     -2.52493    0.0078051
ln_F(74,4)     -2.44189   -0.0166182
ln_F(74,5)     -2.80062    -0.020278
ln_F(74,6)           -5    0.0165825
ln_F(74,7)     -1.24883    0.0087696
ln_F(75,1)     -1.30297 -0.000895571
ln_F(75,2)     -2.76422   0.00292839
ln_F(75,3)     -2.17825  -0.00627038
ln_F(75,4)      -2.0916  -0.00458134
ln_F(75,5)     -2.94771   0.00773787
ln_F(75,6)           -5   -0.0518344
ln_F(75,7)     -1.04601   0.00177478
ln_F(76,1)     -1.45957   0.00399113
ln_F(76,2)      -2.6516   0.00984541
ln_F(76,3)     -2.08888   0.00136074
ln_F(76,4)     -3.03636   0.00463707
ln_F(76,5)     -3.03019   0.00334644
ln_F(76,6)           -5    0.0824511
ln_F(76,7)     -1.12292   0.00159487
ln_F(77,1)      -1.8546   -0.0032654
ln_F(77,2)     -2.95465    0.0116989
ln_F(77,3)      -2.0301   -0.0265177
ln_F(77,4)     -3.01283  0.000208985
ln_F(77,5)     -3.14581  -0.00567091
ln_F(77,6)           -5 -0.000841972
ln_F(77,7)     -1.33275   0.00264002
ln_F(78,1)     -2.12679   0.00582561
ln_F(78,2)      -3.1781   0.00834999
ln_F(78,3)     -2.05079   -0.0360751
ln_F(78,4)     -3.27623   -0.0118748
ln_F(78,5)     -3.47122  -0.00708446
ln_F(78,6)           -5  -0.00998402
ln_F(78,7)     -1.73521  -0.00051202
ln_F(79,1)     -2.29712   0.00353684
ln_F(79,2)     -3.41694 -4.09016e-005
ln_F(79,3)       -2.256   -0.0188806
ln_F(79,4)     -3.16293  -0.00645175
ln_F(79,5)     -3.67712   0.00813335
ln_F(79,6)           -5   -0.0236701
ln_F(79,7)     -1.97798   0.00764592
ln_F(80,1)      -2.6072   0.00476338
ln_F(80,2)      -3.4364  -0.00166631
ln_F(80,3)      -2.5572   -0.0159394
ln_F(80,4)     -3.67094   -0.0105936
ln_F(80,5)     -3.59899   -0.0264322
ln_F(80,6)           -5    0.0037161
ln_F(80,7)     -2.26239 -0.000915608
ln_F(81,1)     -2.71061 -0.000981609
ln_F(81,2)     -3.65308   -0.0138206
ln_F(81,3)     -2.72692   -0.0197785
ln_F(81,4)     -3.22851    0.0019912
ln_F(81,5)     -3.46586   0.00778832
ln_F(81,6)           -5    0.0121425
ln_F(81,7)     -2.31353  -0.00442372
ln_F(82,1)     -2.73647  -0.00133557
ln_F(82,2)     -3.65124   0.00133258
ln_F(82,3)     -2.93892   0.00708425
ln_F(82,4)     -3.29081   -0.0159126
ln_F(82,5)     -3.51045  -0.00259513
ln_F(82,6)           -5   -0.0165481
ln_F(82,7)     -2.45893  -0.00177526
ln_F(83,1)     -2.59584   0.00131244
ln_F(83,2)     -3.62032   -0.0038857
ln_F(83,3)     -3.02977  -0.00830167
ln_F(83,4)     -2.77168   -0.0132685
ln_F(83,5)     -3.47876   -0.0100422
ln_F(83,6)           -5   -0.0493233
ln_F(83,7)     -2.36357  -0.00886367
ln_F(84,1)     -2.52404  -0.00874443
ln_F(84,2)     -3.35421 -7.34096e-005
ln_F(84,3)     -3.06039  -0.00179984
ln_F(84,4)     -3.52215  -0.00805401
ln_F(84,5)     -3.24604  -0.00514942
ln_F(84,6)           -5  -0.00454813
ln_F(84,7)     -2.27128  -0.00841675
ln_F(85,1)      -2.3805   0.00661255
ln_F(85,2)     -3.25831   -0.0104227
ln_F(85,3)     -3.08238   -0.0071907
ln_F(85,4)     -2.40804   -0.0064112
ln_F(85,5)     -2.85131  -0.00828564
ln_F(85,6)           -5    0.0274944
ln_F(85,7)      -1.8266   0.00326302
ln_F(86,1)     -2.09982    0.0282585
ln_F(86,2)      -2.9589  -0.00377726
ln_F(86,3)     -3.11233  -0.00359952
ln_F(86,4)     -2.29079    0.0037822
ln_F(86,5)     -2.75413   -0.0316714
ln_F(86,6)           -5   -0.0139988
ln_F(86,7)      -1.5164   -0.0179288
ln_F(87,1)     -1.64036  -0.00451601
ln_F(87,2)     -2.75596    -0.017441
ln_F(87,3)     -3.09341   -0.0120636
ln_F(87,4)     -1.79793   -0.0287165
ln_F(87,5)      -2.6982    0.0307129
ln_F(87,6)           -5   0.00627927
ln_F(87,7)     -1.25044 -0.000442494
ln_F(88,1)     -1.48104   0.00954075
ln_F(88,2)     -2.44273    0.0321808
ln_F(88,3)      -2.7443   -0.0191704
ln_F(88,4)     -2.35946   0.00134639
ln_F(88,5)     -2.63532   -0.0239204
ln_F(88,6)           -5  0.000105012
ln_F(88,7)     -1.07389    0.0199398
ln_F(89,1)     -1.05267  -0.00334799
ln_F(89,2)      -2.2752  -0.00850971
ln_F(89,3)     -2.63214    0.0151716
ln_F(89,4)     -2.45738   -0.0372633
ln_F(89,5)      -2.6463    0.0056371
ln_F(89,6)           -5    0.0684761
ln_F(89,7)    -0.940007    0.0242848
ln_F(90,1)      -1.2479    0.0256492
ln_F(90,2)     -2.42555   0.00202854
ln_F(90,3)     -2.63226   -0.0110926
ln_F(90,4)     -2.81455    0.0338261
ln_F(90,5)     -2.92635    0.0113993
ln_F(90,6)           -5    0.0474936
ln_F(90,7)     -1.14086    0.0142978
ln_F(91,1)     -1.51094   0.00609755
ln_F(91,2)     -2.64141 1.31539e-005
ln_F(91,3)     -2.65315   0.00362819
ln_F(91,4)      -2.5919   -0.0379732
ln_F(91,5)     -3.16932  -0.00232512
ln_F(91,6)           -5   -0.0304602
ln_F(91,7)     -1.44113  -0.00934026
ln_F(92,1)     -1.73499   0.00714461
ln_F(92,2)     -2.69911    0.0198771
ln_F(92,3)     -2.55312   -0.0270058
ln_F(92,4)     -3.12673   -0.0102313
ln_F(92,5)     -3.24676  -0.00350567
ln_F(92,6)           -5  -0.00881173
ln_F(92,7)     -1.74586   0.00566033
ln_F(93,1)     -2.02046    0.0221697
ln_F(93,2)     -3.01774    0.0337512
ln_F(93,3)     -2.77508   -0.0157845
ln_F(93,4)     -4.73579   -0.0106492
ln_F(93,5)       -3.087    0.0690533
ln_F(93,6)           -5  -0.00406994
ln_F(93,7)     -1.90844   -0.0184026
ln_F(94,1)      -2.3743    0.0253472
ln_F(94,2)     -3.22238 -0.000774852
ln_F(94,3)     -2.99138   -0.0176981
ln_F(94,4)     -4.70162    0.0110335
ln_F(94,5)     -3.05794  -0.00948196
ln_F(94,6)           -5  -0.00114995
ln_F(94,7)     -2.11947    0.0438611
ln_F(95,1)     -2.39264   -0.0117261
ln_F(95,2)     -3.57658   -0.0582591
ln_F(95,3)      -3.0405   0.00151525
ln_F(95,4)     -4.72206   0.00661131
ln_F(95,5)     -2.86707 -8.60998e-005
ln_F(95,6)           -5   0.00851908
ln_F(95,7)     -2.26243 -0.000748141
ln_F(96,1)     -2.52582   0.00169797
ln_F(96,2)     -3.26273    0.0130571
ln_F(96,3)     -3.02694   -0.0367975
ln_F(96,4)     -4.72571   0.00552184
ln_F(96,5)     -3.42671  -0.00158868
ln_F(96,6)           -5   -0.0157553
ln_F(96,7)     -2.27597   -0.0069941
ln_F(97,1)     -2.23595 -0.000159423
ln_F(97,2)     -3.10824   0.00333833
ln_F(97,3)     -3.29145  -0.00176186
ln_F(97,4)     -4.31821   0.00669715
ln_F(97,5)     -2.86443   0.00145555
ln_F(97,6)           -5    -0.019734
ln_F(97,7)     -2.22078  -0.00368944
ln_F(98,1)     -2.23675   0.00263355
ln_F(98,2)     -3.19161  -0.00224699
ln_F(98,3)     -3.24505   0.00849807
ln_F(98,4)     -4.19471 -0.000614829
ln_F(98,5)     -2.98781   -0.0005386
ln_F(98,6)           -5   -0.0316431
ln_F(98,7)     -2.03761  -0.00193152
ln_F(99,1)     -1.96173   0.00297053
ln_F(99,2)     -3.17656  -0.00201112
ln_F(99,3)     -3.19622   0.00469637
ln_F(99,4)      -4.1739    0.0018919
ln_F(99,5)     -2.42311  -0.00353636
ln_F(99,6)           -5  -0.00283134
ln_F(99,7)     -1.68825    0.0059738
ln_F(100,1)     -1.87205   -0.0155357
ln_F(100,2)     -2.71505  -0.00269124
ln_F(100,3)     -3.09847   0.00858524
ln_F(100,4)     -4.20324  -0.00568687
ln_F(100,5)     -2.76414   -0.0078949
ln_F(100,6)           -5    0.0140505
ln_F(100,7)     -1.64925  0.000745745
ln_F(101,1)     -1.62749   -0.0142738
ln_F(101,2)     -2.60587  -0.00448754
ln_F(101,3)     -2.94479   0.00514638
ln_F(101,4)     -4.35746   -0.0019706
ln_F(101,5)     -2.61613   0.00143338
ln_F(101,6)           -5  -0.00773585
ln_F(101,7)      -1.4346   0.00647657
ln_F(102,1)     -1.75355   -0.0183555
ln_F(102,2)     -2.81057    0.0036045
ln_F(102,3)      -2.7611  -0.00434907
ln_F(102,4)     -4.39616   0.00822121
ln_F(102,5)     -3.05533   0.00275178
ln_F(102,6)           -5    0.0146332
ln_F(102,7)     -1.38403   -0.0322834
ln_F(103,1)     -1.73382  0.000280901
ln_F(103,2)     -3.05337   0.00259927
ln_F(103,3)     -2.68121  -0.00659713
ln_F(103,4)     -4.53859 -0.000635991
ln_F(103,5)     -2.67048   -0.0162184
ln_F(103,6)           -5     -0.01969
ln_F(103,7)     -1.58963    0.0316912
ln_F(104,1)     -2.27937   -0.0026734
ln_F(104,2)     -3.07998   -0.0086489
ln_F(104,3)     -2.83892  -0.00985795
ln_F(104,4)     -4.83992   0.00600911
ln_F(104,5)     -3.47076  -0.00771957
ln_F(104,6)     -4.38185  -0.00183786
ln_F(104,7)     -2.06483    0.0135883
ln_F(105,1)     -2.03137  -0.00910203
ln_F(105,2)     -2.73575   -0.0151268
ln_F(105,3)     -2.65881   -0.0246175
ln_F(105,4)     -4.11706  -0.00899374
ln_F(105,5)     -2.97354   -0.0152026
ln_F(105,6)           -5    0.0401092
ln_F(105,7)     -1.81416  -0.00726465
ln_F(106,1)     -2.57175  -0.00804431
ln_F(106,2)     -3.53181   0.00107284
ln_F(106,3)     -3.09672    0.0126238
ln_F(106,4)     -4.53263  0.000668874
ln_F(106,5)     -3.75915   0.00101367
ln_F(106,6)           -5  -0.00715726
ln_F(106,7)     -2.38285   -0.0168966
ln_F(107,1)     -2.59724  -0.00195873
ln_F(107,2)     -3.82108   0.00670262
ln_F(107,3)     -3.28917 -0.000215057
ln_F(107,4)     -4.44263  0.000825748
ln_F(107,5)     -3.40555   0.00179336
ln_F(107,6)           -5   0.00280982
ln_F(107,7)     -2.44227    -0.010743
ln_F(108,1)      -2.6907   0.00486035
ln_F(108,2)     -3.42607 6.33688e-005
ln_F(108,3)     -3.12764  -0.00384222
ln_F(108,4)     -4.39262    0.0035162
ln_F(108,5)      -3.5237  0.000207539
ln_F(108,6)     -3.84726   0.00293213
ln_F(108,7)     -2.61151  0.000710081
ln_F(109,1)     -2.69069 -6.54212e-005
ln_F(109,2)     -3.58018   -0.0034522
ln_F(109,3)     -3.21415 -0.000203678
ln_F(109,4)     -3.58354  -0.00403687
ln_F(109,5)     -3.45861   0.00949276
ln_F(109,6)           -5  -0.00766256
ln_F(109,7)     -2.27203   0.00448893
ln_F(110,1)     -2.66553   0.00834317
ln_F(110,2)      -3.6763  -0.00404564
ln_F(110,3)     -3.25119   -0.0504351
ln_F(110,4)      -3.4186  -0.00081065
ln_F(110,5)     -3.93238 -0.000879847
ln_F(110,6)           -5   0.00267637
ln_F(110,7)     -2.49616  -0.00563341
ln_F(111,1)     -2.33043   -0.0122199
ln_F(111,2)     -3.53832 -0.000674262
ln_F(111,3)     -3.10894   -0.0222993
ln_F(111,4)     -2.95356   0.00337449
ln_F(111,5)           -5   -0.0193772
ln_F(111,6)           -5   0.00389975
ln_F(111,7)     -2.16789   0.00220288
ln_F(112,1)     -2.31684  -0.00363091
ln_F(112,2)     -3.50899   0.00116173
ln_F(112,3)     -3.30916  0.000694554
ln_F(112,4)     -3.70691   0.00405086
ln_F(112,5)      -3.9153   0.00252975
ln_F(112,6)     -4.85052   0.00341936
ln_F(112,7)     -2.32038  -0.00625547
ln_F(113,1)     -2.60174   0.00605939
ln_F(113,2)      -3.3226   0.00211925
ln_F(113,3)     -3.22258  -0.00346317
ln_F(113,4)     -3.28663   0.00161134
ln_F(113,5)     -3.35026   0.00538598
ln_F(113,6)           -5  0.000666905
ln_F(113,7)     -1.94005  -0.00441964
ln_F(114,1)     -2.73105  -0.00497121
ln_F(114,2)     -3.43919 -0.000377934
ln_F(114,3)     -3.23862  -0.00564893
ln_F(114,4)     -3.47851   0.00186675
ln_F(114,5)     -3.78901   0.00015127
ln_F(114,6)           -5    0.0185824
ln_F(114,7)     -1.94745  -0.00628502
ln_F(115,1)     -1.83669  -0.00221025
ln_F(115,2)     -3.40945   0.00111663
ln_F(115,3)     -3.16303  -0.00406705
ln_F(115,4)     -2.73196  -0.00327609
ln_F(115,5)           -5   -0.0209262
ln_F(115,6)           -5 -0.000392782
ln_F(115,7)      -1.7889   0.00515457
ln_F(116,1)     -2.39813  -0.00280355
ln_F(116,2)      -3.5361   0.00109537
ln_F(116,3)      -3.3733   -0.0183613
ln_F(116,4)      -4.0163   0.00393399
ln_F(116,5)     -4.56622    0.0051193
ln_F(116,6)           -5   0.00250285
ln_F(116,7)     -2.11693   -0.0102156
ln_F(117,1)     -2.57701   0.00322879
ln_F(117,2)     -3.46001  0.000783502
ln_F(117,3)     -3.23132     0.118158
ln_F(117,4)     -3.25755  -0.00196617
ln_F(117,5)     -3.43839 -0.000450063
ln_F(117,6)     -4.90554  -0.00790474
ln_F(117,7)     -1.96417   -0.0112514
ln_F(118,1)     -2.63566  -0.00149649
ln_F(118,2)     -3.65152  0.000500665
ln_F(118,3)     -3.11444    0.0124115
ln_F(118,4)     -3.17996  -0.00944147
ln_F(118,5)     -4.19694   0.00613257
ln_F(118,6)           -5    0.0135939
ln_F(118,7)     -1.58596   -0.0181469
ln_F(119,1)     -1.77679  0.000129454
ln_F(119,2)     -3.56763   0.00708919
ln_F(119,3)      -3.0828  -0.00368852
ln_F(119,4)     -2.76691    0.0130135
ln_F(119,5)           -5   0.00302423
ln_F(119,6)           -5    0.0171926
ln_F(119,7)     -1.88722 -0.000982095
ln_F(120,1)      -2.5796    0.0133801
ln_F(120,2)     -3.73639     0.017629
ln_F(120,3)     -3.21783    0.0185314
ln_F(120,4)     -3.77463   0.00735679
ln_F(120,5)     -3.96866    0.0120146
ln_F(120,6)           -5    0.0162639
ln_F(120,7)     -2.18065     0.013748
ln_F(121,1)     -2.85084   0.00553237
ln_F(121,2)     -3.97939   0.00370847
ln_F(121,3)     -3.20566    0.0128684
ln_F(121,4)     -3.41113    0.0114242
ln_F(121,5)     -3.69678   0.00119346
ln_F(121,6)     -4.15789 -0.000377126
ln_F(121,7)     -2.40381   0.00108885
ln_F(122,1)     -2.83931   0.00795026
ln_F(122,2)     -4.25538   0.00573938
ln_F(122,3)     -3.09269    0.0122484
ln_F(122,4)     -3.84978    0.0165989
ln_F(122,5)     -4.21029    0.0147175
ln_F(122,6)     -4.92316  -0.00018285
ln_F(122,7)     -2.13069   0.00765065
ln_F(123,1)      -2.5339  0.000119774
ln_F(123,2)     -4.19732 -0.000902007
ln_F(123,3)     -3.17062     -0.12766
ln_F(123,4)     -2.63503  -0.00381877
ln_F(123,5)           -5  -0.00467186
ln_F(123,6)           -5   0.00671259
ln_F(123,7)     -2.23135   0.00105411
ln_F(124,1)     -2.52977   0.00453428
ln_F(124,2)     -4.20386  0.000446326
ln_F(124,3)     -2.96022   -0.0475143
ln_F(124,4)     -3.40698  -0.00317746
ln_F(124,5)     -3.19472  -0.00111215
ln_F(124,6)     -3.64271   0.00583009
ln_F(124,7)     -2.38868     0.001522
ln_F(125,1)     -3.42298  0.000385634
ln_F(125,2)      -4.1938    0.0101045
ln_F(125,3)      -3.2628    0.0160776
ln_F(125,4)     -3.12808   0.00436942
ln_F(125,5)     -3.78618    0.0035341
ln_F(125,6)     -2.39603   0.00487123
ln_F(125,7)     -2.46776  0.000966374
ln_F(126,1)     -3.20552   0.00216182
ln_F(126,2)     -4.30876   0.00553725
ln_F(126,3)     -3.28708   -0.0255484
ln_F(126,4)      -2.6044   -0.0064107
ln_F(126,5)     -3.83655   0.00104602
ln_F(126,6)     -2.78442  -0.00127217
ln_F(126,7)     -2.41513 -0.000823953
ln_F(127,1)     -2.89648  0.000171154
ln_F(127,2)     -4.26907   0.00181528
ln_F(127,3)     -3.31036    0.0260017
ln_F(127,4)     -2.43613  -0.00269914
ln_F(127,5)           -5   0.00552231
ln_F(127,6)      -3.6302 9.11765e-005
ln_F(127,7)     -2.06695  -0.00680312
ln_F(128,1)     -3.07224  -0.00744113
ln_F(128,2)     -4.21207   0.00627533
ln_F(128,3)     -3.30822    -0.103171
ln_F(128,4)      -3.1387   0.00232811
ln_F(128,5)     -3.54822    0.0154506
ln_F(128,6)     -2.49289    0.0121934
ln_F(128,7)     -2.45478   0.00860294
ln_F(129,1)     -3.49911 -0.000277318
ln_F(129,2)     -3.98049   -0.0141303
ln_F(129,3)     -3.33699     0.230619
ln_F(129,4)     -2.75126    0.0313603
ln_F(129,5)     -4.23951    0.0134667
ln_F(129,6)     -2.07134    0.0130861
ln_F(129,7)     -2.32947   0.00617772
ln_F(130,1)     -3.28135    0.0199062
ln_F(130,2)     -4.09182    0.0016411
ln_F(130,3)     -3.53625     -0.13774
ln_F(130,4)     -2.55748   0.00289013
ln_F(130,5)           -5    0.0226718
ln_F(130,6)     -2.37377   0.00666956
ln_F(130,7)     -2.02912  -0.00676268
ln_F(131,1)     -2.75849   0.00941959
ln_F(131,2)     -4.01443    0.0083414
ln_F(131,3)     -3.79731   -0.0555988
ln_F(131,4)     -2.64312   -0.0675019
ln_F(131,5)           -5   -0.0010884
ln_F(131,6)     -1.72172  -0.00656631
ln_F(131,7)     -2.10241    0.0308986
ln_F(132,1)     -2.73082   0.00638163
ln_F(132,2)     -3.75619   0.00124412
ln_F(132,3)     -3.53123   -0.0337765
ln_F(132,4)     -2.70227   -0.0498356
ln_F(132,5)     -3.11786    -0.116062
ln_F(132,6)    -0.990779   -0.0280641
ln_F(132,7)     -2.27476  0.000735647
ln_F(133,1)     -3.40053   0.00280056
ln_F(133,2)     -3.82953   0.00631453
ln_F(133,3)      -3.2943     0.125777
ln_F(133,4)     -3.43887   0.00282818
ln_F(133,5)     -3.91372  -0.00302535
ln_F(133,6)     -1.46696  -0.00839679
ln_F(133,7)     -2.30946   0.00722496
ln_F(134,1)     -3.31927   0.00205954
ln_F(134,2)     -3.65967     -0.02003
ln_F(134,3)     -3.54186     0.121201
ln_F(134,4)     -3.66471   0.00410497
ln_F(134,5)     -4.46952   0.00129532
ln_F(134,6)     -1.95431  -0.00775229
ln_F(134,7)     -2.30343   0.00389476
ln_F(135,1)     -2.66762   0.00234988
ln_F(135,2)     -3.79308   0.00532632
ln_F(135,3)      -3.3814   -0.0502568
ln_F(135,4)     -3.03628   -0.0066187
ln_F(135,5)           -5  -0.00218351
ln_F(135,6)     -1.38396   -0.0287329
ln_F(135,7)      -1.5219   -0.0130425
ln_F(136,1)     -2.95714   0.00278285
ln_F(136,2)     -3.88611 -0.000348046
ln_F(136,3)     -3.16467 -0.000347977
ln_F(136,4)     -3.50781   0.00450832
ln_F(136,5)     -4.52384  -0.00122883
ln_F(136,6)    -0.976125   0.00423586
ln_F(136,7)     -1.95443   0.00735912
ln_F(137,1)     -3.97182   0.00852719
ln_F(137,2)     -3.91158   0.00485889
ln_F(137,3)     -2.86495   0.00270046
ln_F(137,4)     -3.24283  -0.00861296
ln_F(137,5)     -4.23348   0.00340878
ln_F(137,6)     -1.53881   -0.0165599
ln_F(137,7)     -2.14853   0.00189617
ln_F(138,1)     -3.92439   0.00545743
ln_F(138,2)      -4.1284    0.0070922
ln_F(138,3)     -3.06424   -0.0758784
ln_F(138,4)     -4.35228   0.00734307
ln_F(138,5)           -5   0.00810997
ln_F(138,6)     -1.73281  0.000565614
ln_F(138,7)     -2.18897   0.00769872
ln_F(139,1)     -3.87624 -0.000976173
ln_F(139,2)     -4.20462  -0.00178126
ln_F(139,3)     -3.57381   -0.0443258
ln_F(139,4)     -4.30265   0.00402129
ln_F(139,5)           -5    0.0181212
ln_F(139,6)      -1.8307   -0.0101708
ln_F(139,7)     -1.85032    -0.013455
ln_F(140,1)     -3.83813   0.00287218
ln_F(140,2)     -4.45274   0.00708711
ln_F(140,3)     -3.22783     0.206872
ln_F(140,4)     -3.95251  -0.00356968
ln_F(140,5)     -4.80841   0.00734854
ln_F(140,6)     -2.04811   -0.0105254
ln_F(140,7)     -2.63542    0.0109823
ln_F(141,1)      -4.5689   0.00211514
ln_F(141,2)     -4.06273   0.00926648
ln_F(141,3)     -3.24379     0.183181
ln_F(141,4)     -3.59516 -0.000187579
ln_F(141,5)     -4.43958    0.0065419
ln_F(141,6)     -2.13647   -0.0042896
ln_F(141,7)     -2.19959    0.0136809
ln_F(142,1)     -3.56238   0.00288817
ln_F(142,2)     -4.16255   0.00377187
ln_F(142,3)     -3.80686   -0.0150392
ln_F(142,4)     -3.98403   0.00588629
ln_F(142,5)     -4.72336   0.00307765
ln_F(142,6)     -2.17875   0.00817587
ln_F(142,7)     -2.27413  -0.00214994
ln_F(143,1)     -3.75149  -0.00388473
ln_F(143,2)      -4.1082    0.0066563
ln_F(143,3)     -3.82726   -0.0263553
ln_F(143,4)     -3.44982   0.00896228
ln_F(143,5)           -5  0.000428204
ln_F(143,6)      -1.6636   0.00148416
ln_F(143,7)     -1.88971   0.00375526
ln_F(144,1)     -3.70352  -0.00654775
ln_F(144,2)     -4.38562  -0.00986892
ln_F(144,3)     -3.13943   -0.0295796
ln_F(144,4)      -4.1547  0.000812278
ln_F(144,5)           -5   0.00561401
ln_F(144,6)     -1.98832   -0.0147033
ln_F(144,7)     -2.28417  0.000921277
ln_F(145,1)     -3.77503  -0.00303269
ln_F(145,2)     -3.70829  -0.00417634
ln_F(145,3)     -3.17878    -0.030752
ln_F(145,4)     -3.47448  0.000949763
ln_F(145,5)     -4.34025    0.0110351
ln_F(145,6)     -1.72477   -0.0149959
ln_F(145,7)      -2.1107   -0.0175187
ln_F(146,1)     -3.36981  -0.00310882
ln_F(146,2)     -4.14561  -0.00723424
ln_F(146,3)     -3.35735   -0.0137052
ln_F(146,4)     -4.34927  -0.00144207
ln_F(146,5)           -5  -0.00444409
ln_F(146,6)     -1.78457   -0.0228714
ln_F(146,7)     -2.17947  -0.00469981
ln_F(147,1)     -3.03152  -0.00423711
ln_F(147,2)     -4.21811  -0.00468877
ln_F(147,3)     -3.58483    0.0122641
ln_F(147,4)     -3.63821  0.000533951
ln_F(147,5)           -5   0.00437697
ln_F(147,6)     -1.33237  -0.00788496
ln_F(147,7)     -1.96826    -0.017731
ln_F(148,1)     -3.17388  -0.00285355
ln_F(148,2)     -3.83458   0.00728688
ln_F(148,3)     -3.28684    0.0107287
ln_F(148,4)     -4.14874  -0.00634195
ln_F(148,5)           -5    0.0020129
ln_F(148,6)     -1.22641   0.00175784
ln_F(148,7)     -2.20051   0.00255571
ln_F(149,1)     -3.08234  -0.00263995
ln_F(149,2)     -3.93985  -0.00249219
ln_F(149,3)     -3.22416   0.00137231
ln_F(149,4)     -3.65037  -0.00531111
ln_F(149,5)           -5 -0.000597365
ln_F(149,6)     -1.47634     0.014276
ln_F(149,7)      -2.3189  -0.00195765
ln_F(150,1)     -3.39363  0.000253871
ln_F(150,2)     -4.43858  -0.00944551
ln_F(150,3)     -3.63096  -0.00451043
ln_F(150,4)       -3.771   0.00234415
ln_F(150,5)           -5  -0.00308493
ln_F(150,6)     -1.82616   -0.0146107
ln_F(150,7)     -2.65167   0.00505904
ln_F(151,1)     -2.93471  -0.00924544
ln_F(151,2)     -4.47796   0.00052901
ln_F(151,3)     -3.82261   -0.0101143
ln_F(151,4)     -3.75847   0.00125233
ln_F(151,5)           -5   0.00682362
ln_F(151,6)     -1.75847   0.00248292
ln_F(151,7)     -2.41151   0.00404229
ln_F(152,1)     -3.02742  -0.00404098
ln_F(152,2)     -3.80035  -0.00205214
ln_F(152,3)     -2.87241    0.0128282
ln_F(152,4)     -4.05553   0.00543509
ln_F(152,5)     -4.39059   0.00317089
ln_F(152,6)     -1.87822 -0.000676595
ln_F(152,7)     -2.03518  -0.00757317
ln_F(153,1)     -3.58194  -0.00243085
ln_F(153,2)     -3.49085   0.00702178
ln_F(153,3)     -2.65609  -0.00315653
ln_F(153,4)     -4.90136  0.000636008
ln_F(153,5)     -4.66626   0.00849764
ln_F(153,6)     -1.47986   -0.0385154
ln_F(153,7)     -2.39271   0.00383073
ln_F(154,1)     -3.56937   0.00298718
ln_F(154,2)     -4.30067   0.00855923
ln_F(154,3)     -3.63701  -0.00528366
ln_F(154,4)           -5    0.0123011
ln_F(154,5)           -5   -0.0658292
ln_F(154,6)     -1.95578   -0.0348897
ln_F(154,7)      -2.7198  -0.00232735
ln_F(155,1)      -3.2472    0.0051628
ln_F(155,2)           -5  -0.00610733
ln_F(155,3)     -3.33627    0.0117708
ln_F(155,4)           -5   0.00672413
ln_F(155,5)     -4.51675  0.000776653
ln_F(155,6)     -1.70593   0.00986451
ln_F(155,7)     -2.48521  -0.00566114
ln_F(156,1)     -3.32741  0.000230726
ln_F(156,2)     -3.97328   0.00206487
ln_F(156,3)     -3.75795   -0.0021631
ln_F(156,4)     -4.90104 -0.000535034
ln_F(156,5)     -3.56577   0.00393073
ln_F(156,6)     -1.79686  -0.00509506
ln_F(156,7)      -2.4357    0.0145051
ln_F(157,1)     -3.91872  -0.00253434
ln_F(157,2)     -3.65938   0.00649435
ln_F(157,3)     -3.14619   -0.0146285
ln_F(157,4)           -5    0.0190813
ln_F(157,5)     -4.14833  0.000492773
ln_F(157,6)     -2.24319   -0.0167105
ln_F(157,7)     -2.66209  -0.00411996
ln_F(158,1)     -3.57025   0.00807815
ln_F(158,2)     -4.99497   0.00734021
ln_F(158,3)     -3.81004   -0.0177449
ln_F(158,4)           -5   0.00940608
ln_F(158,5)           -5   0.00610694
ln_F(158,6)     -2.55607  -0.00749323
ln_F(158,7)     -2.83691  -0.00952521
ln_F(159,1)     -3.35384   0.00135922
ln_F(159,2)           -5    0.0521831
ln_F(159,3)     -3.67095  -0.00832778
ln_F(159,4)           -5   0.00018916
ln_F(159,5)     -3.41893  -0.00314682
ln_F(159,6)     -2.05422   -0.0085672
ln_F(159,7)     -2.69701   -0.0131881
ln_F(160,1)     -3.37447  -0.00186088
ln_F(160,2)           -5   0.00158925
ln_F(160,3)     -4.42025   -0.0109025
ln_F(160,4)           -5    0.0164755
ln_F(160,5)     -4.27321   0.00535425
ln_F(160,6)     -2.31203   0.00924113
ln_F(160,7)     -3.00054  -0.00284011
ln_F(161,1)     -4.34677  0.000980211
ln_F(161,2)     -4.74613  -0.00114077
ln_F(161,3)     -3.52244  -0.00865832
ln_F(161,4)           -5 -0.000864385
ln_F(161,5)     -4.16701   0.00515725
ln_F(161,6)     -2.44114   -0.0132061
ln_F(161,7)     -2.87467  -0.00843344
ln_F(162,1)     -3.06206   0.00108172
ln_F(162,2)           -5    0.0087881
ln_F(162,3)     -3.23923 -6.42199e-005
ln_F(162,4)           -5   0.00244674
ln_F(162,5)           -5   0.00415481
ln_F(162,6)     -2.35941   0.00139114
ln_F(162,7)     -2.90409  -0.00299484
ln_F(163,1)     -3.54868  0.000831416
ln_F(163,2)           -5  -0.00220173
ln_F(163,3)     -3.32049   0.00628768
ln_F(163,4)     -4.98658   0.00426891
ln_F(163,5)     -3.97117   0.00217203
ln_F(163,6)     -2.28575  -0.00532595
ln_F(163,7)     -2.75478  -0.00159596
ln_F(164,1)     -3.22484   0.00747386
ln_F(164,2)     -3.60851   0.00694062
ln_F(164,3)     -3.24858  -0.00153675
ln_F(164,4)           -5    0.0101289
ln_F(164,5)     -4.09971   0.00190555
ln_F(164,6)     -2.32123   -0.0105578
ln_F(164,7)     -2.78835  -0.00711577
ln_F(165,1)     -4.41972   0.00279307
ln_F(165,2)     -3.62938  -0.00152784
ln_F(165,3)     -2.96366     0.013615
ln_F(165,4)     -4.92388   0.00978997
ln_F(165,5)     -4.61293   0.00482681
ln_F(165,6)     -2.16362 -0.000505131
ln_F(165,7)     -2.61577   -0.0099832
ln_F(166,1)      -3.3124   0.00730242
ln_F(166,2)     -4.73985  -0.00290839
ln_F(166,3)     -2.59172   0.00927165
ln_F(166,4)           -5   0.00615836
ln_F(166,5)     -4.67988 -6.83591e-005
ln_F(166,6)     -2.85662  -0.00440503
ln_F(166,7)     -2.74855  -0.00819482
ln_F(167,1)     -3.64499   0.00742584
ln_F(167,2)           -5  0.000718854
ln_F(167,3)      -2.8432  -0.00631342
ln_F(167,4)     -4.84797   0.00517941
ln_F(167,5)     -3.83233   0.00172237
ln_F(167,6)     -2.20308  -0.00514564
ln_F(167,7)     -2.63261  0.000879383
ln_F(168,1)     -3.10696  -0.00348193
ln_F(168,2)     -3.78504   0.00517833
ln_F(168,3)     -3.08644    -0.002827
ln_F(168,4)     -4.74724   0.00470078
ln_F(168,5)     -3.62174 -0.000218606
ln_F(168,6)     -2.32735  -0.00784686
ln_F(168,7)     -2.71668  0.000432286
ln_F(169,1)     -3.48312   0.00374389
ln_F(169,2)     -4.29154  -0.00351526
ln_F(169,3)     -3.24628    -0.016541
ln_F(169,4)     -4.45471   0.00294304
ln_F(169,5)     -3.36698   0.00216784
ln_F(169,6)     -2.07586   0.00161671
ln_F(169,7)     -2.54082   0.00859641
ln_F(170,1)     -2.74274   -0.0027524
ln_F(170,2)     -4.79556   0.00332105
ln_F(170,3)     -3.35023   0.00674545
ln_F(170,4)     -4.86339   0.00475231
ln_F(170,5)     -3.41796   0.00278489
ln_F(170,6)     -2.60907   0.00537451
ln_F(170,7)     -2.72352  -0.00516282
ln_F(171,1)     -3.25365  -0.00260635
ln_F(171,2)     -4.57733   0.00961647
ln_F(171,3)     -3.67774    0.0131041
ln_F(171,4)     -4.73689   0.00888208
ln_F(171,5)     -3.36545    0.0119602
ln_F(171,6)     -2.09918  -0.00510888
ln_F(171,7)     -2.48774  -0.00238481
ln_F(172,1)     -2.81215   0.00198425
ln_F(172,2)     -4.25254   0.00594786
ln_F(172,3)     -3.55078   0.00193604
ln_F(172,4)     -4.63109   0.00813778
ln_F(172,5)     -3.79931  0.000818113
ln_F(172,6)     -2.24398  -0.00532495
ln_F(172,7)       -2.734   -0.0020035
ln_F(173,1)      -4.0408     0.011103
ln_F(173,2)     -3.54342  -0.00527035
ln_F(173,3)     -3.82457   0.00463749
ln_F(173,4)     -4.89126    0.0168369
ln_F(173,5)     -3.29863   0.00609485
ln_F(173,6)     -1.92653   -0.0100346
ln_F(173,7)     -2.63147   -0.0105156
ln_F(174,1)     -2.68811   -0.0170548
ln_F(174,2)      -4.2706  -0.00621299
ln_F(174,3)     -3.77184  -0.00101567
ln_F(174,4)           -5    0.0190874
ln_F(174,5)     -3.68962   0.00859449
ln_F(174,6)     -1.90532   -0.0212616
ln_F(174,7)     -2.59676    0.0336089
ln_F(175,1)     -3.37666   0.00227256
ln_F(175,2)           -5   -0.0138709
ln_F(175,3)     -4.17016   0.00131751
ln_F(175,4)     -4.98623   0.00551523
ln_F(175,5)     -3.51508   0.00370724
ln_F(175,6)     -1.89102    0.0121389
ln_F(175,7)     -2.30578    0.0261572
ln_F(176,1)     -3.09067  -0.00161852
ln_F(176,2)     -4.50573   0.00395362
ln_F(176,3)      -3.5195  -0.00325641
ln_F(176,4)           -5   0.00737739
ln_F(176,5)     -3.43726   0.00164542
ln_F(176,6)     -2.11666   0.00451958
ln_F(176,7)     -2.56252   -0.0018308
ln_F(177,1)     -4.33176   0.00990936
ln_F(177,2)     -4.16162   0.00565513
ln_F(177,3)     -3.38309   -0.0031898
ln_F(177,4)     -4.90916    0.0053586
ln_F(177,5)     -3.58005   0.00555017
ln_F(177,6)     -2.46475  -0.00408181
ln_F(177,7)     -2.57605 -0.000677853
ln_F(178,1)     -2.89013  -0.00365193
ln_F(178,2)     -4.78854   0.00503826
ln_F(178,3)     -3.71373   0.00153119
ln_F(178,4)           -5   0.00374227
ln_F(178,5)     -3.82842  -0.00399214
ln_F(178,6)     -2.57777  -0.00703308
ln_F(178,7)     -2.67958  -0.00866488
ln_F(179,1)     -3.49138   -0.0051138
ln_F(179,2)           -5   0.00902459
ln_F(179,3)     -4.24044  -0.00338223
ln_F(179,4)     -4.91906    0.0202496
ln_F(179,5)     -3.78378   0.00400851
ln_F(179,6)     -1.68863  -0.00836338
ln_F(179,7)     -2.51438   0.00267331
ln_F(180,1)     -2.99275  -0.00338155
ln_F(180,2)     -4.04506   0.00403428
ln_F(180,3)     -3.63161   0.00248496
ln_F(180,4)     -4.79859   0.00495188
ln_F(180,5)     -3.80901   0.00689495
ln_F(180,6)     -1.51394   -0.0205098
ln_F(180,7)      -2.5887  -0.00751094
ln_F(181,1)     -4.29771    0.0067854
ln_F(181,2)     -3.71078   0.00405294
ln_F(181,3)     -3.63839   0.00195358
ln_F(181,4)     -4.76781   0.00689139
ln_F(181,5)     -4.11157   0.00891863
ln_F(181,6)     -1.73393   -0.0202288
ln_F(181,7)     -2.51192  0.000200845
ln_F(182,1)     -3.06442   0.00830526
ln_F(182,2)     -4.60039    0.0137072
ln_F(182,3)     -4.46054    0.0179542
ln_F(182,4)     -4.96601    0.0102449
ln_F(182,5)     -4.36622  -0.00285146
ln_F(182,6)      -1.9904    0.0098731
ln_F(182,7)      -2.5953   0.00445277
ln_F(183,1)     -3.74429   -0.0033855
ln_F(183,2)     -4.74001  -0.00012782
ln_F(183,3)     -4.01002    0.0140847
ln_F(183,4)     -4.73673      0.00988
ln_F(183,5)     -3.88182   0.00379881
ln_F(183,6)     -1.65725   0.00663552
ln_F(183,7)     -2.49877   0.00600617
ln_F(184,1)      -2.7309    0.0122694
ln_F(184,2)     -3.14855   -0.0100745
ln_F(184,3)     -3.28893  -0.00769513
ln_F(184,4)     -4.49678    0.0115677
ln_F(184,5)     -3.80877    0.0303356
ln_F(184,6)     -1.41388   -0.0515703
ln_F(184,7)     -2.47148     0.015523
ln_F(185,1)      -3.6262     0.017072
ln_F(185,2)     -3.80668    0.0212647
ln_F(185,3)     -3.28359   -0.0081673
ln_F(185,4)     -4.58886   0.00670431
ln_F(185,5)     -3.54134 -0.000931612
ln_F(185,6)     -1.91369   -0.0261842
ln_F(185,7)     -2.58541    0.0247062
ln_F(186,1)     -2.67987   0.00330588
ln_F(186,2)     -4.38211    0.0273203
ln_F(186,3)     -3.86513    0.0155805
ln_F(186,4)      -4.8333    0.0115528
ln_F(186,5)     -3.97937   0.00750983
ln_F(186,6)     -2.09178   0.00237388
ln_F(186,7)     -2.63721   0.00342355
ln_F(187,1)     -3.64201  -0.00383227
ln_F(187,2)           -5   -0.0103409
ln_F(187,3)     -4.41597  -0.00201742
ln_F(187,4)     -4.73582   0.00340462
ln_F(187,5)      -3.9331    0.0016283
ln_F(187,6)     -2.06553    -0.014764
ln_F(187,7)     -2.67066   0.00169023
ln_F(188,1)     -3.31977  -0.00356346
ln_F(188,2)     -3.91665   0.00763365
ln_F(188,3)      -3.5301    0.0696497
ln_F(188,4)     -4.75572   0.00600402
ln_F(188,5)     -3.50075  0.000375012
ln_F(188,6)     -2.13361    0.0108526
ln_F(188,7)     -2.81484   0.00172125
ln_F(189,1)     -3.80755   -0.0024936
ln_F(189,2)     -3.62733   0.00895816
ln_F(189,3)      -3.4645   0.00472279
ln_F(189,4)     -4.52776  -0.00328937
ln_F(189,5)     -4.08275  -0.00201298
ln_F(189,6)     -1.85861  -0.00401162
ln_F(189,7)     -2.61752   0.00879634
ln_F(190,1)     -2.84825   0.00771099
ln_F(190,2)     -4.17703   0.00997123
ln_F(190,3)     -4.05878   0.00721788
ln_F(190,4)     -4.66287   0.00384108
ln_F(190,5)     -4.61047    0.0050197
ln_F(190,6)     -1.76158   0.00505646
ln_F(190,7)     -2.69942    0.0039004
ln_F(191,1)     -3.47814   0.00368387
ln_F(191,2)      -4.3952   0.00884096
ln_F(191,3)     -4.10965     0.089316
ln_F(191,4)     -4.40726    0.0152522
ln_F(191,5)     -4.54629   0.00263881
ln_F(191,6)     -1.47526  -0.00646743
ln_F(191,7)      -2.6014   0.00699474
ln_F(192,1)     -3.01702   0.00396673
ln_F(192,2)     -4.16725   -0.0146391
ln_F(192,3)     -3.45989   0.00767923
ln_F(192,4)     -4.37645   0.00658856
ln_F(192,5)     -4.49218    0.0064272
ln_F(192,6)     -1.47849   -0.0193731
ln_F(192,7)      -2.6675   0.00316525
ln_F(193,1)     -4.07491  0.000580239
ln_F(193,2)     -4.08979   0.00769037
ln_F(193,3)     -3.61489   0.00843752
ln_F(193,4)     -4.73218    0.0148685
ln_F(193,5)     -4.89011  0.000525108
ln_F(193,6)     -2.13042  0.000163504
ln_F(193,7)     -2.72564  0.000315731
ln_F(194,1)     -3.16295    0.0286485
ln_F(194,2)     -4.64392   0.00267926
ln_F(194,3)     -3.84294   0.00326146
ln_F(194,4)     -4.86953  -0.00676559
ln_F(194,5)     -4.11722   0.00364209
ln_F(194,6)     -2.03852  -0.00786156
ln_F(194,7)     -2.79725   0.00549151
ln_F(195,1)     -3.08731     0.019705
ln_F(195,2)           -5    0.0133156
ln_F(195,3)     -4.09092    0.0251981
ln_F(195,4)     -4.34455   0.00463136
ln_F(195,5)     -3.61417   0.00905539
ln_F(195,6)     -1.50432    0.0142542
ln_F(195,7)      -2.5466 -0.000921865
ln_F(196,1)     -2.71252    0.0334801
ln_F(196,2)     -4.26059    0.0107653
ln_F(196,3)     -4.09151   0.00736004
ln_F(196,4)     -4.31453   0.00316915
ln_F(196,5)     -4.43127    0.0027304
ln_F(196,6)     -1.90608   -0.0224523
ln_F(196,7)     -2.59893  -0.00612325
ln_F(197,1)     -4.25869    0.0138288
ln_F(197,2)     -4.15013    0.0115927
ln_F(197,3)     -3.66487   0.00597952
ln_F(197,4)     -4.68554   -0.0016289
ln_F(197,5)     -4.27918   -0.0104989
ln_F(197,6)     -2.09483  -0.00363208
ln_F(197,7)     -2.78928   0.00363459
ln_F(198,1)     -3.14347   0.00744229
ln_F(198,2)     -4.85723   0.00353078
ln_F(198,3)     -4.24733   0.00435899
ln_F(198,4)     -4.87728   0.00542081
ln_F(198,5)     -4.63446    0.0208483
ln_F(198,6)     -2.20918  0.000395113
ln_F(198,7)     -2.84115    0.0269067
ln_F(199,1)      -4.1533  -0.00679823
ln_F(199,2)           -5    0.0145123
ln_F(199,3)     -4.39637   0.00935374
ln_F(199,4)     -4.68172    0.0210011
ln_F(199,5)     -3.77534   -0.0182775
ln_F(199,6)      -1.8589    0.0345783
ln_F(199,7)     -2.90532   -0.0105428
ln_F(200,1)      -3.4752  -0.00122843
ln_F(200,2)     -3.94232   0.00136993
ln_F(200,3)      -4.1964  -0.00779519
ln_F(200,4)     -4.79706    0.0110798
ln_F(200,5)     -4.04517   0.00580661
ln_F(200,6)     -1.97862  -0.00542602
ln_F(200,7)     -2.72448 -0.000379819
ln_F(201,1)     -4.39189  -0.00103403
ln_F(201,2)     -2.44056    -0.026663
ln_F(201,3)     -3.74637   0.00659058
ln_F(201,4)     -4.48486   0.00268769
ln_F(201,5)     -4.43252   0.00295383
ln_F(201,6)     -2.16309   -0.0142965
ln_F(201,7)     -2.71679   0.00920737
ln_F(202,1)     -3.33819   -0.0127022
ln_F(202,2)     -2.84207  0.000804632
ln_F(202,3)     -4.12637  -0.00184432
ln_F(202,4)     -4.88375    0.0247166
ln_F(202,5)      -3.9159   0.00148266
ln_F(202,6)     -2.20738  -0.00151303
ln_F(202,7)     -2.86743   0.00228547
ln_F(203,1)     -3.43932  -0.00210021
ln_F(203,2)     -3.79658  -0.00249523
ln_F(203,3)     -4.72481    0.0155288
ln_F(203,4)     -4.33848   -0.0027683
ln_F(203,5)     -3.43709    0.0158135
ln_F(203,6)     -1.59283    0.0013343
ln_F(203,7)     -2.69697  -0.00993845
ln_F(204,1)     -3.14032   0.00684959
ln_F(204,2)      -2.5625   0.00610381
ln_F(204,3)     -3.94901    0.0132009
ln_F(204,4)      -4.3614   0.00136898
ln_F(204,5)     -4.16663   0.00632638
ln_F(204,6)     -1.46495   0.00781902
ln_F(204,7)     -2.59189   0.00684423
ln_F(205,1)     -4.19266  -0.00672048
ln_F(205,2)     -2.65887    0.0238164
ln_F(205,3)     -3.74479    0.0228949
ln_F(205,4)     -4.05228   -0.0143758
ln_F(205,5)     -4.27995  -0.00232188
ln_F(205,6)      -1.5898    0.0104817
ln_F(205,7)     -2.54681    0.0354503
ln_F(206,1)      -2.7672   0.00626052
ln_F(206,2)     -2.97725   0.00235343
ln_F(206,3)     -3.91742  0.000837006
ln_F(206,4)      -4.2833   -0.0122828
ln_F(206,5)     -4.73336  -0.00432467
ln_F(206,6)     -2.05564    0.0099972
ln_F(206,7)      -2.6369    0.0125405
ln_F(207,1)     -3.09646    0.0089853
ln_F(207,2)      -3.3377   0.00847337
ln_F(207,3)     -4.20083    0.0100446
ln_F(207,4)     -3.88758  -0.00819499
ln_F(207,5)      -3.4891   0.00377594
ln_F(207,6)     -1.61093   0.00133431
ln_F(207,7)     -2.53493   0.00235719
ln_F(208,1)     -2.69034   -0.0145563
ln_F(208,2)     -2.12642    0.0167656
ln_F(208,3)     -3.85393     -0.01153
ln_F(208,4)     -3.81358    0.0177475
ln_F(208,5)     -3.71731   0.00658376
ln_F(208,6)     -1.40689     0.015177
ln_F(208,7)     -2.35024    0.0120455
ln_F(209,1)     -3.40517  -0.00689577
ln_F(209,2)     -1.97623    0.0165062
ln_F(209,3)     -3.06443   0.00367873
ln_F(209,4)     -3.70454   -0.0155255
ln_F(209,5)     -4.00757     0.012722
ln_F(209,6)     -1.78431  -0.00473575
ln_F(209,7)     -2.28425   -0.0538241
ln_F(210,1)     -2.66305   0.00174483
ln_F(210,2)     -3.54853     0.012607
ln_F(210,3)     -2.73766    0.0213016
ln_F(210,4)     -3.84364    0.0341558
ln_F(210,5)     -4.18774    0.0307792
ln_F(210,6)     -1.82947    0.0098183
ln_F(210,7)     -2.49473   0.00325829
ln_F(211,1)     -3.39066    0.0145786
ln_F(211,2)      -4.5127     0.010459
ln_F(211,3)     -3.54012   0.00900276
ln_F(211,4)      -4.0644  0.000574465
ln_F(211,5)     -3.89725   0.00366452
ln_F(211,6)     -1.46835  -0.00960087
ln_F(211,7)     -1.94922   0.00452869
ln_F(212,1)      -2.8444  0.000187793
ln_F(212,2)     -3.31272   -0.0447063
ln_F(212,3)     -3.05934   0.00284087
ln_F(212,4)     -3.69394   0.00362158
ln_F(212,5)     -3.64383   0.00502105
ln_F(212,6)     -1.35657   0.00659655
ln_F(212,7)     -1.83153   0.00287471
ln_F(213,1)     -3.59768  -0.00188198
ln_F(213,2)     -3.00459   0.00223432
ln_F(213,3)     -2.83055   0.00398401
ln_F(213,4)     -3.89931  0.000973707
ln_F(213,5)     -3.72713   0.00595349
ln_F(213,6)     -1.65601   0.00733863
ln_F(213,7)     -2.11648  -0.00775726
ln_F(214,1)     -2.96692   0.00534974
ln_F(214,2)     -3.38112   0.00538465
ln_F(214,3)     -2.95327   0.00934891
ln_F(214,4)     -3.92041   0.00710602
ln_F(214,5)      -3.9322   0.00722442
ln_F(214,6)     -1.98836  0.000966224
ln_F(214,7)     -2.39219   0.00737087
ln_F(215,1)     -3.10346   0.00695856
ln_F(215,2)     -4.78874   -0.0113041
ln_F(215,3)     -3.58942   0.00768037
ln_F(215,4)     -3.84892   0.00617671
ln_F(215,5)     -3.60746   0.00823466
ln_F(215,6)     -1.37154  -0.00188836
ln_F(215,7)     -2.19958    0.0016356
ln_F(216,1)      -3.2833   0.00631568
ln_F(216,2)     -3.81296   0.00797271
ln_F(216,3)     -3.43894  -0.00716637
ln_F(216,4)     -3.75416    0.0200621
ln_F(216,5)     -3.45411 -0.000894303
ln_F(216,6)     -1.56851    0.0166037
ln_F(216,7)     -2.39342    0.0182418
ln_F(217,1)     -3.19034   0.00280235
ln_F(217,2)     -3.37778   0.00752356
ln_F(217,3)     -3.10755     0.019326
ln_F(217,4)     -3.71166   0.00290751
ln_F(217,5)     -3.98034   0.00149961
ln_F(217,6)      -1.7293   -0.0222163
ln_F(217,7)     -1.81694   -0.0111452
ln_F(218,1)      -2.8023  -0.00379982
ln_F(218,2)     -3.72371   0.00156832
ln_F(218,3)     -3.55753   0.00243858
ln_F(218,4)     -3.80371  0.000902428
ln_F(218,5)     -3.84427 -0.000565077
ln_F(218,6)     -2.44715  -0.00264682
ln_F(218,7)     -2.81819  -0.00121786
ln_F(219,1)     -3.02618  -0.00253611
ln_F(219,2)     -4.45852  -0.00233583
ln_F(219,3)     -3.63237  -0.00156692
ln_F(219,4)     -3.51212 -0.000656389
ln_F(219,5)     -3.69755  -0.00649482
ln_F(219,6)     -1.27066    0.0157125
ln_F(219,7)      -2.3246  -0.00504908
ln_F(220,1)     -2.21976   0.00808061
ln_F(220,2)     -3.60593  0.000342567
ln_F(220,3)     -3.17962    0.0110925
ln_F(220,4)     -3.32734   0.00467035
ln_F(220,5)     -3.62122 -0.000265726
ln_F(220,6)     -1.02245    0.0172125
ln_F(220,7)     -2.20457   0.00917487
ln_F(221,1)      -3.5478   0.00119805
ln_F(221,2)     -3.22142  -0.00553908
ln_F(221,3)     -3.20709   0.00147422
ln_F(221,4)     -4.19764   0.00336416
ln_F(221,5)     -3.47473   0.00341894
ln_F(221,6)     -1.86858   0.00497511
ln_F(221,7)     -1.99397   0.00396734
ln_F(222,1)      -3.2131  -0.00197014
ln_F(222,2)        -2.95  -0.00165372
ln_F(222,3)     -3.59303  -0.00721238
ln_F(222,4)     -4.20275   0.00428744
ln_F(222,5)     -3.54632   0.00337348
ln_F(222,6)     -2.25578   0.00689612
ln_F(222,7)     -2.16362   0.00898245
ln_F(223,1)     -3.30075 -0.000168406
ln_F(223,2)     -3.88469  -0.00361044
ln_F(223,3)     -4.44519  -0.00414597
ln_F(223,4)     -4.18539   0.00714023
ln_F(223,5)     -3.43625   0.00801836
ln_F(223,6)     -1.45476   0.00478809
ln_F(223,7)     -2.11088  -0.00265129
ln_F(224,1)     -3.46442   0.00663461
ln_F(224,2)     -3.67046   0.00134947
ln_F(224,3)     -3.64865  0.000374254
ln_F(224,4)     -4.18781    0.0102084
ln_F(224,5)     -3.13113   0.00470429
ln_F(224,6)     -1.80823   0.00650804
ln_F(224,7)     -2.14611  -0.00843546
ln_F(225,1)     -3.53251  -0.00249656
ln_F(225,2)      -3.5411  -0.00123289
ln_F(225,3)     -3.34615 -0.000334217
ln_F(225,4)     -4.23031   0.00428183
ln_F(225,5)     -3.42311   0.00502261
ln_F(225,6)     -1.98198    0.0155476
ln_F(225,7)     -2.18625   0.00282175
ln_F(226,1)     -3.18848  -0.00422262
ln_F(226,2)     -3.99675   -0.0150542
ln_F(226,3)     -4.43583   0.00217239
ln_F(226,4)     -4.49705   0.00807012
ln_F(226,5)      -3.2027  -0.00351955
ln_F(226,6)     -2.08343   -0.0392535
ln_F(226,7)     -3.13421  0.000329037
ln_F(227,1)     -3.48397   0.00173337
ln_F(227,2)     -4.46738   -0.0111523
ln_F(227,3)           -5    0.0292808
ln_F(227,4)     -4.35964   0.00852209
ln_F(227,5)     -2.94011    0.0175711
ln_F(227,6)     -1.36546   -0.0265614
ln_F(227,7)     -2.97637  -0.00571473
ln_F(228,1)     -3.50135   -0.0044483
ln_F(228,2)      -4.0148    0.0146027
ln_F(228,3)     -3.89159   0.00843922
ln_F(228,4)     -4.39363   0.00710389
ln_F(228,5)     -3.27312   0.00212501
ln_F(228,6)     -1.37305   -0.0175112
ln_F(228,7)     -3.03236  -0.00230884
ln_F(229,1)     -4.41126   -0.0067978
ln_F(229,2)     -3.22063   -0.0066106
ln_F(229,3)     -4.04283    0.0116389
ln_F(229,4)     -4.55263   0.00307764
ln_F(229,5)      -3.6267   0.00721594
ln_F(229,6)     -1.66518   -0.0178981
ln_F(229,7)     -3.15332 -0.000635091
ln_F(230,1)     -2.54254  -0.00501875
ln_F(230,2)     -2.86242  -0.00180369
ln_F(230,3)     -4.63009   0.00614336
ln_F(230,4)     -4.10284  -0.00208985
ln_F(230,5)     -3.20946   0.00207229
ln_F(230,6)     -2.16282  -0.00123187
ln_F(230,7)      -3.1184  -0.00566872
ln_F(231,1)     -3.21956  -0.00332663
ln_F(231,2)     -3.74231 -0.000604521
ln_F(231,3)     -4.92426     0.013887
ln_F(231,4)     -4.05435   0.00148242
ln_F(231,5)      -3.1863   0.00317481
ln_F(231,6)     -1.28701   -0.0154589
ln_F(231,7)     -3.12557  -0.00279402
ln_F(232,1)     -3.17031  -0.00646621
ln_F(232,2)     -2.73233  -0.00735757
ln_F(232,3)     -4.07399  -0.00100922
ln_F(232,4)     -4.21783   0.00183779
ln_F(232,5)     -3.59997  0.000281723
ln_F(232,6)     -1.51926    0.0111323
ln_F(232,7)     -3.13403  -0.00482713
ln_F(233,1)     -2.71171  -0.00369409
ln_F(233,2)     -2.33559 -0.000563084
ln_F(233,3)     -3.91321   0.00629315
ln_F(233,4)     -4.22448  -0.00393203
ln_F(233,5)     -3.58909  -0.00215712
ln_F(233,6)     -1.27471   -0.0260662
ln_F(233,7)     -2.82417 -0.000856331
ln_F(234,1)     -2.79581  -0.00232823
ln_F(234,2)     -2.78354  -0.00433878
ln_F(234,3)           -5    0.0277438
ln_F(234,4)     -4.29064   0.00247159
ln_F(234,5)     -3.49984   0.00533802
ln_F(234,6)     -1.67823  -0.00279934
ln_F(234,7)     -2.94837  -0.00347391
ln_F(235,1)     -2.83258 -0.000466651
ln_F(235,2)     -4.34715  0.000816403
ln_F(235,3)           -5    0.0213969
ln_F(235,4)     -4.26599    0.0025056
ln_F(235,5)     -3.87942    0.0058753
ln_F(235,6)     -1.12309  -0.00509489
ln_F(235,7)     -2.70336  -0.00033292
ln_F(236,1)     -2.86741  -0.00155719
ln_F(236,2)     -3.99413   0.00165362
ln_F(236,3)     -3.85602   0.00167161
ln_F(236,4)      -4.3251    0.0203932
ln_F(236,5)      -3.6328   0.00792737
ln_F(236,6)     -1.28532   0.00302504
ln_F(236,7)     -2.79778  -0.00164823
ln_F(237,1)     -3.58701  -0.00218418
ln_F(237,2)     -3.29173    0.0016084
ln_F(237,3)     -3.75688   0.00299003
ln_F(237,4)     -4.65141    0.0114203
ln_F(237,5)     -4.20675  -0.00464735
ln_F(237,6)     -1.44835    0.0262726
ln_F(237,7)     -2.95369   0.00185468
ln_F(238,1)     -2.47852   0.00451441
ln_F(238,2)     -3.59468   0.00388118
ln_F(238,3)      -4.9844    0.0044652
ln_F(238,4)      -4.5865   -0.0019726
ln_F(238,5)     -3.87744  -0.00429781
ln_F(238,6)     -2.03981   0.00421126
ln_F(238,7)     -3.05076   0.00211943
ln_F(239,1)     -3.10359 5.37687e-005
ln_F(239,2)     -3.39478   0.00979598
ln_F(239,3)     -4.92917    -0.013016
ln_F(239,4)     -4.46397  -0.00153665
ln_F(239,5)     -3.17143   0.00273529
ln_F(239,6)     -1.28408  -0.00150725
ln_F(239,7)     -2.87128   0.00201803
ln_F(240,1)     -2.33473   0.00171971
ln_F(240,2)     -3.46383  -0.00763199
ln_F(240,3)     -4.16019  -0.00506822
ln_F(240,4)     -4.43375  -0.00964201
ln_F(240,5)     -3.85638   0.00696974
ln_F(240,6)     -1.09396   -0.0112098
ln_F(240,7)     -2.99524  -0.00192214
ln_F(241,1)     -2.01373  -0.00133136
ln_F(241,2)     -2.76634  -0.00332142
ln_F(241,3)     -3.33958  -0.00457742
ln_F(241,4)     -3.86669  0.000644269
ln_F(241,5)      -2.2196  -0.00877324
ln_F(241,6)     -1.08761  0.000907219
ln_F(241,7)     -2.40847  -0.00615914
ln_F(242,1)     -2.56809  -0.00813602
ln_F(242,2)     -2.99554   0.00316337
ln_F(242,3)     -4.09853  -0.00309333
ln_F(242,4)     -4.04637   -0.0119668
ln_F(242,5)     -3.26042  -0.00377806
ln_F(242,6)     -1.67574  -0.00108207
ln_F(242,7)     -2.28719   0.00388221
ln_F(243,1)     -2.11597  -0.00408655
ln_F(243,2)     -3.41215  0.000878985
ln_F(243,3)     -4.86408    0.0094493
ln_F(243,4)     -3.89744   -0.0131046
ln_F(243,5)     -3.20037   0.00926942
ln_F(243,6)     -1.14291  -0.00478549
ln_F(243,7)     -2.19886  -0.00788655
ln_F(244,1)     -2.03628   0.00565985
ln_F(244,2)     -2.73766  0.000382814
ln_F(244,3)     -4.49876   -0.0161023
ln_F(244,4)     -3.75405   0.00360442
ln_F(244,5)     -2.71698   0.00742227
ln_F(244,6)    -0.935575  -0.00563653
ln_F(244,7)     -2.07341   0.00639264
ln_F(245,1)     -2.11979   -0.0113954
ln_F(245,2)     -2.44356   -0.0109782
ln_F(245,3)     -3.79111  -0.00501478
ln_F(245,4)      -3.8053  -0.00216385
ln_F(245,5)     -2.39106  -0.00690184
ln_F(245,6)    -0.506398  -0.00676542
ln_F(245,7)     -1.78034  -0.00513626
ln_F(246,1)     -2.17897  -0.00700904
ln_F(246,2)     -3.04922   0.00904749
ln_F(246,3)     -3.91811   0.00856967
ln_F(246,4)     -3.93347   0.00306601
ln_F(246,5)      -2.9636  -0.00592439
ln_F(246,6)     -1.02094  -0.00582707
ln_F(246,7)     -1.87704   0.00171408
ln_F(247,1)     -1.57756  -0.00876968
ln_F(247,2)     -2.83485   0.00211339
ln_F(247,3)     -3.47603   0.00279443
ln_F(247,4)     -3.60697   0.00071573
ln_F(247,5)     -2.41258  0.000951527
ln_F(247,6)   -0.0862952   -0.0218355
ln_F(247,7)     -1.53858  -0.00898349
ln_F(248,1)    -0.622897   -0.0069129
ln_F(248,2)    -0.601478  -0.00678606
ln_F(248,3)     -2.61186   -0.0102818
ln_F(248,4)     -3.09167  -0.00919859
ln_F(248,5)     -1.86654  -0.00906602
ln_F(248,6)     0.277463    -0.007633
ln_F(248,7)    -0.182078   -0.0101755
ln_F(249,1)    -0.574738  -0.00293369
ln_F(249,2)    -0.127258   0.00107799
ln_F(249,3)     -2.46525   0.00175941
ln_F(249,4)     -3.01921   0.00996071
ln_F(249,5)      -2.1676   0.00180742
ln_F(249,6)     0.836748  0.000810513
ln_F(249,7)     0.205345  -0.00699121
ln_F(250,1)    -0.055675  -0.00678022
ln_F(250,2)     0.389558    0.0049398
ln_F(250,3)     -3.09861    0.0113067
ln_F(250,4)     -2.63782  -0.00650517
ln_F(250,5)     -1.73896   0.00523972
ln_F(250,6)      0.53238 -7.80141e-005
ln_F(250,7)     0.429194  0.000865431
ln_F(251,1)   -0.0460965   0.00156794
ln_F(251,2)     0.308555   0.00381779
ln_F(251,3)     -2.36645    0.0132842
ln_F(251,4)     -2.64411    0.0158448
ln_F(251,5)     -1.72117   0.00769314
ln_F(251,6)      1.29994  -0.00818038
ln_F(251,7)     0.743845    0.0031192
ln_F(252,1)     0.583346  -0.00669053
ln_F(252,2)      1.53183  -0.00291427
ln_F(252,3)     -1.66464  -0.00448374
ln_F(252,4)     -2.03187  -0.00300196
ln_F(252,5)      -1.3334   -0.0150015
ln_F(252,6)      1.71057  -0.00683362
ln_F(252,7)      1.25093  -0.00646746
ln_F(253,1)      1.15901 -0.000670088
ln_F(253,2)      2.67102   -0.0024859
ln_F(253,3)    -0.799481  -0.00804659
ln_F(253,4)     -1.64955  -0.00494921
ln_F(253,5)    -0.935147  -0.00556412
ln_F(253,6)       2.4262     0.024421
ln_F(253,7)      1.52577    0.0283389
ln_F(254,1)      1.51695  -0.00472441
ln_F(254,2)      1.15145    0.0239131
ln_F(254,3)     -1.03182   0.00540956
ln_F(254,4)     -1.41599    0.0542213
ln_F(254,5)    -0.861318    0.0202514
ln_F(254,6)      2.39151   0.00640671
ln_F(254,7)      1.70037   0.00434855
ln_F(255,1)      2.21767   0.00689003
ln_F(255,2)      1.41186     0.024623
ln_F(255,3)    -0.296898  -0.00479234
ln_F(255,4)    -0.831453     0.001691
ln_F(255,5)    -0.426351   0.00663404
ln_F(255,6)      3.26045  -0.00384301
ln_F(255,7)      2.29568   -0.0268957
ln_F(256,1)      3.67881   0.00467412
ln_F(256,2)      3.65879   0.00359101
ln_F(256,3)       1.4281   -0.0175796
ln_F(256,4)     0.728354   -0.0184467
ln_F(256,5)      1.66675   0.00202579
ln_F(256,6)            5  -0.00827956
ln_F(256,7)      3.78383  -0.00955546
